0,0.0074619711054315155,0.13427751129144652,2.0,86,601.1344801578852,1.04117395090066,2.0,94
1,0.006169702901803678,1.0846800693531367,2.0,10,0.0051558307088676834,0.042084889464248404,2.0,69,0.006169702901803678,1.0846800693531367,2.0,80,603.9936443242709,1.6546628472302634,2.0,84
2,0.007466850699476693,0.0806736912224389,2.0,65,0.011845541178613308,1.756333217901051,2.0,115
3,0.007466850699476693,0.0806736912224389,2.0,68
4,0.0007664703136153622,0.09650929845038964,2.0,50,0.0023456359878385436,1.822498279581398,2.0,165
5,0.012213770930428955,0.04634496322533349,2.0,123,601.3491740891857,0.8778705235137024,2.0,127
6,601.3491740891857,0.8778705235137024,2.0,7,0.015027819896906932,1.4863704654124683,2.0,27
7,0.0063984472526549645,1.5353680605875122,2.0,6,0.01949833282421718,0.03756159301859464,2.0,200
8,0.010895320643938671,1.6510227402773403,2.0,38,0.007211082258583241,0.029986891152046703,2.0,200
9,0.007824546321552231,0.08719748952544773,2.0,69
10,590.1641020087305,0.22597146701652715,2.0,13,0.007824546321552231,0.08719748952544773,2.0,37,0.009492144716302943,1.961819127420859,3.0,54
11,591.5613943774259,0.4433231738440967,2.0,23
12,591.5613943774259,0.4433231738440967,2.0,12,0.009237297128347487,0.12270788169770196,2.0,47
13,0.003072582086341919,0.03566257291780451,2.0,94
14,0.016078958042618902,1.407106065501538,2.0,200
15,0.02273842271087604,0.07447666367246916,2.0,129,0.008151838458286839,1.4367906902535945,2.0,200
16,0.011598914049266659,0.7746666989984557,2.0,70
17,0.005194497583164422,1.4950592767722928,2.0,200
18,597.2277557532669,0.43840058644068913,2.0,25
19,0.013616511821924075,1.9007081550457605,3.0,53
20,0.0024733562635128044,0.11649612505045703,2.0,111
21,0.02516111918626862,1.217572927479726,2.0,23
22,0.011257154223376519,1.7060779957742769,2.0,31
23,0.011257154223376519,1.7060779957742769,2.0,62,598.4191830275395,0.4663805369765844,2.0,69
24,0.0023374793429088076,1.3103002535639776,2.0,32
25,0.0023374793429088076,1.3103002535639776,2.0,94
26,612.3102863168448,1.1932057441119983,2.0,3,0.0014658071419685165,1.5468428266230925,2.0,114
27,605.2668949405472,0.8500486165043838,2.0,21
28,0.016277388501143263,0.03229757387162191,2.0,39,0.00801510024400018,1.8853925358321306,2.0,122
29,0.021394187856080285,1.8509587104395435,2.0,74,0.003340943813812995,0.09449006839364323,2.0,82
30,0.019075823352359994,0.1328319312856801,2.0,121,0.003921963273821674,1.7791945901271276,2.0,129
31,0.012099113058031416,0.09732529528102983,2.0,64
32,0.023440642241898683,0.4359160101162871,2.0,200
33,0.006558832309438585,0.007753243969371229,2.0,42
34,0.008206473751702638,1.6902278951907794,2.0,61,608.0397714512893,1.0412431433037823,2.0,64
35,0.02360997310441306,0.04229195504115704,2.0,25
36,0.008433176171223015,1.8031268131106033,2.0,8,0.00621791286770869,0.13160407667247387,2.0,96,602.5380824791141,0.901153994204538,2.0,99
37,0.0032412681081564055,0.1164646143269418,2.0,76
38,604.4597863977407,0.5093297940400886,2.0,25
39,0.006158201661192201,0.15600801155689306,2.0,100,0.013263276087187924,0.799516856378229,2.0,122
40,0.022793696505545205,1.4487498862089745,2.0,54,0.025948531161183813,0.04488095077903572,2.0,113,588.4057262827853,0.6405589999582385,2.0,117
41,0.002807882409346645,1.6967394505354425,2.0,50
42,0.0014553986416624544,1.668351453050644,2.0,69,606.5831518983798,0.911025318844229,2.0,72
43,593.2108485735706,0.3671495447113535,2.0,17,0.038038384478598225,0.08990931602484734,2.0,34
44,0.0028476076688466285,0.08965686934960171,2.0,68,0.0022415646531204355,1.3331550528552432,2.0,200
45,588.9982515939378,0.6711993624116817,2.0,13,0.02621050180165105,1.576999327730134,2.0,35,0.004550916334067425,0.0710502301164757,2.0,170
46,0.004530402324320159,0.07313116062659576,2.0,200
47,0.023842529415818523,1.9316673068908377,3.0,176
