0,0.055603663772955204,0.07817980353007159,2.0,80,28.303112216828833,0.9347722310020856,2.0,120
1,28.303112216828833,0.9347722310020856,2.0,24
2,0.03257700534654213,0.17918224061357807,2.0,200
3,0.012459798699951403,1.4301586335823158,2.0,19,0.011161885260761157,0.23228973652189863,2.0,25
4,0.021221872230043317,1.4610426303637745,2.0,4,0.009627119806116836,0.02290438831653155,2.0,22,25.396940397096266,1.0192335795771656,2.0,29
5,0.002003733915145434,0.7521333708548106,2.0,33,0.03518643622484973,0.102080148010502,2.0,54,0.002003733915145434,0.7521333708548106,2.0,139,28.02306242516317,1.0907653922802203,2.0,154
6,27.304560227629764,0.9355295065394057,2.0,4,0.014368850716290708,1.7028118338605862,2.0,96
7,26.645200281546902,0.4696273832437502,2.0,3,0.0010167190810810574,1.9610589812971542,3.0,35,0.044650945774919466,0.23470528606621144,2.0,46
8,26.42447024693619,0.9842707121528838,2.0,29
9,23.91746705823024,0.6584064653152941,2.0,30
10,0.018963080102906007,1.9105556369689176,3.0,4,0.012409924499655951,0.21417898442489597,2.0,75,0.018963080102906007,1.9105556369689176,3.0,83
11,0.0032581404508532953,0.14081473581044196,2.0,107,0.011514939066881743,1.7195400294794805,2.0,130
12,0.009751934123281522,0.8320066756530942,2.0,112,26.812855170980438,1.375376865031839,2.0,116
13,24.667351481574528,0.8346063236093936,2.0,20
14,24.667351481574528,0.8346063236093936,2.0,32
15,27.797902287561232,0.7141369478872455,2.0,71
16,0.00665877981998304,0.10520656469880788,2.0,200
17,27.656774387332153,0.960562964934804,2.0,141,0.0020321717291955955,1.9536062042883382,3.0,193
18,0.007812032898503227,1.6722979417174044,2.0,34,28.13641379816046,0.8232630852998644,2.0,38
19,28.13641379816046,0.8232630852998644,2.0,71
20,25.893031892644377,0.5929075257853125,2.0,50
21,25.893031892644377,0.5929075257853125,2.0,30,0.010088823859590035,0.05210845773667687,2.0,134,0.01462481191339659,1.0719676239551112,2.0,137
22,28.050588836152247,1.2990858771542162,2.0,38
23,0.009179214156102216,0.23305289605533802,2.0,120,0.018629511343357105,1.5661513642223288,2.0,200
24,27.208800838433554,0.8712001658990562,2.0,5,0.025425336459288354,0.04802066990933716,2.0,9,0.00439728368468444,0.8435654854837035,2.0,167
25,24.63762433945377,1.2960933708714297,2.0,6,0.007662688355699644,1.8973413405521968,2.0,38
26,30.19841558366155,1.0120298544107336,2.0,3,0.02596459639191066,0.26782229704116334,2.0,52,30.19841558366155,1.0120298544107336,2.0,75
27,30.19841558366155,1.0120298544107336,2.0,44
28,0.010086395319784275,1.1394181396126974,2.0,95,25.80204369072267,0.5535495334448666,2.0,125
29,25.80204369072267,0.5535495334448666,2.0,51,0.010086395319784275,1.1394181396126974,2.0,69
30,0.04821850178165612,0.26806180126059886,2.0,16,26.611002998636945,0.5590423745935468,2.0,22
31,0.005362307875420756,0.8983200569065123,2.0,81,0.04821850178165612,0.26806180126059886,2.0,136,0.005362307875420756,0.8983200569065123,2.0,162
32,28.725372374643015,0.5576277026907465,2.0,5,0.010773641919054298,1.8995580655211675,2.0,23,0.010879664328581399,0.27727332692064244,2.0,76
33,0.0012438740321754653,0.01854514999584006,2.0,91,26.325622088998575,1.1240952997806872,2.0,94,0.0012438740321754653,0.01854514999584006,2.0,134,0.0015021635227649454,1.2415979634747878,2.0,200
34,0.026228484393972386,0.15303087905115287,2.0,5,0.003964039705922772,0.7351572680748886,2.0,55,25.29830780251322,1.2666422091604188,2.0,62
35,24.128516143477697,1.1304626626030543,2.0,43
36,27.4596171987939,0.7517985853465878,2.0,101,0.01328991035790579,1.3990196604970546,2.0,138,27.4596171987939,0.7517985853465878,2.0,185,0.0026580398534620103,0.21550103733045384,2.0,200
37,0.02704401891241731,0.05426273985121258,2.0,9,0.0054550783732484846,1.540682781179565,2.0,82,0.02704401891241731,0.05426273985121258,2.0,200
38,27.673957153693678,0.6962355192291785,2.0,46
39,27.673957153693678,0.6962355192291785,2.0,71
40,27.673957153693678,0.6962355192291785,2.0,21
41,0.0067293973384666955,1.4731218388088072,2.0,166,0.0470410640281232,0.19651612457996387,2.0,200
42,26.032881844456426,0.6828682712891999,2.0,44
43,0.01157622243161541,0.22823045637245593,2.0,72,0.007134234695915561,1.5812522225532062,2.0,78
44,24.554383527552684,0.43962520122521576,2.0,15,0.011754570992988529,1.5551503147354544,2.0,128
45,0.024620040151976764,1.0247657161937287,2.0,126,0.012077128655502242,0.08542800618723462,2.0,200
46,0.00975480777753672,0.05999158090733395,2.0,28,0.013042194167988413,1.443930944533904,2.0,46,0.00975480777753672,0.05999158090733395,2.0,101,0.013042194167988413,1.443930944533904,2.0,113
47,0.012524956826970513,0.07534230787689383,2.0,22,0.01315584518155835,1.7212272583637696,2.0,108
48,6.619524552696401e-05,0.09939118604456941,2.0,117
49,26.828804498521528,0.5214299948782617,2.0,23
50,26.828804498521528,0.5214299948782617,2.0,14,0.02278623629333732,0.24205685271613755,2.0,132
51,26.901348407422933,0.7696354373572432,2.0,31
52,23.588789195944404,0.7031001799623489,2.0,27
53,0.00019129690820215636,1.4070559505485303,2.0,91,0.0018116156670170704,0.24900461975187071,2.0,104
54,0.048384638403357605,0.08550961334074648,2.0,96,0.028422742596363775,0.9813316828269467,2.0,158,0.048384638403357605,0.08550961334074648,2.0,167,0.028422742596363775,0.9813316828269467,2.0,200
55,26.09408009808992,1.1159055137304084,2.0,32
56,0.01841853711282724,0.24100932503572792,2.0,30
57,25.075694957565435,1.0403546581012932,2.0,29
