0,0,0.9028370082378387,0,20,111.2391838683717,1.99,3,28,140.43467981155254,1.99,3,46,2.7175990729011272,1.9883978366851807,3,50,0,1.2286555767059326,0,53,0.4155731650146866,1.2902802626291912,2,56,0,0.9937790870666504,0,61,0.467679078288749,1.3576934337615967,2,64,0,1.1477405230204265,0,67,7.219834843095755,1.7915831804275513,2,70,0,1.6821793079376222,0,75,181.93801750763814,1.9739442348480225,3,85,1.430191905491095,1.99,3,88,67.81464684594928,1.889077603816986,3,92,0,0.8352671097486447,0,131,29.63799128601576,1.5331133604049683,2,134,0,0.9115987745198336,0,200
1,0.020338148532131495,1.0163859367370605,2,10,0,1.597202181816101,0,13,0,1.4667855501174927,0,20
2,0.042904363660501016,0.7412492924928665,2,200
3,0,0.6272169320441005,0,67,2.7230445042438336,0.38051146268844604,2,70
4,19.788649374143564,0.5074505979816119,2,12,0,0.6956157684326172,0,17,0,0.7777243852615356,0,20
5,0.04765718371785773,0.929567236166734,2,104
6,13.230912247009075,0.28644031630112576,2,13,0,0.9635431596211025,0,20
7,33.353203433632466,0.3167751857212612,2,14,46.70006060429458,0.3117645051744249,2,23,76.37781414360362,0.289968878030777,2,37,21.34483802954329,0.4115945138037205,2,61
8,16.865355806218282,0.8773513237635294,2,3,0,1.152053435643514,0,6,0,1.1251404285430908,0,12,0,1.022473645210266,0,17,0,0.9968283573786417,0,20
9,15.267968884816472,1.2793321371078492,2,5,0,0.640475352605184,0,8,0,0.4557879666487376,0,11,0,0.6647686163584391,0,14,0,0.5046747326850891,0,17,0.5482787803605826,0.5878169139226278,2,20,0,0.6687119007110596,0,23
10,1.258453704596628,0.6069919665654501,2,3,0.03870534464177397,1.2868152062098186,2,6,0,1.1849228938420613,0,9,1.0880720918131623,0.6313095291455587,2,12,0.0500672021399177,1.1566547552744548,2,27
11,6.444576982011328,0.8146682679653168,2,4,0,1.0942423045635223,0,8,0,1.0461331738366022,0,17,0,1.1034245888392131,0,20
12,12.45444893449901,0.12233289144933224,2,8,0,1.2158414125442505,0,12,0,1.2140675067901612,0,17,0,1.4462947050730388,0,20
13,25.13360388448215,0.5482516818576388,2,9,0,1.018802007039388,0,12,0,0.8880237340927124,0,17,0,1.1103872060775757,0,20
14,25.06820447735001,1.1469520055330718,2,13,0,0.6217531167172097,0,87,23.980272259963147,1.1546716292699177,2,96
15,24.27733533114309,0.7560700178146362,2,12,0,0.806058794260025,0,20
16,17.510435431098234,0.3804336172692916,2,68
17,17.1710579274159,0.8355215167999268,2,25
18,17.10698793846353,0.20988760019342104,2,12,0,0.3864818848669529,0,16,96.18253123534114,0.07322308421134949,2,19,0.8198636436723724,0.3058476001024246,2,22,0.36764711112447057,0.38364729285240173,2,25,13.868824473298785,0.16793993363777796,2,31,0.988589150158258,0.3026038904984792,2,34,1.269518652283688,0.3303805738687515,2,37,74.77394415276349,0.09204527934392294,2,52,0.23945055963298773,0.407931849360466,2,58,39.02070067146099,0.12422410150369008,2,61,20.629943430819885,0.13110016783078512,2,64,0.4136869683985336,0.3822854955991109,2,67,0,0.7633652687072754,0,70,0.5176403533703848,0.878231922785441,2,73,0.07583862054428349,1.128126621246338,2,80,0.0463628113238745,1.99,3,86,157.30140457102962,0.07677590847015381,2,89,0.026498646658075678,0.5916343505183855,2,95,14.952126570921473,0.1740201897919178,2,99,27.244271341899378,0.11470283195376396,2,103,81.54427270742094,0.0679461918771267,2,107,0.069888462147942,0.480346143245697,2,112,40.863669560146505,0.08593813081582387,2,115,25.473768053884058,0.09568958977858226,2,118,0.04476292361521236,0.6100785136222839,2,124,73.32148815876498,0.060498056503442615,2,150,0.2227872931004161,0.6463579883178076,2,153,48.70822030940304,0.08975930760304134,2,159,1.5491908443448643,0.562913050254186,2,162
19,0.15699353627528784,1.1015523433685304,2,5,0.028722060607765384,1.4134140312671661,2,9,0.02088034584586295,1.511330783367157,2,17,21.125321939208785,0.1430401158603755,2,39,0.25726430278184814,0.5486096516251564,2,43,0,0.9475897550582886,0,46,0,1.0368565718332927,0,49,28.277199796277312,0.10685071349143982,2,53,43.186491454465504,0.11891466875871022,2,56,0,0.5985852479934692,0,61,18.939789234293702,0.20473549763361612,2,64,30.054155861525192,0.11769869029521943,2,69
20,12.722745215478684,0.9834534070071053,2,17,2.553909813033766,0.9049360752105713,2,20
21,21.66247939430138,0.25378732436469625,2,28,0,0.7367132153916867,0,75,69.26906670242789,0.5462061166763306,2,78
22,14.594568723410937,0.28726192315419513,2,6,0,1.0748807842081243,0,17,0,1.1256352663040161,0,20
23,17.253545799241284,0.34267050453594755,2,7,0,1.1256076892217,0,10,0,1.1243945530482702,0,17,0,1.2444429000218709,0,20
24,16.206075188537223,0.3590890552316393,2,7,0,0.9315748193807769,0,64,0,0.9524419145150618,0,108
25,24.31255499563785,0.583888053894043,2,9,0,0.8325186769167582,0,12,0,0.7186667561531067,0,17,0,0.8323335647583008,0,20
26,0,0.7162195444107056,0,3,0,0.7978735395840236,0,10,0,0.7909822583198547,0,20
27,16.09592766087732,0.3405107566538979,2,34
28,18.884218909045206,0.428616713732481,2,24
29,0.29354669553044205,1.1288827260335286,2,3,0,1.4739295499665397,0,17,0,1.36063818136851,0,20
30,14.76399557464154,0.2631363466833577,2,33
31,21.98450369839587,1.7574660062789917,2,5,0.029824344017776647,1.0235937535762787,2,9,21.380332323389045,1.7910463015238445,2,24,14.419708070509683,1.7041114370028179,2,30,0.021800089875915554,0.4992050567398901,2,53,0,0.4626175943882235,0,84
32,13.207987382146419,0.39801028929650784,2,16,0.0474014667324259,0.510653038819631,2,19,2.6691059450620624,0.37560100356737774,2,22,0.033330370572941734,0.5286054114500681,2,25,0.6787502783554635,0.32155372699101764,2,28,0,0.7347547054290772,0,33,52.62424678783108,0.40765419602394104,2,37,0.027084632115657075,0.986615777015686,2,45,0.8094430927895182,0.01687510808308919,1,48,0.47477803825127324,0.05662492290139198,2,52,0.08407883206595934,0.16648545364538828,2,55,1.0418624963520984,0.008103635576036241,1,64,0.1910751668431187,0.6439196825027466,2,69
33,0,1.3350774049758911,0,3,0,1.722047507762909,0,7,0,1.5703543225924175,0,13,0,1.2876085042953491,0,18,0,1.7848874675600153,0,56,0,1.6376828749974568,0,59
34,10.289484790542058,0.6167308568954468,2,5,0,1.145746151606242,0,8,0,1.2350866927040949,0,17,0,1.3302083412806194,0,20
35,11.916369033817546,0.1573512002825737,2,10,0.023525653474914435,1.268600372167734,2,49
36,0,0.6242692669232687,0,3,0,0.6564189294974009,0,9,0,0.6480403054844249,0,20
