0,6.205754499541189,0.09713707095236677,2.0,166,46.53100548131889,0.11164641083468896,2.0,178,0.017919512379967292,1.6521403033471296,2.0,191
1,52.51024753068729,0.6800209494094025,2.0,50,0.024135054506748813,1.967871281451282,3.0,80,52.51024753068729,0.6800209494094025,2.0,88
2,7.116049677458883,0.17846291591752092,2.0,56
3,47.59480548490557,0.4601244696705986,2.0,68
4,47.59480548490557,0.4601244696705986,2.0,24,0.0092316633967756,1.373846984045397,2.0,96
5,0.012498713431020235,1.7755828381369803,2.0,200
6,50.92785990210916,0.4020780788612752,2.0,30
7,50.92785990210916,0.4020780788612752,2.0,30
8,50.92785990210916,0.4020780788612752,2.0,20
9,0.00778405793734581,1.1404901038459896,2.0,108
10,0.005456516444644945,1.5029559022151429,2.0,66,49.12176590836234,0.1528712065148786,2.0,78
11,49.12176590836234,0.1528712065148786,2.0,36
12,49.12176590836234,0.1528712065148786,2.0,3,5.901558555403007,0.036662136961974956,2.0,35
13,5.041047859453271,0.23437334675456206,2.0,49,0.003645923784539387,0.7489621611939838,2.0,102,43.91726152567787,0.36619567027868616,2.0,148,0.003645923784539387,0.7489621611939838,2.0,194,43.91726152567787,0.36619567027868616,2.0,200
14,49.7553379242488,0.5639806291347621,2.0,66,6.641977290970203,0.3420772964437713,2.0,74
15,48.10553083089512,0.30160690137626084,2.0,58,0.0006328479153848623,1.7582495466204715,2.0,68,48.10553083089512,0.30160690137626084,2.0,200
16,47.59769074889151,0.25286685799790715,2.0,20,5.152463810181166,0.09539198314288139,2.0,181,0.004640298292660031,1.2729093315379147,2.0,200
17,6.137398567968313,0.08093681043637915,2.0,3,0.01489393784258811,1.7705119344538813,2.0,48,47.30414068735709,0.05649239539964407,2.0,88,0.01489393784258811,1.7705119344538813,2.0,114,6.137398567968313,0.08093681043637915,2.0,146,47.30414068735709,0.05649239539964407,2.0,200
18,6.280837561305181,0.19342797696235056,2.0,5,0.010626812573332724,0.9033031702632944,2.0,100
19,50.92604056493283,0.36216521126350304,2.0,39,0.023243308407616185,1.052713605697614,2.0,142,50.92604056493283,0.36216521126350304,2.0,200
20,0.008492211383922296,0.9210396943983424,2.0,200
21,5.076701408818617,0.09848205008665936,2.0,147,48.54094935100571,0.4644817506994343,2.0,163,5.076701408818617,0.09848205008665936,2.0,200
22,6.562328149198282,0.27229028710647,2.0,48
23,7.158272942550541,0.1696072371428563,2.0,77,45.7610277032448,0.14246746875895697,2.0,123,7.158272942550541,0.1696072371428563,2.0,200
24,4.096323458312398,0.2494076364965574,2.0,84,49.587810197268695,0.20000783774414926,2.0,190,4.096323458312398,0.2494076364965574,2.0,200
25,49.45036754418688,0.5546640831644823,2.0,31,6.01575888131864,0.15573956691583804,2.0,176
26,50.764553030281476,0.5806710710676979,2.0,32,5.7213533632890385,0.3467117333804143,2.0,98,50.764553030281476,0.5806710710676979,2.0,101
27,0.003498527938358218,1.141003920147656,2.0,41,5.139652149329533,0.2577963723158032,2.0,46,0.003498527938358218,1.141003920147656,2.0,200
28,49.739330065918566,0.6225104295622672,2.0,43
29,0.0052221136769280046,1.0740073589237924,2.0,33,49.63380958471517,0.27434079760764984,2.0,200
30,48.03053446118125,0.25027800275958023,2.0,10,6.241227906135986,0.1316512686912576,2.0,39,0.002125058438830967,1.630046754126004,2.0,181,48.03053446118125,0.25027800275958023,2.0,185
31,48.263358791817446,0.8229592864034705,2.0,103
32,0.008265866694687582,1.7053666281333437,2.0,74
33,0.008265866694687582,1.7053666281333437,2.0,26
34,49.62244914948204,0.5510856667810503,2.0,57
35,0.009021221388177328,1.6893781811518944,2.0,32,4.952226723705101,0.14193413892719164,2.0,87,43.87847877449303,0.029512299169572154,2.0,146
36,43.87847877449303,0.029512299169572154,2.0,53
37,45.06019881238576,0.37294816096396605,2.0,35,0.0016727526274552182,1.3045480473880917,2.0,64,45.06019881238576,0.37294816096396605,2.0,194
38,48.21856166040569,0.4492551561318926,2.0,39
39,48.21856166040569,0.4492551561318926,2.0,58
40,5.523341785012442,0.06789404242795172,2.0,41
41,0.0008043742215921282,1.1568237947557432,2.0,7,45.24324762384101,0.27507417079816,2.0,54,0.0008043742215921282,1.1568237947557432,2.0,139,6.154252305547886,0.19449203377671337,2.0,200
42,49.74362239817778,0.9673323463535685,2.0,28
43,48.390098038394164,0.29486036054551934,2.0,36
44,4.808236395597036,0.23114407231561837,2.0,163
45,5.774840839688529,0.2583065412514463,2.0,141
46,47.30822285416973,0.5912550588808727,2.0,20
47,47.30822285416973,0.5912550588808727,2.0,20
48,0.010318449905148335,1.7573331772832224,2.0,51
49,0.01271183665022848,1.4859525521157981,2.0,6,5.179388372218152,0.1607019139453524,2.0,73
50,48.109688702434624,0.6149094787956403,2.0,29,0.01271183665022848,1.4859525521157981,2.0,59
51,49.740804619727086,0.530596880948436,2.0,4,6.464914679688672,0.09093840643316414,2.0,90
52,0.009231182477310699,1.2291839893799141,2.0,82,6.43802812303085,0.2602690827067096,2.0,128
53,6.43802812303085,0.2602690827067096,2.0,24
