0,0.009610156392510338,1.0952266589792603,2.0,10,18.95112518479693,0.31184530258500226,2.0,32,0.009610156392510338,1.0952266589792603,2.0,89,18.95112518479693,0.31184530258500226,2.0,99,0.009610156392510338,1.0952266589792603,2.0,200
1,18.97415441107591,0.2878035752213797,2.0,36,0.022411403796470296,0.918651652939434,2.0,91,555.1050630867614,1.2877667210295356,2.0,94
2,21.69881513684485,0.48560457785574057,2.0,5,0.013312056278023055,0.9644772056124282,2.0,84
3,17.79667881853885,0.24608344175047753,2.0,161,0.01734599494775518,1.2380009151740898,2.0,200
4,19.792620203482176,0.3577554995707592,2.0,22
5,20.557708311496064,0.6088062901121413,2.0,18,0.012671189798375681,0.9331637423712988,2.0,194
6,0.0013567316842241729,1.5984308167791461,2.0,30
7,0.0013567316842241729,1.5984308167791461,2.0,59
8,18.68904117805333,0.4670880827900224,2.0,6,0.030486447858668886,1.2898545623128772,2.0,32
9,0.004929521725797286,1.1895413483499642,2.0,131,21.327382285626953,0.5068945756822569,2.0,134,0.004929521725797286,1.1895413483499642,2.0,200
10,0.0383433631205793,1.0366967980234474,2.0,103,558.6482729782742,1.8373029924192055,2.0,108,17.127415576171675,0.26283786288437927,2.0,140
11,19.722519500902383,0.7637003906032984,2.0,5,0.01401709332674405,0.9837146296333676,2.0,23
12,21.61976088447274,0.4689161361571958,2.0,40
13,21.61976088447274,0.4689161361571958,2.0,45,0.01595898960271062,1.1564068825608889,2.0,88
14,21.61976088447274,0.4689161361571958,2.0,37
15,18.794170748166334,0.46100984884576407,2.0,175,0.04099669947287653,0.8994274134345323,2.0,200
16,0.03579292732494353,1.1453740950321722,2.0,85
17,19.078473895378348,0.24762483526695858,2.0,20
18,0.04059940489798801,0.8516015602887982,2.0,200
19,0.00192604067210724,1.0600564487444304,2.0,68,553.2425625759334,1.6416976202226086,2.0,71
20,0.027246197634525293,1.2260951680791583,2.0,44,18.102471011167623,0.31014545469446764,2.0,47
21,18.102471011167623,0.31014545469446764,2.0,21
22,21.336155015276645,0.3646044420645428,2.0,3,0.011906486159889366,0.8313214527505896,2.0,69,555.7419788888672,1.6287017272822066,2.0,75
23,0.011906486159889366,0.8313214527505896,2.0,52
24,19.616493827214388,0.5027953807449571,2.0,29
