0,0.015615574536436305,0.1805009058354357,2.0,188,0.08301797500988012,0.03331609351879683,2.0,200
1,0.014334936803418855,0.25648867621316396,2.0,200
2,0.41385508713288555,0.3806177238405868,2.0,200
3,0.020796167152823116,0.7245321971270373,2.0,105,16.795013176550594,1.7412648345182724,2.0,116
4,16.964119773261693,1.9973546979500019,3.0,21
5,18.634655371711144,0.9927939541573182,2.0,54
6,0.014106984237261536,0.2484671575767796,2.0,200
7,0.4151598942447539,0.784209360560731,2.0,29,0.0414238515696051,0.434336032906526,2.0,200
8,14.943279886305692,1.558565256897043,2.0,23
9,0.03443986568076711,0.3964374376415261,2.0,21,17.88529667509987,1.7230776652875535,2.0,27
10,0.37073325941433344,1.114770212704892,2.0,121,15.90507226933865,1.8319320570694153,2.0,125
11,0.04856019083846982,0.18684857107947117,2.0,90,16.823652519504208,1.867228681498978,2.0,99
12,17.85689116885738,1.6195917668128577,2.0,16,0.33494968510069767,0.6330520669545775,2.0,185
13,16.41539935917529,1.613930472124722,2.0,45
14,0.04171163066104473,0.4122250761812026,2.0,129,0.39028068674597927,0.6385491475621367,2.0,161,0.04171163066104473,0.4122250761812026,2.0,200
15,0.07048373362458243,0.30740825900830615,2.0,200
16,0.05886508376676271,0.5522752253264634,2.0,25,0.44884014111276593,0.8018659284096425,2.0,45,0.05886508376676271,0.5522752253264634,2.0,187,14.735613326038902,1.890398102709753,2.0,200
17,0.15144220817117654,0.3099051369726171,2.0,200
18,0.2210230779200279,0.2796034614143665,2.0,7,0.05203893079081013,0.34320957406047403,2.0,58,14.687435123790666,1.9053448170308056,3.0,62,0.2210230779200279,0.2796034614143665,2.0,183,0.05203893079081013,0.34320957406047403,2.0,200
19,0.048274287552741525,0.17122919631368042,2.0,200
20,16.478782863003325,1.7368632590340312,2.0,24
21,15.314733497874993,1.340283303966658,2.0,28,0.05115570277371255,0.25426427303383475,2.0,157,15.314733497874993,1.340283303966658,2.0,196
22,0.020996948174313364,0.2712549217816026,2.0,110
23,15.306603338724305,1.7697153301281952,2.0,4,0.4815341217891165,0.32673682736315923,2.0,58
24,17.010510122936655,1.5870074631604432,2.0,22
25,14.948865105617754,1.0806076981017614,2.0,60
26,14.948865105617754,1.0806076981017614,2.0,15,0.7736747531184919,1.1488795155236993,2.0,139
27,18.58938002644964,0.395380233220439,2.0,11,0.30353170944102065,0.6438422783181343,2.0,183,18.58938002644964,0.395380233220439,2.0,200
28,18.174674125045424,1.787835142156302,2.0,23,0.029643700657782733,0.7591142705603937,2.0,39,0.45811197475524884,0.6826624990482693,2.0,56,18.174674125045424,1.787835142156302,2.0,59
29,0.34622923092008123,0.6274501691982327,2.0,12,16.06789391121316,1.9361945082614278,3.0,27
30,19.778542987026682,1.2444732105077758,2.0,38
31,18.982502740157436,1.5333156069924967,2.0,8,0.007464505209018892,0.5538256456343018,2.0,42
32,18.171912501488595,1.5187010965040402,2.0,8,0.4850016407403552,0.5867163105734376,2.0,40
33,16.445792119404423,1.8635632769872466,2.0,16,0.025688424404518587,0.4862899860106112,2.0,200
34,0.0035395422527312124,0.3195199059928223,2.0,137
35,0.02009359967200386,0.14496501985245167,2.0,177,0.6548323197131295,0.9149078015984133,2.0,200
36,16.680832422525047,0.9634998944103229,2.0,53,0.3796918665635383,0.4719194107829435,2.0,134
