0,57.085743563393386,0.22512543472376736,2,11,27.0502568018604,0.4033436834812164,2,16,0,1.274031162261963,0,20
1,0.5877090477703525,0.6965409517288208,2,3,40.22296928088122,0.08647230640053749,2,7,0.04710439851197705,0.5544956830831674,2,20,22.09215545346746,0.16157297492027284,2,25,0.05949349665990429,0.6057553887367249,2,28,0.5837690067651435,0.28947041432062787,2,31,0.10128144305299627,0.26602181792259216,2,35,28.73765244473367,0.05591935770852225,2,42,8.927663940525166,0.17145394906401634,2,46,2.7796245432104967,0.2594802776972453,2,49,24.203066996350344,0.12512203554312387,2,52,1.4391883409332016,0.2900623579819997,2,55,19.60954131306758,0.15508627891540527,2,58,0.08940204036823507,0.4094509283701579,2,61,18.611773314800622,0.15841710780348098,2,68,0.06826642298764266,0.6516565233469009,2,72,14.915096420370913,0.14356962963938713,2,76
2,0,0.3834029535452525,0,6,22.441631665106097,0.1297394596040249,2,10,54.832851553343104,0.14186431219180426,2,34,0.8670999472156831,0.24538707733154297,2,37,6.196536713822608,0.1422961155573527,2,40,0.17877901758463707,0.2406959593296051,2,45,5.974444478845442,0.320725013812383,2,48,0.18807770421368317,0.3255479584137599,2,66,17.306098626413053,0.07258502145608266,2,72,0.26553757471383577,0.3201478198170662,2,76,51.70822471787801,0.044004764407873154,2,84,0.24092348341817982,0.5878058927399772,2,91,17.431756332626517,0.015485686334696684,1,102,7.970919638011513,0.06652302046616872,2,105,21.481449633102173,0.016991648823022842,1,109,0.04723691295962593,1.0003571510314941,2,113,43.134808941251435,0.017791988121138677,1,122
3,0.04008026511403054,0.9915234247843424,2,3,41.479330165437986,0.34167664555402905,2,16,0,1.379170298576355,0,20
4,0.1629417113836339,0.5380342602729797,2,4,25.637813195805222,0.1851423978805542,2,8,0.711248071527754,0.3041835427284241,2,12,20.9243860139633,0.17844179408116775,2,23,0.025859642188090226,0.8455589612325033,2,26,4.995799920273987,0.1485644370317459,2,31,22.18159866691874,0.09606358408927917,2,34,0.7455496792340038,0.47318118810653687,2,37,0,0.734132781624794,0,41,36.47270457676691,0.7114453713099161,2,44,0,0.7424006561438242,0,47,0.5139232670840176,0.7311803897221884,2,50,0,0.8246174057324728,0,53,67.17179870651611,1.7365342497825622,2,63
5,28.7072794626057,0.37018758058547974,2,3,0,1.3889914325305395,0,17,0,1.2832356293996174,0,20
6,0.033914899992009036,0.6231536914904913,2,12,89.87560603666319,0.025405719876289368,2,16,0.13221974837243639,0.32693998018900555,2,19,99.46399117555649,0.013259916007518769,1,29,0.8034025654262109,0.07346373796463013,2,32,6.870567669551682,0.10941782593727112,2,35,11.08609838524402,0.08249165415763855,2,40,0.11797904223252231,0.32022205740213394,2,44,24.169682153008765,0.09978915254275005,2,47
7,23.011977145633733,0.4664873282114665,2,3,0,0.7918157974878947,0,6,0,0.9038789055564187,0,17,0,0.9840359290440878,0,20
8,0.10910366838444391,0.6531217296918234,2,3,0,1.1279773371560233,0,10,0,1.154068648815155,0,20
9,0.05016114863367914,0.5134091675281525,2,27,71.21389002157305,0.031105746115956987,2,34,0.05823977499117058,0.612874516419002,2,48,17.72363182283304,0.5788278579711914,2,51
10,0.11506142160258317,0.8124865492184957,2,3,42.80260128875495,0.3997626006603241,2,6,0.057756838800284496,0.6246835192044576,2,12,8.394607718012796,1.0677298545837401,2,17,0.906633233034664,0.9102934996287028,2,20
11,0.14459347000825346,1.4371039271354675,2,6,12.664076169788016,0.3174254596233368,2,9,0.036247524250260524,1.5935965577761333,2,15,22.245637641901713,0.3494570222165849,2,24,0.36536687771951004,0.4926015555858612,2,29,22.053265094775746,0.3374062478542328,2,33,5.838008683861235,0.3798340857028961,2,36,26.17346034731615,0.3262011607487996,2,39,3.337155967351034,0.5013635555903116,2,42,26.59242314489599,0.3574078269302845,2,50
12,0.11421553834624258,1.4422488659620285,2,8,115.25849325738989,0.03290080316364765,2,48,11.151301586321875,0.15845604737599692,2,51,123.97030441692894,0.04790904621283213,2,54,59.16262434796557,0.09989535436034203,2,58,0.28801304419951,0.44952144622802737,2,63,104.24523686572033,0.03392698533005185,2,72,37.81691273532645,0.1471647061407566,2,76,0.10303282633024367,0.3469380935033162,2,79,16.678466460356468,0.08303242708955492,2,86,0.13039101882711904,0.2537049978971481,2,91,28.253305508041628,0.060384057462215424,2,95,18.728778598251278,0.13695469001928964,2,98,1.856659104192506,0.7471752315759659,2,102,0.15967034789090107,0.9125016927719116,2,106,98.47517996909782,0.08249429985880852,2,110,0.15016739974218135,0.9312412440776825,2,118,20.71781786789025,0.07190578579902648,2,128,9.425259396388425,0.2131553590297699,2,131,19.213516736921722,0.415106999874115,2,136
13,44.389260655274384,0.7926029364267985,2,3,0,1.2349470853805542,0,6,0,1.3089447021484375,0,12,0,1.3388053178787231,0,17,0,1.2932136456171672,0,20
14,48.24928834922768,1.00679616133372,2,3,0,1.4276518821716309,0,6,0,1.408295492331187,0,12,0,1.3904546976089478,0,17,0,1.4088083902994792,0,20
15,0.12219649883435638,0.9343857367833456,2,3,0,1.3753410975138347,0,12,0,1.4012917280197144,0,17,0,1.3347882827123005,0,20
16,0,0.6097878615061442,0,3,0,0.614506619317191,0,10,0,0.6218261957168579,0,20
17,35.21967401380056,0.8919893219357445,2,21
18,57.65251624958828,0.43526530265808105,2,5,0,1.0892103513081868,0,8,0,1.1115262640847101,0,17,0,1.13137682278951,0,20
19,17.90931344817398,0.27531859278678894,2,4,0,1.3695558160543442,0,12,0,1.3025555610656738,0,17,0,1.3337391217549641,0,20
20,22.49043660213284,0.26027499565056395,2,7,0,1.139324943224589,0,10,0,1.1981756346566337,0,17,0,1.3213770389556885,0,20
21,24.593140248163106,0.5197109977404276,2,6,0,1.070772181857716,0,17,0,1.1059494813283284,0,20
22,0,0.7748437325159708,0,3,0,0.8978619972864786,0,9,0,0.8996441581032493,0,20
23,15.260931894382313,0.9643397033214569,2,4,0,1.238603264093399,0,12,0,1.1898662447929382,0,16,0,1.2257284224033356,0,20
24,12.213285893170669,0.8735920488834381,2,4,0,1.437344606106098,0,17,0,1.609125057856242,0,20
25,0,0.828645388285319,0,3,0,1.0698482990264893,0,8,0,1.033675988515218,0,11,0,1.096411406993866,0,17,0,1.1678962310155232,0,20
26,27.461207532046927,0.8355405728022257,2,3,0,1.2536983092625935,0,6,0,1.3587390780448914,0,12,0,1.3477653980255127,0,17,0,1.222097118695577,0,20
27,35.07316343927845,0.6559420863787333,2,15,64.6561643020205,0.5157082676887512,2,20,144.85311935278358,0.38475046555201214,2,26,28.83528645473305,0.6825979948043823,2,43
28,0,0.9394130706787109,0,3,0,1.1977944850921631,0,8,0,1.1339388688405354,0,17,0,1.2553383111953735,0,20
29,101.26839841651281,0.9147744178771973,2,4,0,1.2906628608703614,0,9,0,1.3842172963278634,0,16,0,1.6070291101932526,0,20
30,0,0.7094529867172241,0,3,0,0.8345500230789185,0,9,0,0.8374894965778698,0,20
31,34.41585095608119,0.6319149285554886,2,16,0,1.092000663280487,0,20
32,0.3435818179653704,1.0735657612482707,2,3,0,1.4399137496948242,0,6,0,1.4252839305184104,0,17,0,1.3686846494674683,0,20
33,30.53471116753931,0.5023025444575718,2,7,0,0.9842255115509033,0,10,0,0.9750420876911708,0,17,0,1.0964008967081706,0,20
34,20.161925764384343,0.9634237090746561,2,6,0,1.5671929337761619,0,17,0,1.7567024230957031,0,20
35,0,0.8643097480138143,0,3,0,1.1427804827690125,0,9,0,1.1080301566557451,0,20
36,0,0.7994054158528646,0,3,0,1.0646974086761474,0,8,0,1.010659138361613,0,11,0,1.0216461420059204,0,17,0,1.045915961265564,0,20
37,60.085358762694376,0.4253166119257609,2,3,89.66863471520023,0.35183570384979246,2,8,0,0.7517204284667969,0,12,0,0.6942989677190781,0,16,0,0.8442704081535339,0,20
38,33.84456844716484,0.29424260929226875,2,8,0,1.0599821011225383,0,17,0,1.2800695896148682,0,20
39,23.662729703437098,1.4449661175409954,2,6,0,1.384507155418396,0,11,0,1.647768325275845,0,20
40,0.05167540824466786,0.9290561278661092,2,3,0,1.0554850522209616,0,20
41,0,0.8057861725489298,0,3,0,0.9823040962219238,0,8,0,0.8591396113236746,0,20
42,0,0.942544420560201,0,3,0,1.2513886451721192,0,8,0,1.15261705716451,0,11,0,1.173321545124054,0,17,0,1.2901043891906738,0,20
43,46.45318991905102,0.9137610456217891,2,23
44,28.235755819428082,0.2993472576141357,2,5,0,1.3896659811337788,0,17,0,1.556915322939555,0,20
45,29.055400184712052,0.6745452549722459,2,9,0,1.047479788462321,0,12,0,0.9772064208984375,0,17,0,1.1284691095352173,0,20
46,18.575991221582655,0.47754476591944695,2,8,0,1.0573536554972331,0,17,0,1.2675302028656006,0,20
47,0,0.8235726356506348,0,3,0,1.0293721159299214,0,9,0,0.9504646509885788,0,17,0,1.0713244676589966,0,20
48,22.085858212773378,0.4747042298316956,2,5,0,0.8558933238188425,0,17,0,1.013600468635559,0,20
49,0,0.72930908203125,0,3,0,0.8173541000911168,0,10,0,0.7951254308223724,0,20
50,0.2598779848899016,1.05466894308726,2,3,0,1.3348339663611517,0,12,0,1.27599196434021,0,17,0,1.1868782043457031,0,20
51,0,0.8372581998507181,0,3,0,1.0210882425308228,0,8,0,1.0311551491419475,0,20
52,33.732681804921754,0.2840281128883362,2,4,0,1.1156285542708178,0,17,0,1.2575052579243977,0,20
53,0,0.773603081703186,0,3,0,0.975133498509725,0,9,0,0.9179745370691473,0,20
54,22.722105859537066,0.8398710250854492,2,5,0,1.221308946609497,0,17,0,1.48582923412323,0,20
55,0,0.830466071764628,0,3,0,1.0567819356918335,0,8,0,1.1214981973171234,0,20
56,0,0.994630495707194,0,3,0,1.1640948255856831,0,9,0,1.0538741797208786,0,17,0,1.0996576150258381,0,20
57,53.11989290636663,0.23356000130826776,2,11,0,0.9913260009553697,0,20
58,0.40557443534571946,0.6649223069349924,2,3,0,1.4277408293315343,0,17,0,1.3529685338338215,0,20
59,0,0.7609323263168335,0,3,0,0.9634451866149902,0,9,0,0.906707763671875,0,20
60,19.13274584268563,0.9953117767969767,2,6,0,1.1913896040482954,0,17,0,1.311576247215271,0,20
61,34.33410356239641,1.2176578760147094,2,5,0,1.4016282856464386,0,17,0,1.590308427810669,0,20
62,18.114735788518406,0.7297701703177558,2,9,0,1.1195325056711833,0,12,0,1.0853156805038453,0,17,0,1.2892216841379802,0,20
63,0,0.9911717971165975,0,3,0,1.192473816871643,0,8,0,1.0599852005640666,0,20
64,0.4896895796152415,1.1991640329360962,2,3,0,1.5809926145216997,0,20
65,0,0.8942352930704752,0,3,0,1.1957616090774537,0,8,0,1.0587877035140991,0,11,0,1.0939541459083557,0,17,0,1.230456829071045,0,20
66,38.54431999508396,0.809269380569458,2,5,0,1.297307272752126,0,17,0,1.6233101685841878,0,20
67,0.2944485899280969,1.1695692539215088,2,3,0,1.473955339855618,0,12,0,1.5128818988800048,0,17,0,1.4863063494364421,0,20
68,49.80356283273519,0.4086089865727858,2,11,84.05191115748859,0.3550855815410614,2,14,0,0.8234042624632517,0,20
69,34.70541140693308,1.3011431396007538,2,4,0,1.0812965631484985,0,17,0,1.2943582932154338,0,20
70,9.71472948022569,1.3743973573048909,2,3,0,1.6148068393979753,0,17,0,1.5241021315256755,0,20
71,0.38904610039943166,0.8668468395868937,2,3,0,1.633306154182979,0,17,0,1.5064143737157185,0,20
72,25.765834340160662,0.3806428536772728,2,4,0,1.021695872147878,0,16,0,1.1005668938159943,0,20
73,0.46925665596732963,1.1087673505147297,2,3,0,1.5588496582848685,0,10,0,1.4911780527659826,0,17,0,1.5024418830871582,0,20
74,0.24272622208177544,0.9057543079058329,2,3,0,1.5367235243320465,0,11,0,1.4809765021006267,0,17,0,1.358528772989909,0,20
75,33.22548214053699,0.5063767656683922,2,4,0,0.7539713474420401,0,17,0,0.8634275197982788,0,20
76,0,0.7963401277860006,0,3,0,1.0046971241633098,0,9,0,1.071113575588573,0,20
77,0.3451413294534375,1.071668028831482,2,3,0,1.362745549943712,0,12,0,1.3714743614196778,0,17,0,1.2590559323628743,0,20
78,0,0.8436233997344971,0,3,0,1.1017081260681152,0,8,0,1.0183686017990112,0,17,0,1.1295130252838135,0,20
79,21.9443589668867,0.6327593525250753,2,15,74.69282203312167,0.7054767787456513,2,25
80,18.779609527227866,0.9455820024013519,2,4,0,1.3156022200217614,0,17,0,1.4683441718419392,0,20
81,25.81875932489342,0.8729657729466757,2,3,0,1.299184004465739,0,6,0,1.4047645222056995,0,17,0,1.4237116972605388,0,20
82,0.30505245409169596,0.9443860451380411,2,3,0,1.4542750120162964,0,12,0,1.4445371866226195,0,17,0,1.4477168718973796,0,20
83,26.05536317313449,0.8998472690582275,2,3,0,1.4310529232025146,0,12,0,1.4423821449279786,0,17,0,1.3929719924926758,0,20
84,0,0.7278167406717936,0,3,0,0.8191824640546527,0,10,0,0.8056176602840424,0,20
85,0.10440259386401918,0.8873120148976644,2,3,0,1.0364688214133768,0,20
86,0,0.8037160634994507,0,3,0,0.9913440704345703,0,8,0,0.9494695762793223,0,20
87,23.19488558523383,0.5036499632729424,2,9,0,1.1423474103212357,0,17,0,1.3833778699239094,0,20
88,27.551118458959177,0.2014804668724537,2,8,0.05814067369785935,0.4829665178602392,2,19,175.20127368802446,0.062373381853103635,2,29,4.6765889741694116,0.19154390196005502,2,32,183.82168678215046,0.06530509889125824,2,35,54.83779403716959,0.13282596468925476,2,40,0.03156368553429433,0.37630558758974075,2,44,45.578387688879744,0.12666376100646126,2,53,0.08876740871079988,0.14576313458383083,2,61,8.554673364721113,0.14666640758514404,2,64,15.019178298450319,0.13095346093177795,2,67,0.5590367813183053,0.24995816498994827,2,71,44.469770165247674,0.12353713230954276,2,89,0.2667307584503503,0.8997560909816197,2,96,44.96714980903277,0.08631295338273048,2,100,6.594431921892307,0.1638685663541158,2,103,39.289598475533765,0.10912922024726868,2,107,4.414656119647842,0.2136182188987732,2,110,77.64529456144733,0.12229638397693635,2,115,200.8883690957281,0.12607039014498392,2,121,0.15488159727090114,0.6999336779117584,2,125,0.256043942783473,0.7995706796646118,2,128,59.08579070569925,0.21187159419059753,2,138,0.3793904399848403,0.32847021023432416,2,141,81.99148802880654,0.15778373926877975,2,145,0.3840243930077564,0.3966388205687205,2,148,85.04996974589733,0.15133553929626942,2,156,0.5441838682575998,0.48757360378901166,2,159,25.00452211894075,0.16306639711062113,2,162,0.5260867668915866,0.4530363380908966,2,166,40.522817403262856,0.14144083857536316,2,177
89,0,0.8173715273539225,0,3,0,1.0392521818478901,0,9,0,0.9547692686319351,0,17,0,1.0693347056706746,0,20
90,29.326542314044744,1.2766623497009277,2,5,0,1.2275975147883098,0,17,0,1.5097751220067341,0,20
91,75.0513189799072,1.7057234960443832,2,17,2.0659425163628953,1.5073907772699993,2,20
92,16.269090531315697,0.5194255510965983,2,6,0,1.3908969922499224,0,17,0,1.4969389041264851,0,20
93,18.400800158325584,0.399921456972758,2,3,0,1.0992464754316542,0,12,0,1.1754315614700317,0,17,0,1.1430083910624187,0,20
94,0,0.9461003144582113,0,3,0,1.2345998525619506,0,8,0,1.1074582934379578,0,14,0,1.024619499842326,0,17,0,1.1343927383422852,0,20
95,19.097447198983254,0.603673791885376,2,5,0,0.9782134691874186,0,8,0,1.0442219707700942,0,17,0,1.1107468605041504,0,20
96,0.2872142464646912,1.0535954236984253,2,3,0,1.529566928744316,0,11,0,1.530301292737325,0,17,0,1.4604954719543457,0,20
97,5.204675049214553,0.10922587662935257,2,4,0,1.23139672095959,0,17,0,1.3089303572972615,0,20
98,0.31389299750901517,0.6863256295522054,2,3,0,1.4350062333620512,0,16,0,1.4048047959804535,0,20
99,0,0.7840906381607056,0,3,0,1.0086506009101868,0,9,0,1.0354379957372493,0,20
100,0.36821516435708673,0.7020107507705688,2,3,0,1.421801714336171,0,20
101,15.058022176795555,1.0674931804339092,2,6,0,1.2786127653988926,0,17,0,1.5078624884287517,0,20
102,0.32217076256466115,0.8944632212320963,2,3,0,1.5809011799948556,0,10,0,1.5645559174673898,0,17,0,1.4888232946395874,0,20
103,4.773649045284887,1.2370153367519379,2,4,0,1.4359875321388245,0,12,0,1.4370245695114137,0,17,0,1.4813649257024128,0,20
104,0,0.7602198719978333,0,3,0,0.9160443345705668,0,9,0,0.9234628894112327,0,20
105,61.84167770123137,0.34013253450393677,2,3,108.32379186920784,0.2051546722650528,2,8,0,1.2667207419872284,0,12,0,1.2022995551427205,0,15,0,1.4354638576507568,0,20
106,23.162415466624275,1.2154337882995605,2,10,0,1.0122175455093383,0,20
107,25.610546981136054,0.5863205790519714,2,3,0,1.304046803050571,0,12,0,1.2864009618759156,0,17,0,1.2277849912643433,0,20
108,0,0.9217847585678101,0,3,0,1.1541866779327392,0,8,0,1.0871007707383897,0,17,0,1.2254666090011597,0,20
109,0.1531676868562165,0.7716937065124512,2,3,0,1.3177671829859416,0,12,0,1.322522222995758,0,16,0,1.2904722392559052,0,20
110,0.11185757614600035,0.6471491158008575,2,3,0,1.14089830716451,0,12,0,1.1629532098770141,0,17,0,1.004486044247945,0,20
111,0,1.0225392977396648,0,3,0,1.2301149129867555,0,8,0,1.0944113731384277,0,17,0,1.1290865341822307,0,20
112,23.035681660723498,0.15626822039484978,2,4,0,1.0008690815705519,0,17,0,1.0742751757303874,0,20
113,0,0.7799028555552164,0,3,0,0.970186996459961,0,8,0,0.8668886721134186,0,20
114,33.54406509178718,1.137127733230591,2,5,0,1.0695743560791016,0,17,0,1.3043486674626668,0,20
115,0,0.8654936750729879,0,3,0,1.1021393060684204,0,8,0,1.1284538606802623,0,20
116,0.07999253665713682,1.0181701978047688,2,3,0,1.3343579138026518,0,20
117,25.96857968017791,1.1637222583477314,2,13,0,0.8432261496782303,0,17,0,1.1152249177296956,0,20
118,16.936115293067328,1.0632069621767317,2,7,0,1.104444106419881,0,10,0,1.160586850983756,0,17,0,1.2454468409220378,0,20
119,0,0.9125277598698934,0,3,0,1.2132601022720337,0,8,0,1.0898314714431763,0,11,0,1.1146299640337627,0,17,0,1.2347193956375122,0,20
120,24.169394667311895,0.40068648258845013,2,3,2.3882939521776487,0.5431779821713766,2,6,0,1.4965554078420003,0,9,0,1.04677152633667,0,14,0,0.9566492040952047,0,20
121,28.50176846664071,0.8577392612184797,2,7,0,1.0491104960441588,0,17,0,1.2221132516860962,0,20
122,0,0.8213082750638326,0,3,0,1.0593721469243367,0,9,0,0.9647320942445234,0,20
123,0,0.9954710006713867,0,3,0,1.2049206733703612,0,8,0,1.0656941930452983,0,20
124,0,0.778193990389506,0,3,0,0.9915911674499511,0,8,0,1.02969886859258,0,20
125,21.693056031168503,1.0157182415326436,2,12,0,0.8058874249458313,0,17,0,1.0593148072560628,0,20
126,0.4137819093842987,1.0054540634155273,2,3,0,1.5256996835981096,0,10,0,1.4584405762808663,0,17,0,1.4071086247762044,0,20
127,0,0.8685897787412008,0,3,0,1.1626350283622742,0,9,0,1.0339809656143188,0,20
128,103.09171824079941,0.16414512829347092,2,11,0,0.9415334330664741,0,20
129,17.986568935485117,1.2757716860089983,2,7,0,1.2383742570877074,0,17,0,1.477775017420451,0,20
130,22.02451511313506,0.5796416401863098,2,3,0,1.4428573449452717,0,6,0,1.396116397597573,0,17,0,1.3578757047653198,0,20
131,0.28003819244812467,0.9430972735087076,2,3,0,1.404086872935295,0,11,0,1.3433939615885417,0,17,0,1.2375936110814412,0,20
132,2.46038534687951,0.8986479441324869,2,3,0,1.158384084701538,0,6,0,1.2192330360412598,0,12,0,1.1896352767944336,0,17,0,1.2854830026626587,0,20
133,0,0.8480531374613444,0,3,0,1.0959665775299072,0,9,0,1.0823847163807263,0,20
134,5.958885646627206,0.5776014029979706,2,4,0,1.4143753601954534,0,17,0,1.5061609745025635,0,20
135,0,0.8799228270848592,0,3,0,1.1329308032989502,0,8,0,1.1342956225077312,0,11,0,1.155013104279836,0,17,0,1.2212626536687214,0,20
136,0,0.8496781388918558,0,3,0,1.054620337486267,0,8,0,0.9632409612337748,0,20
137,0,0.628845731417338,0,3,0,0.7020672474588666,0,10,0,0.6922602713108063,0,20
138,27.203739400056502,0.5905053615570068,2,4,0,1.233109061534588,0,17,0,1.3845536311467488,0,20
139,16.223005573079597,0.5582176744937897,2,8,0,1.0080899662441678,0,17,0,1.2395258744557698,0,20
140,0.27432134508286804,0.640195220708847,2,3,0,1.2646034558614094,0,12,0,1.225542163848877,0,17,0,1.1100255648295085,0,20
141,12.657549244445399,0.4077402220831977,2,9,18.213677098759206,0.384795476992925,2,12,0,0.884858563542366,0,20
142,0.20854926410449243,1.107111930847168,2,3,0,1.49275537331899,0,12,0,1.4831894636154175,0,17,0,1.4177518288294475,0,20
143,29.46449825211377,1.055973670061897,2,17,0.08274005926275334,0.8003641366958618,2,20
144,0,0.7457120815912882,0,3,0,0.8672787149747213,0,9,0,0.8380781561136246,0,17,0,0.9542615413665771,0,20
145,11.885389507880365,1.156398057937622,2,3,0,1.535506010055542,0,6,0,1.6062344204295764,0,17,0,1.4997138977050781,0,20
146,12.67491598566976,0.14094026684761046,2,5,0,1.2177253166834514,0,17,0,1.277081807454427,0,20
147,0,0.8563402891159058,0,3,0,1.105163860321045,0,8,0,1.019815829065111,0,17,0,1.1355154116948445,0,20
148,32.17060683391167,1.009909749031067,2,8,0,0.8013188706503974,0,17,0,0.9234521786371866,0,20
149,0.28264693135995783,0.7550066212813059,2,3,0,1.3761140555143356,0,11,0,1.3414153258005779,0,17,0,1.244023283322652,0,20
150,31.039042233691095,1.3178698619206746,2,3,0,1.333079947365655,0,12,0,1.2689157247543335,0,17,0,1.3661375840504963,0,20
151,0.2742329590761395,1.0456455945968628,2,3,0,1.3259089257982042,0,12,0,1.2324794769287108,0,17,0,1.1841239929199219,0,20
152,0,0.9122710625330607,0,3,0,1.2199448108673097,0,8,0,1.0981192986170452,0,11,0,1.123659610748291,0,17,0,1.2574114799499512,0,20
153,17.55391082480405,0.9777436256408691,2,4,0.07057840404959313,0.7469357450803121,2,7,7.385672121061421,0.9084733327229818,2,10,0.33641034065013514,1.0223553975423176,2,19,108.48889057989302,0.2723784361566816,2,26,83.46203673422376,0.2880264087156816,2,37,49.24700597889698,0.20919980108737946,2,40,1.3365365077605937,0.2297123186290264,2,44,10.712632134624416,0.1666027824083964,2,59,0.11050106202893925,0.388231486082077,2,62,3.803487175855827,0.16252636909484863,2,65,0.2228823611060178,1.3643506050109864,2,70,91.31697996237246,0.12048334379990895,2,73,2.871634928650671,0.2904883064329624,2,77,0.4541915547130141,0.6248600681622823,2,80,78.23133464440976,0.18704605238004166,2,91,55.192079958947154,0.23009157180786133,2,94,21.606723750787204,0.9644120250429425,2,101
154,0,0.6476761897404989,0,3,0,0.7344208104269845,0,10,0,0.7428936660289764,0,20
155,36.243448237015386,0.6882978592600141,2,7,0,1.43116238117218,0,17,0,1.6122115850448608,0,20
156,0,0.8918495575586954,0,3,0,1.0730199813842773,0,9,0,0.9385521113872528,0,17,0,0.8908989826838175,0,20
157,5.56552696932627,1.1319302717844646,2,3,0,1.1902178923288982,0,6,0,1.2352869709332783,0,12,0,1.2535389900207519,0,17,0,1.2747519810994465,0,20
158,0,0.6770377159118652,0,3,0,0.7088918288548788,0,9,0,0.718664207241752,0,20
159,0,0.9000091950098673,0,3,0,1.161059808731079,0,8,0,1.121257291899787,0,17,0,1.2158571879069011,0,20
160,40.15658069045212,0.8699851408600807,2,16,0,1.1803441941738129,0,20
161,17.69506247296575,0.3250909580124749,2,9,0,1.0170272588729858,0,12,0,0.8855769634246826,0,16,0,1.0284714102745056,0,20
162,0,0.8419028123219808,0,3,0,1.0648327350616456,0,8,0,1.000168800354004,0,20
163,18.079658688166937,0.6261701385180155,2,3,0,1.2706832488377888,0,6,0,1.3798834085464478,0,17,0,1.316758672396342,0,20
164,0.2289334551438321,0.98228919506073,2,3,0,1.5703768995073106,0,12,0,1.4825334548950195,0,17,0,1.4084889094034831,0,20
165,0.2242597637268714,0.8246907591819763,2,3,0,1.3947269706165089,0,20
166,21.885107658575528,1.0044339497884114,2,3,0,1.5337676604588826,0,6,0,1.5224120616912842,0,12,0,1.434114360809326,0,17,0,1.3960916598637898,0,20
167,13.824269771812569,0.8539753981998989,2,7,0,1.3499913930892944,0,17,0,1.4997486273447673,0,20
168,40.62629949209621,0.29078684002161026,2,4,0,0.9592794363315289,0,17,0,1.0997085173924763,0,20
169,0,0.8371819853782654,0,3,0,1.0871689518292744,0,9,0,1.000916676087813,0,20
170,30.644210465606537,0.6761531967383164,2,13,0,0.899992551122393,0,20
171,28.46441705044627,0.42594315324510845,2,7,0,0.9417116244633993,0,10,0,0.9060381991522652,0,17,0,1.0595909357070923,0,20
172,0.41006412739966597,0.596902072429657,2,3,0,1.3586926204817635,0,17,0,1.2946903705596924,0,20
173,30.537978478439655,0.5048820593140342,2,22
174,0.28431010377612514,0.8868801991144816,2,3,0,1.7246414952807956,0,12,0,1.66649649143219,0,17,0,1.5723484754562378,0,20
175,0,0.7141153415044149,0,3,0,0.74990380803744,0,9,0,0.7371253208680586,0,20
176,14.842620286884756,1.1717729965845745,2,6,0,1.2855108976364136,0,17,0,1.5307286183039348,0,20
177,19.355327652265064,0.6312968850135803,2,5,0,0.9086650609970093,0,17,0,1.093931754430135,0,20
178,0.4118826629105129,0.8118927478790283,2,3,0,1.6025316450330946,0,12,0,1.5808177947998048,0,17,0,1.4972932736078899,0,20
179,4.259457781315893,0.9720075527826945,2,3,0.08118135442548158,0.5504664132992426,2,15,0.25608846991043865,0.5018709301948547,2,18,33.4146523619095,0.0051381207174725,1,27,0.11714099671429005,0.656248505298908,2,40,49.487201640656934,0.5062086085478464,2,46
180,29.665112236943283,0.4552441078882951,2,13,0,0.7383944136755807,0,20
181,56.31125571076404,0.8517398536205292,2,4,0,0.9321310818195343,0,8,0,0.9998758733272552,0,16,0,1.088273674249649,0,20
182,0.18650556381648578,0.8503235181172689,2,3,0,1.3161001652479172,0,11,0,1.2846382856369019,0,17,0,1.2683037916819255,0,20
183,6.163702543750463,0.452683890859286,2,3,0,0.6666933761702644,0,12,0,0.6460363268852234,0,17,0,0.7651132345199585,0,20
184,20.749854313575657,0.8522278467814127,2,3,0,1.2961790561676025,0,6,0,1.4216089790517634,0,17,0,1.4363807837168376,0,20
185,0.19911700273228838,0.7804782390594482,2,3,0,1.2973322868347168,0,11,0,1.2573672930399578,0,17,0,1.1481462717056274,0,20
186,0.3083386855882428,0.9365220268567404,2,3,0,1.5667095581690471,0,12,0,1.4970553874969483,0,17,0,1.4888884623845418,0,20
187,0,0.8392730156580607,0,3,0,1.0729001760482788,0,9,0,1.0086286216974258,0,17,0,1.1273500124613445,0,20
188,0.17690525974686278,1.1124284267425537,2,3,0,1.3786539775984628,0,17,0,1.2992833852767944,0,20
189,107.99102980981952,0.5584169355305758,2,11,0,0.9513767957687378,0,14,0,0.7821296453475952,0,17,0,0.9568258921305338,0,20
190,26.241569552618362,1.3220776617527008,2,4,0,1.434314021697411,0,17,0,1.6082131465276082,0,20
191,0,0.9500608046849569,0,3,0,1.162737822532654,0,8,0,1.0897246102492015,0,20
192,4.758065226415763,0.6392406225204468,2,3,0.25697703117357834,0.4523584147294362,2,6,30.01921898544373,0.7031674385070801,2,9,0,0.5230841338634491,0,14,3.3077324647737365,0.45801366368929547,2,17,0.06113102499453708,0.12380945682525635,2,20,0.10539684027352994,0.12595335713454656,2,27,0,0.3505347892642021,0,31,0.1780269689609641,0.21990585823853812,2,34,0,0.18585079908370972,0,40,0.043075126407286876,0.24058055505156517,2,44,0,1.302730949719747,0,59,15.716206028341027,0.061176141103108726,2,65,0,0.5999488532543182,0,69,0.3606347508073247,0.3325095474720001,2,72,0,0.1826718052228292,0,75,0,0.20965396985411644,0,79,0,0.9040842056274414,0,94,0,1.165463149547577,0,100,1.1191620493332877,0.5246403415997823,2,103,0,0.9229715665181478,0,106,14.177776745206618,0.1664188653230667,2,111,0.027942281202245053,0.7906547427177429,2,116,2.2185877347503586,0.2759283979733785,2,119,0.05316079563463637,0.2443504205771855,2,126,0.024112072101470886,0.16466709474722543,2,129,74.97244944335263,0.08151435554027557,2,134,0.08808406945293325,0.11030719322817666,2,148
193,65.58225850123588,0.7237323125203451,2,3,0,1.4042845964431763,0,11,0,1.440972904364268,0,17,0,1.4533946911493938,0,20
194,0,0.8206335703531901,0,3,0,0.977390193939209,0,8,0,0.9762278199195862,0,20
195,0,0.801148533821106,0,3,0,1.0293785730997722,0,9,0,0.9503631916913119,0,20
196,11.244433312504654,0.47017720341682434,2,6,0,0.9927652279535929,0,12,0,0.9606463432312011,0,17,0,1.0857229232788086,0,20
197,16.513907614783932,0.708761990070343,2,3,0,1.4589043060938518,0,12,0,1.419291090965271,0,17,0,1.3958969910939534,0,20
198,14.273882529854566,0.7493425458669662,2,4,0,1.2565887123346329,0,12,0,1.1764747619628906,0,17,0,1.2449772357940674,0,20
199,0,0.9944924513498942,0,3,0,1.2432123661041259,0,8,0,1.1384273767471313,0,17,0,1.1906702121098836,0,20
200,23.7288740847492,0.5741857662796974,2,8,0,1.2298696173561945,0,17,0,1.4155162572860718,0,20
201,59.060788798003166,1.0419083833694458,2,3,0,1.4535601536432903,0,6,0,1.669928485696966,0,17,0,1.6802783012390137,0,20
202,33.08805386337869,0.39527355693280697,2,16,0,1.0534837543964386,0,20
203,27.187067894096657,0.8719565073649088,2,3,0,1.2155296007792156,0,6,0,1.3087784268639304,0,17,0,1.3581434488296509,0,20
204,0.3789225558283593,0.8022942543029785,2,3,0,1.3147127760781183,0,12,0,1.3192477226257324,0,16,0,1.241371214389801,0,20
205,26.506812775840142,0.4494978368282318,2,5,0,1.0011097292105358,0,17,0,1.0464437007904053,0,20
206,0.26519234093554117,1.049262285232544,2,3,0,1.4224767088890076,0,11,0,1.41648934284846,0,17,0,1.325042684872945,0,20
207,0,0.9788299997647604,0,3,0,1.2514124870300294,0,8,0,1.2452883919080098,0,20
208,33.884773794143186,0.4364115595817566,2,4,0,1.423411066715534,0,17,0,1.6001461346944172,0,20
209,0.2658655056052711,0.9039859771728516,2,3,0,1.5458619253976005,0,10,0,1.5771559987749373,0,17,0,1.4467637141545613,0,20
210,0,0.9258158604303995,0,3,0,1.1952780723571776,0,8,0,1.1190467675526936,0,17,0,1.2498957713445027,0,20
211,25.40363022172476,0.797507087389628,2,3,0,1.2240832249323528,0,6,0,1.335643844171004,0,17,0,1.3102017243703206,0,20
212,16.41538857786815,0.3558472941319148,2,6,0,1.0808451573053997,0,9,0,1.004383236169815,0,17,0,1.0098505020141602,0,20
213,0,0.6443360646565756,0,3,0,0.6480875511964163,0,9,0,0.6252733794125643,0,20
214,17.143897467179336,0.649519681930542,2,3,0,1.4417323933707342,0,12,0,1.4764172315597535,0,17,0,1.3972347180048625,0,20
215,22.126808416411446,0.3960209329922994,2,15,0,0.9791965961456299,0,20
216,0.19452780040697298,0.770664115746816,2,3,0,1.4603948593139648,0,12,0,1.3841115981340408,0,20
217,19.51823843266858,1.0233615636825562,2,4,0,1.080587937281682,0,17,0,1.1697036822636921,0,20
218,0,1.0489248832066853,0,3,0,1.2395901679992676,0,9,0,1.0538197755813599,0,20
219,0.1537694350056385,1.0153282086054485,2,3,0,1.328564628958702,0,11,0,1.3759225606918335,0,17,0,1.3684415022532146,0,20
220,0.33433955765251927,1.1318372090657551,2,3,0,1.3525362610816956,0,11,0,1.3272826472918193,0,17,0,1.263647238413493,0,20
221,0,0.8462419311205546,0,3,0,1.0050654411315918,0,8,0,0.951668510834376,0,20
222,34.852244740657426,0.96127849817276,2,4,0,1.0104095385624812,0,17,0,1.1294239362080891,0,20
223,44.38736886636614,0.6584699749946594,2,5,0,1.0074687798817952,0,8,0,1.086442642741733,0,17,0,1.1556915442148845,0,20
224,36.24095126279023,0.6126782042639596,2,7,0,1.1105660597483318,0,10,0,1.108556526047843,0,17,0,1.252036730448405,0,20
225,27.549425052605685,1.0131587386131287,2,14,0,0.8939506908257803,0,20
226,0,0.9004877010981241,0,3,0,1.170119309425354,0,8,0,1.1370057264963787,0,11,0,1.1543863813082378,0,17,0,1.2421407302220662,0,20
227,12.742870990262848,1.100652019182841,2,3,0,1.1671556234359741,0,6,0,1.3540369814092463,0,17,0,1.349740703900655,0,20
228,18.518407466491436,0.21976285427808762,2,4,0,1.0908355254393358,0,17,0,1.1519821484883626,0,20
229,0,0.821439524491628,0,3,0,1.1013445138931275,0,8,0,1.012000322341919,0,11,0,1.0143829981486003,0,17,0,1.0568373203277588,0,20
230,0,0.6637446880340576,0,3,0,0.6911735534667969,0,9,0,0.6916503201831471,0,20
231,0,0.7846792936325073,0,3,0,0.9207250561032977,0,10,0,0.9490842819213867,0,20
232,19.950561793847946,1.1021947065989177,2,3,0,1.263637860616048,0,6,0,1.4528074914758855,0,17,0,1.432539423306783,0,20
233,0.2710253429470335,0.7627620895703634,2,3,0,1.3319444472973163,0,16,0,1.2662180960178375,0,20
234,0,0.935172438621521,0,3,0,1.2436758995056152,0,8,0,1.1359767119089763,0,11,0,1.1626731355985005,0,17,0,1.2871521313985188,0,20
235,14.402914577602022,0.7502582172552744,2,6,0,1.1913135268471458,0,17,0,1.3367354075113933,0,20
236,16.932853930053962,0.6615139444669088,2,3,0,1.1708868741989136,0,6,0,1.169119691848755,0,11,0,1.0935966769854228,0,17,0,1.097955584526062,0,20
237,0.25085109988723847,0.9925638437271118,2,3,0,1.6002810852868217,0,10,0,1.5937903949192591,0,17,0,1.5681869586308796,0,20
238,0.0856580975069854,1.0248806873957317,2,3,0,1.4227865189313889,0,11,0,1.4585980971654255,0,17,0,1.4319310188293457,0,20
239,0,0.811164935429891,0,3,0,1.030690336227417,0,8,0,1.095313956340154,0,20
240,24.32956067592251,1.202197511990865,2,3,0,1.2217042048772175,0,6,0,1.2618754704793294,0,12,0,1.2164721965789795,0,17,0,1.171809236208598,0,20
241,20.719300855142254,0.768920953075091,2,12,0,0.7507579088211059,0,17,0,0.9831756750742594,0,20
242,0.060951128015727905,0.9255626598993937,2,3,0,0.7612268527348837,0,9,0,0.7921998663382097,0,20
243,11.830256816069513,0.7465963562329611,2,3,0,1.348178545633952,0,6,0,1.471231997013092,0,12,0,1.3692054748535156,0,17,0,1.3086272875467937,0,20
244,11.166993942807132,1.2383315563201904,2,3,2.9019983471088944,1.158469319343567,2,6,0,0.7721755653619766,0,10,0,0.7000436442238944,0,17,0,0.7988801002502441,0,20
245,29.20659334061343,0.6848792632420858,2,6,0,1.377294898033142,0,17,0,1.5920958916346233,0,20
246,30.4868539625308,0.7260530143976212,2,12,0,0.9349728971719742,0,20
247,0,0.8921517729759216,0,3,0,1.1939735889434815,0,8,0,1.074541598558426,0,20
248,22.231126821109456,0.6667038732104831,2,27
249,45.238207571405916,1.0862506330013275,2,4,0,1.165455150604248,0,9,0,1.336502566933632,0,17,0,1.4887075026830037,0,20
250,0,0.907008171081543,0,3,0,1.1861791412035625,0,9,0,1.1736498773097992,0,17,0,1.2619438568751018,0,20
251,7.154373362392703,1.4980495770772297,2,3,0,1.367085165447659,0,12,0,1.338289213180542,0,17,0,1.2680942217508953,0,20
252,0,0.76556924978892,0,3,0,0.9721340934435526,0,9,0,0.9424790577455,0,20
253,0,0.8417649666468302,0,3,0,0.9739187558492025,0,9,0,0.9023296507922086,0,20
254,0,0.8831897775332133,0,3,0,1.1513891696929932,0,8,0,1.143749992052714,0,11,0,1.1629327932993572,0,17,0,1.2372928857803345,0,20
255,0,0.6443960666656494,0,3,0,0.672638075692313,0,10,0,0.6963025391101837,0,20
256,0,0.9497870802879333,0,3,0,1.2225725054740906,0,9,0,1.2222860753536224,0,17,0,1.2710842688878377,0,20
257,0,0.6577740907669067,0,3,0,0.7308122430528913,0,10,0,0.7572034537792206,0,20
258,0,0.8005338509877523,0,3,0,0.9484709739685059,0,8,0,0.860718223783705,0,17,0,1.0055522521336873,0,20
259,21.0149962066566,0.998100757598877,2,3,0,1.4292877061026437,0,10,0,1.5717753512518746,0,17,0,1.5300531387329102,0,20
260,64.79037822371609,0.8290481030941009,2,10,0,1.0960561990737916,0,20
261,31.34598096523741,0.4764273464679718,2,6,0,1.0951380079442805,0,17,0,1.259190837542216,0,20
262,0.11208439936583246,1.0623118877410889,2,3,0,1.473127794265747,0,13,0,1.544368028640747,0,16,0,1.3734605014324188,0,20
263,4.678208663736863,0.5671857118606567,2,5,8.582275039751767,0.5595081567764282,2,10,0.8443594745220695,0.6109156012535095,2,14,0,0.8961716294288635,0,20
264,0,0.6601213415463766,0,3,0,0.6715418994426727,0,9,0,0.6556210192767057,0,20
265,11.643549084535506,1.0491259892781575,2,3,0,1.4071779251098633,0,12,0,1.4007999658584596,0,17,0,1.3541457255681355,0,20
266,19.603173817825844,1.2065269649028778,2,4,0,1.1683609118828406,0,17,0,1.2662763992945354,0,20
267,26.399218922845233,0.5806300810405186,2,7,0,0.9558380047480265,0,10,0,1.0249340193612235,0,17,0,1.175840934117635,0,20
268,32.58940448811708,0.9412113428115845,2,3,0,1.3587403297424316,0,6,0,1.4471089601516725,0,11,0,1.4149432182312012,0,17,0,1.3769887685775757,0,20
269,0.4441841121598741,0.5844856897989908,2,3,0,1.3974188481058394,0,17,0,1.3397390842437744,0,20
270,35.60920879685272,0.5808330997824669,2,8,0,1.284245875146654,0,17,0,1.5641146103541057,0,20
271,0.32571542338693016,0.9902985692024231,2,3,0,1.620686309678214,0,10,0,1.6260511364255632,0,17,0,1.558916687965393,0,20
272,33.5322202069814,1.2556238770484924,2,6,0,0.999722730029713,0,17,0,1.298639218012492,0,20
273,0,0.7165700991948446,0,3,0,0.7868076818329948,0,10,0,0.8230030775070191,0,20
274,13.532017707285464,0.6300173252820969,2,4,0,1.3893994092941284,0,17,0,1.5038119554519653,0,20
275,0.3818251716588355,0.6750728686650594,2,3,0,1.3038296848535538,0,11,0,1.341103156407674,0,17,0,1.2588712771733601,0,20
276,0,0.9523963729540507,0,3,0,1.1873230695724488,0,8,0,1.1468391021092732,0,17,0,1.2571461995442708,0,20
277,20.5221678689104,0.9158838589986166,2,3,0,1.480003195149558,0,17,0,1.4462498823801677,0,20
278,14.937638834592075,1.2597949902216594,2,3,0,1.3257596757676866,0,12,0,1.3799139499664306,0,17,0,1.3291045029958088,0,20
279,43.89877876980628,0.9291696151097616,2,3,0,1.4076226949691772,0,10,0,1.5690053360802787,0,17,0,1.5546017090479534,0,20
280,0,0.6695554653803507,0,3,0,0.6713103751341502,0,9,0,0.6632961414077065,0,20
281,0,1.026747206846873,0,3,0,1.230318546295166,0,9,0,1.113882228732109,0,17,0,1.1572057008743286,0,20
282,13.707152808053284,0.5881664554278055,2,3,0,1.308655579884847,0,6,0,1.2250380516052246,0,17,0,1.2276474634806316,0,20
283,0,0.8747163613637289,0,3,0,1.1307473659515381,0,8,0,1.0256390571594238,0,11,0,1.0713584621747334,0,17,0,1.1800147692362468,0,20
284,0.28471432666368507,0.9611871639887491,2,3,0,1.3385819345712662,0,11,0,1.3118101755777996,0,17,0,1.2422693173090618,0,20
285,4.938379283966812,0.9996766249338785,2,3,0,1.3308350528989519,0,10,0,1.4219330719539098,0,17,0,1.3583304484685261,0,20
286,37.29425891665047,1.00751131772995,2,4,0,0.9372157369341169,0,11,0,1.087231993675232,0,17,0,1.215143124262492,0,20
287,34.67351306330511,0.26912494748830795,2,4,141.15405858110293,0.03414831558863322,2,7,4.449309439872355,0.13630406061808267,2,10,252.07129721815485,0.011882828548550606,1,26,5.745621237944622,0.17162286241849264,2,29,77.20576752036793,0.09882203862071037,2,33,9.21198292500679,0.11907701194286346,2,36,40.521718456948705,0.07383101284503937,2,41,9.142639812588154,0.12207419176896413,2,44,45.304261926692824,0.04541027545928955,2,55,0.27621365745749904,0.32964494824409485,2,58,39.17302056490019,0.05309021919965744,2,68,0.18085136659147896,0.6619997024536133,2,71,0.11512270924169173,0.6370229323705038,2,74,217.8537895097484,0.033240205255048026,2,103,0.16420321575101346,0.2012320876121521,2,108,3.2698659840502264,0.2222218414147695,2,111,0.1627573769374481,0.41357311606407166,2,118,5.348411255268755,0.27279240389664966,2,121,0.6378308711662176,0.6926403641700745,2,124
288,19.048707070635945,0.9932311475276947,2,4,0,1.3018439091168916,0,17,0,1.505446990331014,0,20
289,31.58429718453036,1.5593887269496918,2,4,0,1.4205245421482966,0,17,0,1.5053768555323284,0,20
290,0,0.940701961517334,0,3,0,1.1561307907104492,0,9,0,1.113424994728782,0,20
291,9.55445237195337,0.3587609018598284,2,7,0,1.176534652709961,0,10,0,1.17054968220847,0,17,0,1.256649335225423,0,20
292,0,0.8081143299738566,0,3,0,1.0396585663159688,0,9,0,0.9459786306728016,0,20
293,31.039118912815695,1.4153576691945393,2,3,0.09006573940852725,0.8510341969403353,2,14,4.558889379318962,0.9841622114181519,2,17,0,1.250996987024943,0,20
294,0.14940948083085026,1.0451539754867554,2,3,0,1.2882463020436905,0,20
295,0,0.8190949360529581,0,3,0,1.0622271498044331,0,9,0,1.0233430862426758,0,17,0,1.1187858581542969,0,20
296,14.087904692926537,0.9121053389140538,2,7,0,0.8097780346870422,0,10,0,0.788902861731393,0,17,0,0.9419046640396118,0,20
297,0,0.6585299173990885,0,3,0,0.6950684445244926,0,10,0,0.7018160343170166,0,20
298,12.190904722491295,0.6684755583604177,2,6,0,1.3898705460808494,0,17,0,1.524770975112915,0,20
299,0,0.7613958915074667,0,3,0,0.9153105815251669,0,9,0,0.8488796028223905,0,20
300,0.051533445595639535,0.7808224757512411,2,3,0,1.329099500880522,0,20
301,0,0.8020770152409872,0,3,0,1.0608437458674114,0,9,0,1.0225075591694226,0,20
302,0,0.7788346211115519,0,3,0,0.8816584178379604,0,10,0,0.8826233744621277,0,20
303,0,0.7543687025705973,0,3,0,0.8246985844203404,0,10,0,0.8624077320098877,0,20
304,0,0.9554143746693929,0,3,0,1.1681534051895142,0,9,0,1.109087803147056,0,20
305,0,0.8281961480776469,0,3,0,1.1043163140614827,0,9,0,1.0542918205261231,0,14,0,0.9790547291437784,0,17,0,1.044991930325826,0,20
306,0.21296252046793862,0.7940161029497782,2,3,0,1.3874147078570198,0,20
307,0.2771645604359547,1.0513339042663574,2,3,0,1.5280021561516657,0,12,0,1.5662282943725585,0,17,0,1.531826138496399,0,20
308,28.627570098460907,0.6244489997625351,2,4,0,1.0128423525736883,0,17,0,1.0584225257237752,0,20
309,0,0.8264501094818115,0,3,0,0.9799854040145874,0,8,0,0.96073979139328,0,20
310,0,0.7843929131825765,0,3,0,0.9202798775264195,0,10,0,0.9486738324165345,0,20
311,36.12289747327478,0.2370641142129898,2,5,0,0.997890571753184,0,17,0,1.098366340001424,0,20
312,0,0.6487326622009277,0,3,0,0.6508624851703644,0,9,0,0.6312898180701516,0,20
313,0,0.6702853639920553,0,3,0,0.7061628784452166,0,10,0,0.7005537629127503,0,20
314,10.84241014708989,1.1233603556950886,2,3,0,1.4603773885303073,0,12,0,1.3943854808807372,0,17,0,1.4394296805063884,0,20
315,0,0.8146209915479025,0,3,0,1.0799848794937135,0,8,0,1.0032904148101807,0,11,0,1.0084557731946309,0,17,0,1.054929494857788,0,20
316,0,0.7836158275604248,0,3,0,1.0171762903531392,0,9,0,1.0001242702657527,0,20
317,0,0.8736792405446371,0,3,0,1.1513962030410767,0,8,0,1.014217217763265,0,11,0,1.0495898524920146,0,17,0,1.1798622210820515,0,20
318,0.23522067823429016,1.0169467528661091,2,3,0,1.3178472071886063,0,11,0,1.3374157349268596,0,17,0,1.3224883079528809,0,20
319,33.520035445151564,1.0809184854680842,2,11,0,0.8725934823354086,0,14,0,0.7667145133018494,0,17,0,0.9264275232950846,0,20
320,43.80539422814098,1.148804098367691,2,4,0,1.3746993908515344,0,17,0,1.5255438089370728,0,20
321,25.05711675343728,0.6011648774147034,2,17,0.4602505805958365,0.6260928710301717,2,20
322,49.761086403984464,1.427122211456299,2,5,0,1.6109307323183333,0,12,0,1.5333729982376099,0,17,0,1.5551209449768066,0,20
323,34.01757204104494,0.6511031786600748,2,3,0,1.2105615271462336,0,12,0,1.1487909317016602,0,17,0,1.2019280195236206,0,20
324,33.76926184447013,1.704143077135086,2,4,0.20028136984273248,0.20057898121220724,2,11,6.062369240150736,0.355655034383138,2,14,0.1514070002511057,0.33011770248413086,2,19,8.560750625096249,0.43512604633967084,2,22,0.11200186921901864,0.4553469220797221,2,25,3.545521970014605,0.3349190577864647,2,29,0,0.8083362778027853,0,35,50.33834724909888,0.017153469224770863,1,41,0.059630698854031355,0.5851550201574961,2,44,47.08220649129294,0.0673490713040034,2,47,0.03563441803974047,0.09873161216576894,2,50,0.11578215473343843,0.11673636237780254,2,53,0,0.8466494798660278,0,58,0,1.0463420152664185,0,64,19.85457760873082,0.31290722265839577,2,68,0,0.5620502382516861,0,72,0,0.5583529273668925,0,75,0.5511088208286,0.44789960980415344,2,78,0,0.5055672526359558,0,83,0.022324449744245804,0.3428226947784424,2,88,4.136582784004213,0.5399632106224695,2,91,0,1.0036138772964478,0,96,2.1128602137976586,0.36683398485183716,2,99,21.310110622009713,0.1365563025077184,2,102,30.446092638402785,0.1516628935933113,2,108,127.84813010048741,0.17258274803558984,2,114
325,32.413967113966656,0.9457690185970731,2,9,0,1.0628403822580974,0,12,0,0.994667935371399,0,17,0,1.170739730199178,0,20
326,39.12528024898579,1.0947446346282959,2,5,0,1.2289870778719585,0,17,0,1.4442600806554158,0,20
327,40.57796980815592,0.6843638300895691,2,5,0,1.0352991649082728,0,12,0,1.0866984844207763,0,17,0,1.2267592350641887,0,20
328,37.62814479771267,0.6676450570424398,2,6,0,1.2178488536314531,0,17,0,1.3791450262069702,0,20
329,14.47020016784299,0.8887382447719574,2,4,0,1.0437418130727916,0,17,0,1.1272882223129272,0,20
330,25.57526985129792,1.2965937455495198,2,6,0,1.3459918282248757,0,17,0,1.5517627000808716,0,20
331,32.313473489527865,0.6437608088765826,2,7,0,1.2003231445948284,0,10,0,1.2036136899675642,0,17,0,1.2939776182174683,0,20
332,26.044893209428476,0.8295898162401639,2,13,0,0.7658373514811198,0,16,0,0.8134775757789612,0,20
333,0,1.0242097775141399,0,3,0,1.1645281314849854,0,10,0,0.9330576539039612,0,20
334,31.151971024019726,0.6577385862668356,2,3,0,1.328432559967041,0,6,0,1.4601346254348755,0,17,0,1.4256547292073567,0,20
335,0.1267437151324237,0.6853085855642954,2,3,0,1.3075570000542536,0,12,0,1.3531705856323242,0,17,0,1.1688992182413738,0,20
336,0,0.8746945858001709,0,3,0,1.1248587568600972,0,9,0,1.0240041613578796,0,17,0,1.1328096389770508,0,20
337,13.544023783365411,0.3556768484413624,2,8,0,1.2503893971443176,0,12,0,1.2980187654495239,0,17,0,1.3896375099817913,0,20
338,30.372050443854462,1.3862296342849731,2,5,0,1.2153948446114857,0,17,0,1.3952939907709758,0,20
339,32.05657503903068,0.722558057308197,2,5,0,1.2507777313391368,0,17,0,1.4932365417480469,0,20
340,0.20559880541784267,0.9852609237035116,2,3,0,1.3551362090640597,0,12,0,1.3065979719161986,0,17,0,1.205545465151469,0,20
341,21.926010035820983,0.18419815599918365,2,6,0,1.273464282353719,0,12,0,1.2643762826919556,0,17,0,1.3371047576268513,0,20
342,32.66341061052101,1.233754813671112,2,6,0,1.4087466218254783,0,17,0,1.6114343404769897,0,20
343,20.51107549850497,0.8327174584070841,2,3,0,1.3592220147450764,0,6,0,1.3738170663515727,0,12,0,1.3143053293228149,0,17,0,1.3430566787719727,0,20
344,0,0.7131069898605347,0,3,0,0.8136309385299683,0,9,0,0.8185217163779519,0,20
345,23.97174599705317,1.1757511297861736,2,3,0,1.3128482898076375,0,6,0,1.2641719778378804,0,12,0,1.2671443700790406,0,17,0,1.3570570945739746,0,20
346,53.45987070152663,0.24982355087995528,2,10,0,1.0160632371902465,0,20
347,26.91716475593055,0.6585197250048319,2,6,0,1.247221052646637,0,10,0,1.3033546039036341,0,17,0,1.378741463025411,0,20
348,27.372942434537652,0.9378067255020142,2,16,0,1.064317762851715,0,20
349,0,0.7821431159973145,0,3,0,0.9911878705024719,0,9,0,0.9377411820671775,0,20
350,0.2599069955823103,0.8177259763081869,2,3,0,1.5110736423068576,0,12,0,1.4466360330581665,0,17,0,1.402877926826477,0,20
351,23.013157317400633,0.9738405644893646,2,8,0,0.9167348941167196,0,11,0,0.8894279718399047,0,16,0,1.027326077222824,0,20
352,29.8298164929533,1.3724430799484253,2,3,0,1.3058812618255615,0,6,0,1.273679256439209,0,12,0,1.2949671268463134,0,17,0,1.3056892951329548,0,20
353,25.861477138176195,1.091994434595108,2,8,0,1.249117096265157,0,17,0,1.453326423962911,0,20
354,0.05163406674673946,1.0848937431971233,2,3,0,1.331652935813455,0,20
355,19.17161838334548,0.6125539938608805,2,3,40.90146550560131,0.6615417514528547,2,17,0,0.9416143099466959,0,20
356,28.620272285872478,0.5364992221196493,2,6,0,0.8049475103616714,0,10,0,0.6920432647069296,0,16,0,0.8547860383987427,0,20
357,7.991877008574018,0.4108055531978607,2,4,0,1.0466161966323853,0,17,0,1.0955991347630818,0,20
358,25.32351516526551,0.5593048674719674,2,7,0,1.1471887588500977,0,17,0,1.3834374745686848,0,20
359,0,0.7388392289479574,0,3,0,0.790999344417027,0,10,0,0.8149885594844818,0,20
360,0,0.928744375705719,0,3,0,1.1097944577534993,0,9,0,1.07958308133212,0,20
361,12.352235621279663,0.9339627504348755,2,5,0,0.9205127557118734,0,17,0,1.0393703778584797,0,20
362,0,0.6670514941215515,0,3,0,0.7563071591513497,0,10,0,0.7769737243652344,0,20
363,0,0.6988397041956583,0,3,0,0.7255084613958994,0,9,0,0.7159713398326527,0,20
364,0,0.7727825045585632,0,3,0,0.9923295776049296,0,9,0,0.98401047966697,0,20
365,33.145883087490844,0.271698853799275,2,7,0,1.140903910001119,0,10,0,1.1178667885916573,0,17,0,1.2474880615870159,0,20
366,20.901470419690273,0.9143815437952677,2,3,0,1.2839001019795735,0,6,0,1.4774137518622659,0,17,0,1.4872199694315593,0,20
367,0,1.003285010655721,0,3,0,1.2010630170504253,0,9,0,1.02704964984547,0,20
368,21.202582240976312,0.5372947255770365,2,6,0,1.2831177169626409,0,17,0,1.421337405840556,0,20
369,0.28064946885179853,0.6962918440500895,2,3,0,1.3145489560233221,0,12,0,1.291437292098999,0,17,0,1.2538557052612305,0,20
370,27.572224005425333,1.212623119354248,2,4,0,1.3744084376555223,0,17,0,1.4171270926793416,0,20
371,0,0.7851440409819285,0,3,0,1.0310415029525757,0,9,0,0.9633739292621613,0,17,0,1.0051210323969524,0,20
372,0,0.9449729522069296,0,3,0,1.1916399717330932,0,8,0,1.1280323929256864,0,17,0,1.242237647374471,0,20
373,0,0.6260503530502319,0,3,0,0.7003716031710306,0,9,0,0.7093027884309943,0,20
374,55.4137441116741,1.0098567008972168,2,3,0,1.498571236928304,0,12,0,1.5759884357452392,0,17,0,1.63423490524292,0,20
375,45.19846509855703,0.6327398538589477,2,5,0,1.0576875507831573,0,17,0,1.3751096328099568,0,20
376,56.99950541490794,0.5026145055890083,2,8,0,1.137723724047343,0,17,0,1.368792732556661,0,20
377,0,0.8811885515848795,0,3,0,1.1633229494094848,0,8,0,1.0279354651769002,0,11,0,1.061290681362152,0,17,0,1.1918840805689495,0,20
378,12.818309776950306,0.8377460241317749,2,7,0,0.9544744491577148,0,10,0,1.0948494672775269,0,17,0,1.2068221966425579,0,20
379,33.49733970494351,0.8518396615982056,2,4,0,1.0024231970310211,0,12,0,1.1505115985870362,0,17,0,1.2988675435384114,0,20
380,26.8155278638302,1.4607338110605876,2,6,0,1.6209547860281808,0,20
381,17.021216690609215,0.5997437477111817,2,5,0,1.028284360965093,0,17,0,1.1514468590418498,0,20
382,8.178337322472656,0.7139835755030314,2,3,0,1.2640340328216553,0,6,0,1.2966522574424744,0,12,0,1.223916721343994,0,17,0,1.1801782449086506,0,20
383,38.766535300033745,0.6560379167397817,2,6,0,1.1844054027037187,0,17,0,1.3556666374206543,0,20
384,11.090262167710211,0.6748469173908234,2,12,0,0.6752540469169617,0,17,0,0.8058453599611918,0,20
385,0,0.8315775791803995,0,3,0,1.1010862588882446,0,9,0,1.041519815271551,0,20
386,0,0.8733393748601278,0,3,0,1.075751543045044,0,8,0,0.9979310300615098,0,17,0,1.1648707787195842,0,20
387,22.423137750649715,0.7316229343414307,2,4,0,1.3727747201919556,0,11,0,1.4165979425112407,0,17,0,1.389633297920227,0,20
388,22.08863615023317,0.5299846649169921,2,5,0,0.9526471694310507,0,8,0,0.8859998914930556,0,17,0,0.9389398892720541,0,20
389,0.21251895140898813,0.9060369928677877,2,3,0,1.1255219512515597,0,12,0,1.0145196199417115,0,17,0,0.9537478685379028,0,20
390,33.254906553771974,0.8672583699226379,2,6,0,1.1877177715301515,0,11,0,1.4330976009368896,0,17,0,1.5989832878112793,0,20
391,0.2973050921669357,0.9778196811676025,2,3,0,1.6132224135928683,0,12,0,1.5574926614761353,0,17,0,1.511626124382019,0,20
392,0.18921288907692024,0.7837802966435751,2,3,0,1.5914428763919406,0,12,0,1.5738702297210694,0,17,0,1.4552119572957356,0,20
393,44.4117475592829,0.6330376788973808,2,8,0,1.076091965039571,0,11,0,0.9922279318173727,0,17,0,1.1875207424163818,0,20
394,12.77075957007715,0.7940041621526083,2,3,0,1.333526651064555,0,6,0,1.4875384370485942,0,12,0,1.4722819566726684,0,17,0,1.3923956553141277,0,20
395,0.37784778462051555,1.0043483972549438,2,3,0,1.4138947990205553,0,12,0,1.3628097295761108,0,17,0,1.3223425944646199,0,20
396,0,0.8236844937006632,0,3,0,0.9985057353973389,0,8,0,1.0229918162027996,0,20
397,0.26560070564294996,0.9643260637919108,2,3,0,1.6625533236397638,0,12,0,1.5692697286605835,0,17,0,1.5099167426427205,0,20
398,30.322083813044063,0.6407140309994037,2,13,0,0.8816377605710711,0,20
399,18.08196813471945,0.6827941536903381,2,3,0,1.3466116984685261,0,6,0,1.4484529928727583,0,17,0,1.3836710850397747,0,20
400,0.35470678636754416,1.0382152795791626,2,3,0,1.458176702260971,0,11,0,1.4295333623886108,0,17,0,1.388907551765442,0,20
401,0.4115199835426763,1.187376618385315,2,3,0,1.61635422706604,0,9,0,1.5823850802012853,0,16,0,1.5732697248458862,0,20
402,0,0.7516861359278361,0,3,0,0.968222459157308,0,9,0,0.9837826490402222,0,20
403,0,0.8167535662651062,0,3,0,1.0300853848457336,0,9,0,1.0208868005058982,0,20
404,0,0.7335034608840942,0,3,0,0.7817599773406982,0,9,0,0.7741043946959756,0,20
405,0,0.876784602801005,0,3,0,1.1552058696746825,0,8,0,1.019209623336792,0,11,0,1.0536275506019592,0,17,0,1.1834112803141277,0,20
406,46.50344404313029,0.3829444944858551,2,3,0,1.3996194071239896,0,12,0,1.3950833559036255,0,17,0,1.3629392385482788,0,20
407,11.127338974155444,1.017942488193512,2,6,0,0.9979378418488936,0,17,0,1.13139009475708,0,20
408,24.885968628503086,0.4830656722187996,2,4,0,1.3087907020862286,0,17,0,1.4271869262059529,0,20
409,0.2697651278693967,0.6477933327356974,2,3,0,0.9856307241651747,0,12,0,0.9685164093971252,0,16,0,0.9664404392242432,0,20
410,0,0.9102802872657776,0,3,0,1.186657929420471,0,8,0,1.0915900866190593,0,17,0,1.2289378643035889,0,20
411,12.88908009256309,1.0993238389492035,2,4,0,1.4068821301827064,0,17,0,1.6025314331054688,0,20
412,0,0.8617392381032308,0,3,0,0.9690378506978353,0,9,0,0.8904940106652,0,20
413,17.296905592627944,0.4536474905908108,2,8,0,1.2521315680609808,0,17,0,1.387547453244527,0,20
414,20.257810867844935,0.7143375635147095,2,5,0,1.1564737260341644,0,17,0,1.3197154601414998,0,20
415,45.208438547946365,1.1332120180130005,2,5,0,1.107958897948265,0,17,0,1.4502635796864827,0,20
416,0,0.6883775393168131,0,3,0,0.8490839799245199,0,9,0,0.8132390596649863,0,20
417,47.98277796591234,0.7044941981633505,2,3,0,1.3373249769210815,0,6,0,1.4647490111264316,0,17,0,1.4199693202972412,0,20
418,38.9531952713797,0.7870165540112389,2,36
419,23.761333541584307,0.5455643965138329,2,9,0,1.1151773929595947,0,12,0,1.0585258245468139,0,17,0,1.1903598705927532,0,20
420,24.334617273926806,0.7279001235961914,2,10,0,0.8258004486560822,0,14,0,0.707464357217153,0,20
421,18.839962979266698,0.30735252300898236,2,6,0,0.9322271888906305,0,17,0,1.083512822786967,0,20
422,0,0.7927201588948568,0,3,0,0.9610914673124041,0,10,0,0.9637309670448303,0,20
423,28.327051128319706,1.2194855610529582,2,6,0,1.4113393155011265,0,17,0,1.623731017112732,0,20
424,13.513612396834212,1.0484927296638489,2,8,0,1.2191586361991034,0,17,0,1.4233802556991577,0,20
425,25.422091051700672,0.3435388132929802,2,4,41.35499140205817,0.29151056458552677,2,16,0.190960028069053,1.1801029245058696,2,22,79.92707270668373,0.20830177267392477,2,25,0.46598735420359494,0.6728002230326334,2,28,48.0012347969801,0.3012651397901423,2,45,0.04147727492030617,0.35744789242744446,2,52,62.16640258317937,0.29305873811244965,2,56,0.18624402746537594,0.4925316035747528,2,61,17.702778323849262,0.3509429891904195,2,64,63.60001533961351,0.3007215162118276,2,67,102.00909458381061,0.23178358588899886,2,74,7.002189103307998,0.3665536195039749,2,78,0.5944504080368985,0.7047836035490036,2,82
426,0,0.8041853904724121,0,3,0,1.0564110040664674,0,8,0,1.0156649748484294,0,11,0,1.037995974222819,0,17,0,1.0676004886627197,0,20
427,0.5171937244316095,0.8198746840159098,2,3,0,1.4596807807683945,0,11,0,1.4301278392473857,0,17,0,1.4450320800145466,0,20
428,0,0.9267720778783163,0,3,0,1.276130199432373,0,8,0,1.1994063721762762,0,17,0,1.3027571837107341,0,20
429,21.749198127995175,1.1984344550541468,2,7,0,0.8270337581634521,0,10,0,0.8953391654150826,0,17,0,1.045550028483073,0,20
430,0,0.7526245911916097,0,3,0,0.8324894990239825,0,10,0,0.8714882254600524,0,20
431,25.543979166895998,1.0496792892615001,2,12,0,0.7198310792446136,0,20
432,33.96314162665093,1.028938353061676,2,4,0,1.271430831689101,0,17,0,1.3849029938379924,0,20
433,10.984405344260566,0.8475177586078644,2,8,0,1.1683251857757568,0,12,0,1.0386270999908447,0,17,0,1.186493953069051,0,20
434,25.35753503556151,1.34834090868632,2,6,0,1.248620629310608,0,14,0,1.6520078778266907,0,20
435,25.36109352986776,0.2750504357474191,2,7,0,0.9705947240193685,0,10,0,0.9422168220792498,0,17,0,1.0451363325119019,0,20
436,37.50680674303064,0.29494839161634445,2,4,0,0.7194035053253174,0,9,0,0.9416532069444656,0,17,0,1.0847810506820679,0,20
437,27.593869283368495,0.43857284262776375,2,8,0,1.0383915305137634,0,12,0,1.020710277557373,0,17,0,1.2451512813568115,0,20
438,0.46627644277719493,1.0382535060246785,2,3,0,1.3609618246555328,0,11,0,1.3075772722562153,0,17,0,1.2607337633768718,0,20
439,0.22630776350638612,1.0314939816792805,2,3,0,1.527713879942894,0,11,0,1.5904025634129841,0,17,0,1.476261814435323,0,20
440,35.069161312928365,0.6838961839675903,2,5,0,1.6609292924404144,0,17,0,1.800866723060608,0,20
441,0.15096831838411745,1.0186413526535034,2,3,0,1.2717590464486017,0,12,0,1.2256127834320067,0,17,0,1.1401853164037068,0,20
442,0,0.9480654795964559,0,3,0,1.2215644598007203,0,8,0,1.2210657397905986,0,20
443,24.029285152482494,1.0566582679748535,2,4,0,1.3358956850492036,0,17,0,1.5715194543202717,0,20
444,0.3203800180280203,1.0138174692789714,2,3,0,1.444015085697174,0,11,0,1.42485245068868,0,17,0,1.3620230356852214,0,20
445,0.1905892837742667,0.67127525806427,2,3,0,1.1983484476804733,0,11,0,1.2015541990598042,0,17,0,1.0697930653889973,0,20
446,0,0.7421112259229025,0,3,0,0.8445426906858172,0,10,0,0.8439583599567413,0,20
447,11.048266757516298,0.6451882123947144,2,3,0,1.3480300108591716,0,12,0,1.2741974115371704,0,17,0,1.2586990197499592,0,20
448,0,0.8410242398579916,0,3,0,1.0310134092966716,0,9,0,1.049512808973139,0,20
449,18.54844374556059,1.115133672952652,2,4,0,1.432924774976877,0,17,0,1.6208966573079426,0,20
450,11.632297033613009,0.930951189994812,2,5,0,1.326232800881068,0,17,0,1.432316780090332,0,20
451,0,0.7914809385935465,0,3,0,0.9063320954640707,0,9,0,0.8492611213163896,0,20
452,0.16773778822220142,0.7863829930623373,2,3,0,1.2994090879664701,0,20
453,0,0.8211846351623535,0,3,0,1.0556753873825073,0,9,0,0.9478147680109198,0,20
454,25.7638653269344,0.7407750288645426,2,3,0,1.0664991935094197,0,6,0,1.1270398298899333,0,12,0,1.167105770111084,0,17,0,1.0396068890889485,0,20
455,24.421077876390353,1.2532747217587061,2,14,0,0.7968191107114156,0,20
456,0,0.7185093959172567,0,3,0,0.765274030821664,0,10,0,0.8121545791625977,0,20
457,20.92139959412876,0.600739320119222,2,12,0,0.6941335275769234,0,20
458,0,0.888995885848999,0,3,0,1.1057599544525147,0,8,0,0.94589720831977,0,17,0,0.905492107073466,0,20
459,15.169557202409564,0.4189215302467346,2,4,0,1.091341889821566,0,17,0,1.1034289598464966,0,20
460,22.27341780514326,0.6606578429539999,2,3,0,1.4444285366270277,0,12,0,1.4150435209274292,0,17,0,1.325000802675883,0,20
461,34.58136736440552,0.8369236787160238,2,3,0,1.4260649681091309,0,6,0,1.3363852302233379,0,12,0,1.29790301322937,0,17,0,1.3483562469482422,0,20
462,0,0.9428856372833252,0,3,0,1.2695578336715698,0,8,0,1.1625454823176067,0,11,0,1.2118773659070332,0,17,0,1.3229546546936035,0,20
463,0,0.7877972722053528,0,3,0,0.9150970697402954,0,8,0,0.894792248805364,0,20
464,0.13909228338022325,0.7637096246083578,2,3,0,1.3217467069625854,0,20
465,0,0.7160206238428751,0,3,0,0.746807336807251,0,10,0,0.7769911766052247,0,20
466,0,0.779237707455953,0,3,0,0.9260837078094483,0,8,0,0.9122408529122671,0,20
467,26.98350297293994,0.7154953413539462,2,9,0,0.9569087823232015,0,12,0,0.8109402418136596,0,17,0,0.9755343000094095,0,20
468,0,0.8485405842463175,0,3,0,1.0828768412272136,0,9,0,0.9189839363098145,0,20
469,44.406131113998285,0.8139927784601847,2,3,0,1.4907157272100449,0,11,0,1.509592056274414,0,17,0,1.3846347729365032,0,20
470,0.35401459294036414,0.9063180685043335,2,3,0,1.6467075943946838,0,11,0,1.6691284378369649,0,17,0,1.6066611210505168,0,20
471,0,0.7094529867172241,0,3,0,0.8345500230789185,0,9,0,0.8374894965778698,0,20
472,0.2852884817996342,1.1044119596481323,2,3,0,1.451897594663832,0,12,0,1.452311396598816,0,17,0,1.432190736134847,0,20
473,27.452399752832193,1.167017122109731,2,12,0,0.6528686173260212,0,20
474,7.780461554493552,0.9898024559020996,2,5,0,1.0373509327570598,0,8,0,1.1702714363733928,0,17,0,1.2624330123265584,0,20
475,0.14357258862574532,0.8938016096750895,2,3,0,1.5285015106201172,0,12,0,1.5027692794799805,0,17,0,1.4174795548121135,0,20
476,23.52611170019226,1.2485605160395303,2,15,0,1.2164648294448852,0,20
477,18.181354283754423,0.9061183532079061,2,3,0,1.3741105794906616,0,6,0,1.4289074341456096,0,12,0,1.3951754570007324,0,17,0,1.3805076281229656,0,20
478,18.579097357940785,0.6663509209950765,2,3,0,1.389301101366679,0,6,0,1.3875115315119426,0,12,0,1.3186697244644165,0,17,0,1.3361371358235676,0,20
479,29.182284946781785,0.38764780334063936,2,7,2.0029753645857666,0.44918105006217957,2,10,33.64050002979048,0.38053125888109207,2,14,2.0065414869112086,0.5440725286801656,2,17,34.25727123793174,0.36309903860092163,2,20,0.41950674690331574,0.5215010046958923,2,24,33.90382685395014,0.35172020892302197,2,30,6.269928511769295,0.4396580557028453,2,33,33.31355467796365,0.34055087715387344,2,37,0.04550888282937071,0.4893524994452794,2,43,60.816488894970966,0.41870613609041485,2,50
480,0,0.7339634696642557,0,3,0,0.811808168888092,0,9,0,0.7870711846785112,0,20
481,7.839513388191324,0.9743614345788956,2,8,0,0.870327353477478,0,11,0,0.7712550401687622,0,16,0,0.9241327047348022,0,20
482,52.120470611892024,0.2465216338634491,2,5,0,1.1599403321743011,0,17,0,1.3131107886632283,0,20
483,33.25204577070418,1.2573138177394867,2,4,0,1.625826324735369,0,11,0,1.5649551749229431,0,17,0,1.5255390405654907,0,20
484,49.1653961965164,0.7333937221103244,2,9,0,0.8166519836945967,0,20
485,22.852554855145847,0.9253160357475281,2,4,0,1.3577349036931992,0,12,0,1.4430153608322143,0,17,0,1.5287328163782756,0,20
486,0.37016837301074734,0.629566470781962,2,3,0,1.474089196750096,0,17,0,1.4488775332768757,0,20
487,38.753366806608184,0.2530608336130778,2,15,0,1.0817686080932618,0,20
488,34.3276966480046,1.429499453968472,2,9,0,1.3169728300788186,0,20
489,33.58413700627774,1.0365745723247528,2,4,0,1.398927587729234,0,17,0,1.6482858657836914,0,20
490,0,0.6193462014198303,0,3,0,0.6706919840403965,0,10,0,0.6611171901226044,0,20
491,0,0.8682371377944946,0,3,0,1.0757208347320557,0,8,0,1.018094778060913,0,17,0,1.1561078627904255,0,20
492,62.405423316717176,0.6046778644834246,2,7,0,1.1348835229873657,0,10,0,1.1105924844741821,0,17,0,1.2249839305877686,0,20
493,0.24910662188878496,1.1350863774617512,2,3,0,1.4976803064346313,0,12,0,1.4403494119644165,0,17,0,1.4249889453252156,0,20
494,25.824848545403647,0.7762076457341512,2,9,0,1.0652569929758708,0,12,0,1.0106857538223266,0,17,0,1.2435805400212605,0,20
495,40.614471337757884,0.5252285599708557,2,3,0,1.2594939867655437,0,6,0,1.2721074223518372,0,12,0,1.267137587070465,0,16,0,1.2623651623725891,0,20
496,0.32521245930004966,0.8428119818369547,2,3,0,1.5841634141074286,0,12,0,1.515884804725647,0,17,0,1.4514220555623372,0,20
497,14.258013535529678,0.6130251660943031,2,8,0,1.0520952641963959,0,12,0,0.9389699697494507,0,17,0,1.1245351632436116,0,20
498,24.71378276191547,0.6037772968411446,2,8,0,1.1661424769295587,0,17,0,1.3741547266642253,0,20
499,30.64183948065772,0.533158928155899,2,4,0,0.8820497622856727,0,17,0,0.9830496311187744,0,20
500,0.2954360137554256,1.012640078862508,2,3,0,1.494998984866672,0,12,0,1.4284337043762207,0,17,0,1.46263591448466,0,20
501,21.864558558267984,1.0989980167812772,2,9,0,0.9512094656626383,0,12,0,0.9079774618148804,0,15,0,1.0974411725997926,0,20
502,40.25354888701661,0.5189294133867536,2,7,0,1.1517409086227417,0,10,0,1.0446524960654122,0,17,0,1.1268032789230347,0,20
503,0.18277138940332477,1.0440673033396404,2,3,0,1.3915113806724548,0,11,0,1.4442538221677144,0,17,0,1.364076813062032,0,20
504,0.46097251315456444,1.3084734280904133,2,3,0,1.505428433418274,0,10,0,1.478377410343715,0,17,0,1.4473560651143391,0,20
505,23.26954123022695,0.9315369427204132,2,4,0,1.441853329539299,0,12,0,1.470924162864685,0,17,0,1.5440338452657063,0,20
506,32.350477974420286,0.9000840981801351,2,3,0,1.2286265691121419,0,6,0,1.3116135001182556,0,12,0,1.3083874464035035,0,17,0,1.2122597297032673,0,20
507,26.347308296559866,0.2794685612122218,2,6,0,1.1705429553985596,0,10,0,1.1428964989525932,0,17,0,1.2597120602925618,0,20
508,10.111461888163603,0.3608062416315079,2,6,0,1.072489708662033,0,10,0,1.1106167691094535,0,17,0,1.1962716976801555,0,20
509,0.4472088921577584,0.892375111579895,2,3,0,1.6287193553788322,0,17,0,1.5508636633555095,0,20
510,15.027658833589433,0.40519949793815613,2,6,0,0.804401305588809,0,17,0,0.8379085858662924,0,20
511,23.20486938764947,0.3160043954849243,2,4,34.662402803367314,0.3064616790839604,2,11,0,0.8310363491376241,0,14,0,0.6886210640271505,0,17,0,0.8558524052302042,0,20
512,13.18245626261094,0.3729102686047554,2,4,0,1.283235102891922,0,12,0,1.2048569202423096,0,17,0,1.2563530604044597,0,20
513,0.24986157619056587,0.7481862505276998,2,3,0,1.418711592169369,0,20
514,30.00125300793291,0.44512127836545307,2,3,0,1.3586113367761885,0,17,0,1.408952037493388,0,20
515,0,0.8719062805175781,0,3,0,1.1668720483779906,0,8,0,1.0207920869191487,0,20
516,0,1.0242180625597637,0,3,0,1.2193783322970073,0,9,0,1.1002824008464813,0,17,0,1.1379415194193523,0,20
517,0,0.7090104818344116,0,3,0,0.8219935496648153,0,9,0,0.8240233226255937,0,20
518,0.1945033466470654,0.6616070965925852,2,3,0,1.1980183805738176,0,17,0,1.0941136678059895,0,20
519,0,0.7877698739369711,0,3,0,0.9232796430587769,0,8,0,0.8798603713512421,0,20
520,7.189029083345477,0.545258899529775,2,3,0,1.4508300887213812,0,12,0,1.4538731336593629,0,17,0,1.335644245147705,0,20
521,17.452078487497182,0.5700114568074545,2,3,0,1.3656795918941498,0,11,0,1.4651357332865398,0,17,0,1.3801393508911133,0,20
522,0,0.749273935953776,0,3,0,0.8625337282816569,0,9,0,0.84373385255987,0,20
523,0,0.8455281853675842,0,3,0,1.0538626670837403,0,8,0,0.956530749797821,0,20
524,0,0.7231237093607584,0,3,0,0.7783529673303876,0,10,0,0.8188699126243592,0,20
525,9.001687407554602,0.40114066004753113,2,3,0,1.3963788482877943,0,12,0,1.2517922878265382,0,17,0,1.2451801300048828,0,20
526,0.31590662004517944,0.7138988574345907,2,3,0,1.1359276904000177,0,12,0,1.0895286798477173,0,16,0,1.01548370718956,0,20
527,0,0.8296710848808289,0,3,0,1.0174917181332905,0,9,0,1.0150376016443425,0,20
528,0,0.7839205662409464,0,3,0,0.9088949135371617,0,10,0,0.913113534450531,0,20
529,0,0.7986395756403605,0,3,0,0.9582442045211792,0,10,0,0.9728469014167785,0,20
530,19.22472723907053,0.7085366249084473,2,6,0,1.1941704533316873,0,17,0,1.3397326866785686,0,20
531,0,0.8358366092046102,0,3,0,1.096251893043518,0,8,0,1.1068233748277028,0,20
532,17.369725012492758,0.6568583846092224,2,3,0,1.0376139216952853,0,12,0,1.1993648529052734,0,17,0,1.1118422746658325,0,20
533,18.202771951483996,1.3644521236419678,2,8,0,0.9218813180923462,0,11,0,0.9333536426226298,0,17,0,1.1633591651916504,0,20
534,22.499503316670662,1.4923301802741156,2,9,0,1.3886279517954045,0,20
535,23.39481398863243,1.5410683870315551,2,5,0,1.0579607884089153,0,8,0,1.2819192939334445,0,17,0,1.4266090790430705,0,20
536,40.32167796166996,0.6252486407756805,2,12,0,0.8391139656305313,0,20
537,27.679445630423704,1.2066360314687092,2,3,0,1.3800510168075562,0,6,0,1.4869305545633489,0,17,0,1.375757376352946,0,20
538,0.20063333507923553,0.8872437079747518,2,3,0,1.282419592142105,0,11,0,1.2871667861938476,0,16,0,1.1976914405822754,0,20
539,0.26872653989843653,1.1164921522140503,2,3,0,1.501270333925883,0,6,0,1.4326053659121196,0,12,0,1.4213682651519775,0,17,0,1.3906951347986858,0,20
540,16.803127559917847,0.69183509349823,2,5,0,1.1582918961842854,0,8,0,1.343740701675415,0,12,0,1.2247348308563233,0,17,0,1.308637539545695,0,20
541,29.684977956699644,1.587105965614319,2,5,0,1.104254941145579,0,17,0,1.257386048634847,0,20
542,0.24198180096696675,1.031067689259847,2,3,0,1.3034201115369797,0,11,0,1.2928670247395833,0,17,0,1.2018136183420818,0,20
543,44.66892230493559,0.8362808078527451,2,8,0,1.2511169910430908,0,17,0,1.4723419348398845,0,20
544,0.213598534107399,0.6341092586517334,2,3,0,1.1624616516960993,0,12,0,1.1778666734695435,0,17,0,1.109107216199239,0,20
545,0,0.6593862175941467,0,3,0,0.6686386210577828,0,10,0,0.6790817975997925,0,20
546,0,0.7084908882776896,0,3,0,0.8257193764050802,0,9,0,0.8183356957002119,0,20
547,24.772691343842148,0.5200325846672058,2,3,0,1.5335703293482463,0,6,0,1.5650147000948589,0,12,0,1.5157188653945923,0,17,0,1.5194578568140666,0,20
548,0.36058616626067413,1.0762715339660645,2,3,0,1.6279146803749933,0,12,0,1.6051025390625,0,17,0,1.577550212542216,0,20
549,13.726326081825103,0.47792633175849913,2,5,0,1.2315387030442555,0,17,0,1.3521976470947266,0,20
550,37.65345476637039,0.9593353033065796,2,5,0,1.111707826455434,0,17,0,1.4045946995417278,0,20
551,0,0.8283873399098715,0,3,0,1.0158214171727498,0,9,0,1.0396008166399868,0,20
552,0.18265416572470197,0.7843844294548035,2,3,0,1.1520867215262518,0,12,0,1.1798430681228638,0,17,0,1.1029138167699177,0,20
553,0,0.7398197253545126,0,3,0,0.8988795479138693,0,9,0,0.8453986644744873,0,20
554,0.26187360947380145,0.8012188076972961,2,3,0,1.0280643569098578,0,12,0,0.9288398504257203,0,17,0,0.8691984017690023,0,20
555,35.97791698337868,1.6101391315460205,2,6,0,1.212041711807251,0,16,0,1.4587568044662476,0,20
556,0,0.8550469080607096,0,3,0,1.132960577805837,0,9,0,1.065092635154724,0,14,0,0.9690613746643066,0,17,0,1.0194110075632732,0,20
557,0,0.7222373485565186,0,3,0,0.8678770263989767,0,9,0,0.8074588125402277,0,20
558,0,0.6506094137827555,0,3,0,0.6680426682744708,0,10,0,0.6863256454467773,0,20
559,0,0.723554531733195,0,3,0,0.810942930834634,0,10,0,0.8465121567249299,0,20
560,34.01824278907061,0.7387071400880814,2,4,0,1.3519029021263123,0,12,0,1.443893027305603,0,17,0,1.5036112070083618,0,20
561,0,0.9228954315185547,0,3,0,1.1546605110168457,0,8,0,1.0884287224875555,0,17,0,1.225868860880534,0,20
562,0,0.7888704935709635,0,3,0,0.9009977408817836,0,10,0,0.9100871324539185,0,20
563,0.35019076483946127,0.6922147671381632,2,3,0,1.1343026091070736,0,20
564,12.185865993950426,1.0862763325373332,2,3,0,1.261366645495097,0,6,0,1.2815653681755066,0,12,0,1.1956687927246095,0,17,0,1.1576584180196126,0,20
565,79.11881992018402,0.46520664915442467,2,8,0,1.0585698634386063,0,16,0,1.3231720328330994,0,20
566,7.618998474095326,0.6001162727673849,2,6,0,1.1917343437671661,0,10,0,1.1696350063596452,0,17,0,1.2259892225265503,0,20
567,45.51293597555213,0.5452912534986224,2,7,0,1.1935449957847595,0,17,0,1.399469256401062,0,20
568,0,0.890172282854716,0,3,0,1.2072282075881957,0,8,0,1.133008082707723,0,17,0,1.238010048866272,0,20
569,0.21190476453566645,0.7584916750590006,2,3,0,1.293181320031484,0,9,0,1.2550679011778398,0,20
570,30.44400133750895,0.4562983289361,2,8,0,1.0447250207265217,0,17,0,1.2935813268025715,0,20
571,0,0.7656570076942444,0,3,0,0.9151494979858399,0,8,0,0.9047093391418457,0,20
572,0.0601861317313392,1.038714607556661,2,3,0,1.3428263173383825,0,20
573,0.3439280457011196,1.058649977048238,2,3,0,1.3146918245724268,0,17,0,1.2434016068776448,0,20
574,0,0.7721151908238729,0,3,0,0.9615147624697004,0,10,0,0.9044321537017822,0,20
575,0.2109654224205877,0.8702123761177063,2,3,0,1.2384726580451517,0,20
576,0.15766287024505116,0.6227087477842966,2,3,0,1.2643603086471558,0,8,0,1.2286358177661896,0,12,0,1.126238179206848,0,17,0,1.086055080095927,0,20
577,24.660232703411346,0.5218140959739686,2,5,0,1.2315144538879395,0,8,0,1.3032974931928847,0,17,0,1.4731622139612834,0,20
578,0,0.8482610384623209,0,3,0,1.099910318851471,0,9,0,0.9971817081624811,0,20
579,0,0.8281358877817789,0,3,0,1.0668689211209614,0,9,0,0.9959336410869252,0,20
580,0.2355934092218972,0.8072403271993002,2,3,0,1.2330745326148138,0,12,0,1.1241801977157593,0,17,0,1.1390613317489624,0,20
581,0,0.7099905014038086,0,3,0,0.8507760564486185,0,9,0,0.7851581031625922,0,20
582,0,0.8223059376080831,0,3,0,1.0695749918619792,0,9,0,1.0007484609430486,0,20
583,25.42654463123421,1.0558961232503254,2,3,0,1.2127453088760376,0,6,0,1.2193947633107503,0,12,0,1.2406448602676392,0,17,0,1.3194872935612996,0,20
584,0,0.7700625658035278,0,3,0,0.9180516004562378,0,9,0,0.8292896422472867,0,20
585,19.631282609790084,0.38130794167518617,2,5,0,0.839675635099411,0,17,0,0.9137889941533407,0,20
586,37.653423759945504,1.3503566980361938,2,5,0,1.359830455346541,0,16,0,1.7099322080612183,0,20
587,19.945149284320415,0.7655429542064667,2,4,0,1.1763903819597685,0,17,0,1.3273231585820515,0,20
588,22.947115525557923,1.1930892041751318,2,14,0,0.7386294404665629,0,17,0,0.8992096583048502,0,20
589,0,0.8895371754964193,0,3,0,1.1927834272384643,0,8,0,0.9906793336073557,0,20
590,7.954114717733553,0.5809947450955709,2,3,0,1.2331193288167317,0,12,0,1.2277502536773681,0,17,0,1.246014396349589,0,20
591,10.821315264289435,0.6631112575531006,2,5,0,0.6746403127908707,0,17,0,0.8366372982660929,0,20
592,13.840296775500601,1.2944099794734607,2,11,0,0.8719897137747871,0,20
593,0,0.8734475374221802,0,3,0,1.1508442163467407,0,8,0,1.0137800375620525,0,11,0,1.0491519371668498,0,17,0,1.1791443427403767,0,20
594,0.27064511134974656,0.9894286394119263,2,3,0,1.3716499358415604,0,11,0,1.4318613012631733,0,17,0,1.3294872045516968,0,20
595,13.969281089212682,1.105038344860077,2,4,0,1.3024248710045447,0,17,0,1.3558952411015828,0,20
596,27.975331650167174,0.43113353619208705,2,13,0,0.8656211835997445,0,20
597,31.684173870139063,1.0931977308713472,2,13,0,0.9505450555256435,0,20
598,0,0.7560212810834249,0,3,0,0.8288927503994533,0,10,0,0.8660490989685059,0,20
599,0,0.7663795550664266,0,3,0,0.8881909052530924,0,9,0,0.848611980676651,0,17,0,0.9711014032363892,0,20
600,22.69911856128893,0.912994278801812,2,9,0,0.8400994141896566,0,12,0,0.6913740038871765,0,16,0,0.8175321668386459,0,20
601,0,0.7208377917607626,0,3,0,0.8778754234313965,0,8,0,0.8081384897232056,0,11,0,0.865439772605896,0,20
602,18.19107023337529,0.5097988193685358,2,11,0.10330555924655167,0.4100518375635147,2,19,118.58063444352204,0.5317869484424591,2,23
603,85.95041353954107,0.572701096534729,2,7,0,0.717521607875824,0,10,0,0.5734654154096331,0,17,0,0.7213699817657471,0,20
604,34.71385449709927,0.49114805087447166,2,16,0,1.1257387399673462,0,20
605,0,0.8869086901346842,0,3,0,1.1071818351745606,0,8,0,1.0355290836758084,0,17,0,1.1939175526301067,0,20
606,34.98685463237892,0.5246977806091309,2,3,0,1.4205080668131511,0,6,0,1.3581604740836404,0,17,0,1.360356052716573,0,20
607,28.661731765933833,1.0293987035751342,2,10,0,0.8553454726934433,0,14,0,0.8108286062876383,0,17,0,1.056850751241048,0,20
608,0.18649997524097442,1.1006926695505779,2,3,0,1.4448078870773315,0,17,0,1.3808345397313435,0,20
609,14.537149328583844,0.7286449074745178,2,4,0,1.0870570093393326,0,12,0,1.0028549432754517,0,17,0,1.0840039253234863,0,20
610,28.822803967904875,1.095032811164856,2,6,0,1.3317078677090732,0,17,0,1.6167052586873372,0,20
611,0,0.8977235555648804,0,3,0,1.2005390405654908,0,8,0,1.0656737486521404,0,11,0,1.099731723467509,0,17,0,1.2356928984324138,0,20
612,21.43957864670269,0.8161296546459198,2,4,0,1.2312462329864502,0,8,0,1.1587559249666002,0,17,0,1.2051291068394978,0,20
613,27.094269432057562,0.4089743673801422,2,5,0,0.8097699185212454,0,17,0,0.915820042292277,0,20
614,0,0.6418145298957825,0,3,0,0.711802431515285,0,10,0,0.7385884881019592,0,20
615,0,0.7160229682922363,0,3,0,0.7467751247542245,0,10,0,0.776939845085144,0,20
616,18.699611566052212,0.506354296207428,2,5,0,1.0729050636291504,0,8,0,1.0724028613832262,0,17,0,1.1045925219853718,0,20
617,21.982214623872515,1.0203642547130585,2,4,0,1.348614316720229,0,17,0,1.452715555826823,0,20
618,0,0.923742671807607,0,3,0,1.218549370765686,0,8,0,1.1446797847747803,0,11,0,1.1681981682777405,0,17,0,1.2797634998957317,0,20
619,14.617198625777062,0.32038646936416626,2,7,0,0.8927273869514465,0,17,0,0.7714784940083822,0,20
620,24.949119156100103,0.27739159549985615,2,7,0,1.1047570705413818,0,10,0,1.1833337942759197,0,13,0,1.083661049604416,0,17,0,1.1905491749445598,0,20
621,21.45318865161731,0.2031707912683487,2,5,0,0.8271155208349228,0,17,0,1.0309645732243855,0,20
622,0.2071294350616074,1.0266271829605103,2,3,0,1.5960054000218709,0,12,0,1.4759050607681274,0,17,0,1.441601554552714,0,20
623,43.286930501553144,1.4352009693781536,2,3,0,1.4966854367937361,0,10,0,1.545519437108721,0,17,0,1.5168184439341228,0,20
624,0,0.8337491552035013,0,3,0,1.0537107388178508,0,9,0,1.0228678286075592,0,17,0,1.1255425612131755,0,20
625,0,0.9127598802248637,0,3,0,1.218761185805003,0,9,0,1.1677830666303635,0,17,0,1.2784786224365234,0,20
626,8.458803124714642,0.6625563383102417,2,5,0.3767912909428873,0.6439139991998672,2,9,12.70268059757603,0.5703431248664856,2,14,0.13218322608865574,0.7480986714363098,2,18,75.14358038666892,0.4611851175626119,2,21,186.74603617761647,0.44415010809898375,2,26
627,12.715985687503407,0.7638269662857056,2,3,0,1.3561668793360393,0,6,0,1.4779004454612732,0,12,0,1.4337530136108398,0,17,0,1.4082071383794148,0,20
628,6.272961125676297,0.9787442684173584,2,3,0,1.112084190050761,0,6,0,1.1727967063585918,0,12,0,1.2175264358520508,0,17,0,1.1740651925404866,0,20
629,34.4799858612413,0.8644388318061829,2,6,0,0.9159342700784857,0,17,0,1.0912808974583943,0,20
630,0,1.0483198165893555,0,3,0,1.2337720394134521,0,9,0,1.0465248714793811,0,20
631,22.62514181338222,0.8281615972518921,2,3,0,1.4219307104746501,0,6,0,1.382495641708374,0,12,0,1.3914574146270753,0,17,0,1.446794867515564,0,20
632,18.69665699019562,0.8128319183985392,2,3,0,1.5655310683780246,0,12,0,1.551378345489502,0,17,0,1.5501246054967244,0,20
633,0.06718731511614554,1.2168442010879517,2,3,0,1.4795783337424784,0,20
634,0.30756842020765884,0.923905611038208,2,3,0,1.4362088839213054,0,12,0,1.3988046646118164,0,17,0,1.317192832628886,0,20
635,10.586543744697638,0.24140838161110878,2,4,0,1.1437484942949736,0,17,0,1.1643818219502766,0,20
636,0,0.9331337610880533,0,3,0,1.194348406791687,0,8,0,1.166814277569453,0,20
637,62.95126697649076,0.6035307844479879,2,3,0,1.2971971829732258,0,6,0,1.3613014871423894,0,17,0,1.3452386856079102,0,20
638,0.052469192809124404,1.1149539550145466,2,3,0,1.411798961022321,0,20
639,15.013595264885497,1.2984273433685303,2,3,0,1.2264281908671062,0,6,0,1.3584187681024724,0,17,0,1.36504069964091,0,20
640,0,0.7311655680338541,0,3,0,0.8805032968521118,0,9,0,0.7951778281818737,0,20
641,0.284519718806627,0.6474919517834982,2,3,0,1.1454860369364421,0,12,0,1.0979203581809998,0,16,0,1.065411925315857,0,20
642,22.516082734331775,0.37578883435991073,2,9,0,1.0899658997853596,0,12,0,1.0668049573898315,0,17,0,1.280169169108073,0,20
643,0,0.8461338877677917,0,3,0,1.136149024963379,0,8,0,0.9700045585632324,0,11,0,1.0036991834640503,0,17,0,1.1134252945582073,0,20
644,0.31676418902446024,1.094258149464925,2,3,0,1.4629493802785873,0,11,0,1.4448592066764832,0,17,0,1.4591672817866008,0,20
645,0,0.6347930232683817,0,3,0,0.6916916767756144,0,9,0,0.959190845489502,0,20
646,0,0.8810088833173116,0,3,0,1.197085165977478,0,8,0,1.0926320751508076,0,20
647,35.06746330687267,1.1186977624893188,2,4,0,1.3941201338401208,0,17,0,1.5733222961425781,0,20
648,21.767178164032064,0.5129337112108866,2,3,0,1.580755012375968,0,10,0,1.6713396992002214,0,17,0,1.55015762646993,0,20
649,29.64973667363765,1.1076825618743897,2,5,0,1.4168087045351665,0,17,0,1.5054839849472046,0,20
650,40.18194334266144,0.38339078426361084,2,4,0,1.2839338596050556,0,17,0,1.3842866818110149,0,20
651,47.41026138893184,0.3987894892692566,2,10,0,0.83188567842756,0,17,0,1.0303862889607747,0,20
652,0.304934635614565,0.9327008128166199,2,3,0,1.3537830246819391,0,12,0,1.2423287153244018,0,17,0,1.271517316500346,0,20
653,0,0.7527216275533041,0,3,0,0.8538266817728678,0,9,0,0.878912167115645,0,20
654,33.0722859759813,0.9164702892303467,2,3,0,1.6191311279932659,0,6,0,1.6420516173044841,0,12,0,1.5271833181381225,0,17,0,1.4026557207107544,0,20
655,0,0.6540161967277527,0,3,0,0.7347382732800075,0,10,0,0.7518900156021118,0,20
656,46.53613477783485,1.42443186044693,2,8,0,1.4314193626244862,0,20
657,0.273273291835094,0.8508056402206421,2,3,0,1.5819142527050443,0,12,0,1.5277233123779297,0,17,0,1.4782745440800984,0,20
658,0.3639707041047565,0.5905057787895203,2,3,0,1.198312520980835,0,17,0,1.1603559652964275,0,20
659,18.327613972423983,1.0875215232372284,2,4,0,1.130010118851295,0,17,0,1.2774442831675212,0,20
660,26.43486617015871,0.36317604780197144,2,6,0,0.8620288968086243,0,9,0,0.6797299310564995,0,17,0,0.814899722735087,0,20
661,0,0.8476267457008362,0,3,0,1.0966265598932903,0,9,0,1.0928958220915361,0,20
662,0.1518383598005668,0.8788092335065206,2,3,0,1.4984526104397244,0,12,0,1.5597343444824219,0,16,0,1.4438770711421967,0,20
663,0.23220641365430422,0.9549551804860433,2,3,0,1.5648641735315323,0,11,0,1.5212651292483013,0,17,0,1.4785912036895752,0,20
664,0.16744164518371796,0.824211835861206,2,3,0,1.413957463370429,0,12,0,1.4567194938659669,0,17,0,1.354501724243164,0,20
665,0,0.68210768699646,0,3,0,0.6615623235702515,0,9,0,0.6278960325501182,0,20
666,0,0.7219656507174174,0,3,0,0.8231025437513987,0,9,0,0.7922274023294449,0,17,0,0.9121720790863037,0,20
667,0,0.7929275433222452,0,3,0,0.9350399800709316,0,10,0,0.9278220057487487,0,20
668,21.25548494353397,0.7299149930477142,2,4,0,1.1637944716673632,0,17,0,1.342150131861369,0,20
669,26.53237639917805,0.27808522433042526,2,8,0,1.2577835023403168,0,12,0,1.2748341798782348,0,17,0,1.4625912110010784,0,20
670,19.68691027683716,1.0327996015548706,2,4,0,1.3453862575384288,0,17,0,1.4113144477208455,0,20
671,0,0.8498729467391968,0,3,0,1.0223445551736015,0,10,0,0.9334922347749982,0,17,0,1.0392645200093586,0,20
672,0,0.9104965130488077,0,3,0,1.1906614303588867,0,8,0,1.1548794507980347,0,11,0,1.1787225206693013,0,17,0,1.2371119658152263,0,20
673,0,0.6821349660555521,0,3,0,0.6794679164886475,0,9,0,0.6696581081910566,0,20
674,0,0.5761167605717977,0,3,0,0.6159405878611973,0,10,0,0.6119245707988739,0,20
675,29.86334118285936,0.842393696308136,2,4,0,1.2517751088509192,0,17,0,1.4238356351852417,0,20
676,0.10615908027074958,0.8801554044087728,2,3,0,1.488645527097914,0,12,0,1.450707983970642,0,17,0,1.3293601671854656,0,20
677,0,0.7971187432607015,0,3,0,0.9207987189292908,0,9,0,0.863427378914573,0,20
678,0,0.705959141254425,0,3,0,0.7667559186617533,0,9,0,0.7298162430524826,0,17,0,0.8494587739308676,0,20
679,0.25574642726133606,0.9804847637812296,2,3,0,1.5143887826374598,0,17,0,1.475256085395813,0,20
680,32.965091583660595,1.056624968846639,2,3,0,1.3964297771453857,0,6,0,1.558064619700114,0,12,0,1.5911815881729126,0,17,0,1.5719404617945354,0,20
681,0.2788489191567969,0.8852243820826212,2,3,0,1.2562153619878433,0,20
682,0,0.6769266128540039,0,3,0,0.7553549706935883,0,9,0,0.7710181962360035,0,20
683,53.180267538730355,0.44992153346538544,2,10,0,0.8324162065982819,0,14,0,0.7815110484759012,0,17,0,0.9632801612218221,0,20
684,0.26940640799835286,1.1203090349833171,2,3,0,1.4903973738352458,0,6,0,1.4450780550638835,0,12,0,1.4221788883209228,0,17,0,1.3653082847595215,0,20
685,0,0.8265389204025269,0,3,0,1.0740629434585571,0,9,0,0.9820577881552957,0,20
686,13.140563016210562,0.5839035511016846,2,8,0,1.2410181363423665,0,11,0,1.2707158128420513,0,17,0,1.4587671756744385,0,20
687,0,0.8839112122853597,0,3,0,1.1369934558868409,0,8,0,1.1311068534851074,0,11,0,1.1517767111460369,0,17,0,1.223225752512614,0,20
688,36.53915246668256,1.573080825805664,2,5,0,1.134914408127467,0,17,0,1.4812787771224976,0,20
689,0,0.8724918564160665,0,3,0,1.1793424129486083,0,8,0,1.0836865305900574,0,20
690,0,0.7270007928212484,0,3,0,0.9183834592501322,0,9,0,0.8691558892076666,0,20
691,0,0.6462406714757284,0,3,0,0.7226426345961434,0,10,0,0.7318296194076538,0,20
692,0.36540059823776216,1.090329607327779,2,3,0,1.3565476536750793,0,11,0,1.3382169802983601,0,17,0,1.2611692349116008,0,20
693,0.21933910687996644,0.8188117146492004,2,3,0,1.4506089554892645,0,12,0,1.428621196746826,0,17,0,1.312556544939677,0,20
694,0.4473891725105274,0.7022009690602621,2,3,0,1.333761387401157,0,12,0,1.2256509065628052,0,17,0,1.1859864791234334,0,20
695,0,0.7323497533798218,0,3,0,0.854873796304067,0,9,0,0.8604300455613569,0,20
696,24.519369773581754,0.33177555884633747,2,7,0,1.234910249710083,0,10,0,1.2562295539038522,0,17,0,1.3614579041798909,0,20
697,73.51329847335612,0.679122805595398,2,3,0,1.381119926770528,0,6,0,1.278843565420671,0,17,0,1.3109333912531536,0,20
698,21.513918778560456,0.8767222960789999,2,3,0,1.6293270587921143,0,6,0,1.6751643419265747,0,12,0,1.600650930404663,0,17,0,1.5430603822072346,0,20
699,51.57731780248835,0.2230818748474121,2,5,0,1.2662514348824818,0,17,0,1.436098575592041,0,20
700,36.89335709225684,0.6014042297999064,2,3,0,1.0349161227544148,0,6,0,1.214926925572482,0,17,0,1.1829370260238647,0,20
701,28.03731405438486,0.6102362751960755,2,5,0,1.3555334011713664,0,8,0,1.36219322681427,0,12,0,1.3271473407745362,0,17,0,1.3512105147043865,0,20
702,21.840828744773948,0.2479144036769867,2,5,0,1.267825057109197,0,17,0,1.3845507701237996,0,20
703,0,0.8765454292297363,0,3,0,1.1365644693374635,0,8,0,1.0525374015172322,0,11,0,1.0936102271080017,0,17,0,1.1916728814442952,0,20
704,6.385396079278785,1.0872669617335002,2,3,0,1.275527172618442,0,12,0,1.3293538331985473,0,17,0,1.262374480565389,0,20
705,31.006442377923094,1.234758973121643,2,3,0,1.347437933087349,0,11,0,1.4635684887568157,0,17,0,1.4729861815770466,0,20
706,26.93437309853009,1.1924264828364055,2,3,0,1.3048326174418132,0,6,0,1.4798217144879429,0,17,0,1.551110068957011,0,20
707,19.905206433199186,0.5954089959462484,2,3,0,1.3965691725413005,0,6,0,1.2905851277438076,0,17,0,1.2906025648117065,0,20
708,0,0.7726998130480448,0,3,0,0.9921847979227701,0,9,0,0.9214458573948253,0,20
709,27.58105067116691,0.7522028485933939,2,3,0,1.1430141131083171,0,6,0,1.2927427291870117,0,12,0,1.2425503492355348,0,17,0,1.1458282470703125,0,20
710,0,0.8133105039596558,0,3,0,1.0615351676940918,0,8,0,0.9697192509969076,0,11,0,0.9941965341567993,0,17,0,1.091999848683675,0,20
711,18.514598915159585,1.0124751329421997,2,3,0,1.1813804705937703,0,6,0,1.3149193416942249,0,17,0,1.3891057173411052,0,20
712,0,1.0385562578837078,0,3,0,1.198862353960673,0,9,0,0.9944224140860818,0,20
713,0,0.8648757735888163,0,3,0,1.1078968286514281,0,8,0,1.0483352740605671,0,11,0,1.0938956141471863,0,17,0,1.1866613626480103,0,20
714,0,0.9367931286493937,0,3,0,1.2700861930847167,0,8,0,1.1884064277013142,0,17,0,1.304087519645691,0,20
715,0,0.6841851274172465,0,3,0,0.7927268402917045,0,10,0,0.8022258102893829,0,20
