0,22.455751729302293,0.47411978244781494,2,8,0,1.0101900696754456,0,12,0,0.9457966685295105,0,16,0,1.124081701040268,0,20
1,19.91788402056159,0.3758083079990588,2,19,391.94484691067083,0.5547856553034349,2,30,585.9441144956363,0.15972116197410383,2,49,1.2774962517077941,0.4647911489009857,2,53,105.8515467251694,0.23987755179405212,2,58,592.9825100723319,0.06950839360555013,2,61,23.84756923186494,0.13373196621735892,2,64,505.87797630251583,0.028822476665178936,2,67,6.232514764695041,0.39597797095775605,2,72,452.51490980808217,0.09522380431493123,2,78,0.594724532931257,0.4567396243413289,2,81,0.10842085357174784,0.6858339548110962,2,86,4.211346769668584,0.44175333380699155,2,91
2,37.32646269355697,0.4778458807203505,2,9,50.04599525549099,0.48726015210151674,2,34
3,21.80060328293529,0.8026533391740587,2,9,0,1.006207784016927,0,12,0,0.968410325050354,0,17,0,1.2361613512039185,0,20
4,30.209494875080406,0.4336815863847733,2,10,0,0.9397392613547189,0,17,0,1.1675032774607341,0,20
5,9.832014310395502,0.5792881647745768,2,3,0,1.3146438863542345,0,12,0,1.2544361114501954,0,17,0,1.214160680770874,0,20
6,11.361221378073022,0.46017258933612276,2,7,0,0.9505362629890441,0,17,0,1.1086937586466472,0,20
7,27.570240975343683,0.8628176185819838,2,9,0,1.0558782418568928,0,12,0,1.0842839479446411,0,17,0,1.2603034973144531,0,20
8,16.497768831118165,1.2119938532511394,2,9,0,1.141025727445429,0,20
9,15.556043204970107,0.6877768039703369,2,3,0,1.4138402789831161,0,11,0,1.425373613834381,0,17,0,1.3287075757980347,0,20
10,14.46742229819354,1.153872635629442,2,9,0,1.003888726234436,0,12,0,0.9675350666046143,0,17,0,1.1165262858072917,0,20
11,15.552243394905842,0.7686895926793417,2,3,0,1.5708704675946916,0,10,0,1.6170927286148071,0,17,0,1.5306576490402222,0,20
12,33.499955230685735,0.41212310194969176,2,5,51.98770663487432,0.28910159319639206,2,9,87.62511124143336,0.31451048453648883,2,15,147.46313728334957,0.39123915508389473,2,23,30.521607374370465,0.7275757051649547,2,44
13,21.69946569204688,0.6448014709684584,2,9,0,0.7716670831044515,0,12,0,0.6481688261032105,0,17,0,0.812559167544047,0,20
14,14.60857765867546,0.7866866418293544,2,7,0,0.9768476883570353,0,10,0,1.0821321521486555,0,17,0,1.249320109685262,0,20
15,26.248717138248708,0.41621684034665424,2,12,0,0.7603723630309105,0,20
16,9.95907295670697,0.7378249764442444,2,3,0,1.3392515579859416,0,6,0,1.4339087009429932,0,17,0,1.4067586660385132,0,20
17,14.699003929825025,0.9548838138580322,2,3,0,1.5065095822016399,0,12,0,1.3944339513778687,0,17,0,1.3201300303141277,0,20
18,14.462035766241723,0.627370728386773,2,9,0,1.086739420890808,0,12,0,1.012873077392578,0,17,0,1.2051622072855632,0,20
19,17.72129031423255,0.8046287298202515,2,8,0,1.2183438142140706,0,17,0,1.4549789031346638,0,20
20,0,0.8610027233759562,0,3,0,1.0236085851987202,0,9,0,1.0105957334691829,0,20
21,22.98234426490525,0.7559378544489542,2,3,0,1.5122870604197185,0,6,0,1.5149104992548625,0,12,0,1.4565672159194947,0,17,0,1.4659570852915447,0,20
22,20.5667739889099,0.8442145415714809,2,7,0,1.043920874595642,0,10,0,1.212999360901969,0,17,0,1.355716387430827,0,20
23,67.011891653044,0.17133033461868763,2,8,145.5937861857678,0.12764286498228708,2,11,270.70315548705327,0.07485071637413719,2,22
24,18.9373825715113,0.6869871765375137,2,8,0,0.9213491280873617,0,11,0,0.8553831378618876,0,17,0,1.0253816843032837,0,20
25,15.922669354671502,0.7368391156196594,2,12,0,0.9544057846069336,0,15,0,0.9895252466201783,0,20
26,22.17694864510628,0.890185790903428,2,17,0,1.069632093111674,0,20
27,0,0.9779840111732483,0,3,0,1.1655544837315877,0,9,0,1.0767120718955994,0,17,0,1.1282326777776082,0,20
28,29.663765807574542,0.4526005847887559,2,11,0,0.9211499293645223,0,14,0,0.8145578702290853,0,17,0,1.0344431002934773,0,20
29,18.70502296256293,0.8930456042289734,2,26,72.40074341283635,0.6638757917616103,2,35
30,17.178226241716434,0.5242253045241038,2,6,0,0.9925748586654664,0,11,0,1.016336441040039,0,17,0,1.176642378171285,0,20
31,18.739610937947866,0.6190260052680969,2,4,0,1.4016072291594286,0,17,0,1.5847519636154175,0,20
32,15.11364790997054,0.4364202618598938,2,4,0,1.2481778413057327,0,12,0,1.1585577011108399,0,17,0,1.1646389961242676,0,20
33,8.592799854288263,0.9616573367800031,2,7,0,1.1057955026626587,0,10,0,1.0910619327000208,0,17,0,1.2071964343388875,0,20
34,43.11322610984292,0.28903155972560246,2,30
35,15.694257405065038,0.6068670392036438,2,5,0,0.948145588239034,0,8,0,1.0733474095662434,0,17,0,1.1881016095479329,0,20
36,16.29861277539654,0.7111156667981829,2,7,20.926138384585137,0.7514074065468528,2,18,38.29556483408802,0.6578052788972855,2,22
37,73.66165598148385,0.017855325341224672,1,5,107.38103522964877,0.02903675436973572,2,10,0,0.8961808979511261,0,14,0,0.9064128994941711,0,20
38,52.78219968906526,0.6390889108180999,2,10,0,0.9623717580522809,0,17,0,1.1865328152974446,0,20
39,18.242259772436494,0.46565333008766174,2,3,0,1.3470477291515894,0,17,0,1.2745790878931682,0,20
40,13.643855572590786,0.7357616901397706,2,20
41,23.06697735518889,0.38860487937927246,2,10,0,0.9591140349706014,0,13,0,0.7998964339494705,0,17,0,1.0604521036148071,0,20
42,0,1.0275708834330242,0,3,0,1.218536118666331,0,9,0,1.0621728748083115,0,17,0,1.065472920735677,0,20
43,10.215659671322179,0.34089165925979614,2,3,0,1.2354436450534396,0,12,0,1.2522109270095825,0,17,0,1.2383078734079997,0,20
44,7.345992419243661,1.130544126033783,2,10,0,0.8514147599538168,0,13,0,0.688856452703476,0,17,0,0.7496601939201355,0,20
45,0,0.8025234142939249,0,3,0,0.9927696228027344,0,8,0,0.8732792801327176,0,17,0,0.8675226370493571,0,20
46,0,0.6659807761510214,0,3,0,0.6770380636056265,0,9,0,0.6424691460349343,0,20
47,16.89575455030974,0.6539389405931745,2,14,117.49987809981474,0.058664436851228983,2,28,178.0737322356236,0.03812396000413334,2,45,35.45534423676268,0.3083612769842148,2,84
48,16.284937639428335,0.8252080111276536,2,21
49,18.422967549927055,0.24009142319361368,2,9,0,1.0947076082229614,0,12,0,0.988025712966919,0,17,0,1.2053064505259197,0,20
50,33.12992838354156,0.5520361977465013,2,17,0,1.121971607208252,0,20
51,0,0.7659308910369873,0,3,0,0.9809972047805786,0,9,0,0.9372435049577192,0,20
52,15.745943711736034,0.6301086324232595,2,27
53,0,0.8160934050877889,0,3,0,1.0552467505137126,0,9,0,0.9848576892505992,0,20
54,28.252000719607206,0.2624887724717458,2,9,0,0.777138372262319,0,12,0,0.724141788482666,0,17,0,0.7185436487197876,0,20
55,15.337893460521373,0.5264093081156412,2,9,0,1.0143537521362305,0,12,0,0.8558763265609741,0,16,0,1.0097289383411407,0,20
56,0,0.8232475717862447,0,3,0,1.006108025709788,0,9,0,1.0299376791173762,0,20
57,4.965924802962424,1.2748964230219524,2,3,0,1.3513018422656589,0,12,0,1.448810887336731,0,17,0,1.3784408966700237,0,20
58,20.725969258738555,1.097778558731079,2,5,0,1.0371519327163696,0,8,0,1.1009332206514146,0,17,0,1.12548832098643,0,20
59,14.914923107108796,1.1663953860600789,2,3,0,1.5750154256820679,0,11,0,1.6274768511454265,0,17,0,1.5210678974787395,0,20
60,20.86934080699889,0.9835662841796875,2,10,0,1.0196247100830078,0,13,0,0.8676091730594635,0,17,0,1.0810418526331584,0,20
61,0,0.8101314306259155,0,3,0,1.0408521890640259,0,8,0,1.0271755854288738,0,11,0,1.06320458650589,0,17,0,1.0986882448196411,0,20
62,2.403714476845611,1.0869681437810261,2,3,11.081143329566293,1.181827982266744,2,6,29.61617768168645,0.7618960837523142,2,12,222.13771163592764,0.3275136378678409,2,34,34.42780755276898,0.804961825410525,2,58
63,33.18308776733602,0.25635814666748047,2,5,66.3884073332783,0.20061206631362438,2,13,114.55222574543416,0.18942472338676453,2,17,208.43578441967725,0.12305160292557307,2,24,106.22708219804868,0.1879628226161003,2,28,62.42798513589298,0.300112821161747,2,44
64,17.32326141116774,1.0571127732594807,2,3,0,1.3251707156499226,0,6,0,1.366216202576955,0,12,0,1.2781494855880737,0,17,0,1.2379695177078247,0,20
65,0,0.6586203575134277,0,3,0,0.769697109858195,0,9,0,0.797927504236048,0,20
66,0,0.8273086547851562,0,3,0,1.0631059010823567,0,9,0,1.0382444966923108,0,20
67,17.868411712051113,0.6536935965220133,2,9,0,0.9729902346928915,0,12,0,0.8815161466598511,0,17,0,1.0855435530344646,0,20
68,30.673866553846494,0.1911431004603704,2,9,0,1.02273528277874,0,17,0,1.2702648242314656,0,20
69,17.059273151141685,1.1574412345886231,2,10,0,0.9555490414301554,0,13,0,0.7608944326639175,0,17,0,0.9691951274871826,0,20
70,19.558543525567963,0.9491672175271171,2,14,0,0.9627178112665812,0,20
71,20.739437745509836,0.3910573621590932,2,3,0,1.066881815592448,0,6,0,1.073077917098999,0,17,0,1.1423170566558838,0,20
72,19.559480371405723,0.347196706703731,2,14,0,0.701197216908137,0,20
73,12.806979379542353,0.6760018567244211,2,6,0,0.9834685325622559,0,11,0,0.9398286938667297,0,17,0,1.0672986110051472,0,20
74,45.29837204379232,0.20493755787611007,2,20
75,17.20106858171888,1.1165919814790999,2,7,0,1.0866932034492494,0,17,0,1.227717399597168,0,20
76,7.72238276361219,0.9130293812070575,2,7,40.68919236791401,0.16425439417362214,2,12,73.10519721982071,0.054837009446187454,2,34,0.7006397004888092,0.4970984823173947,2,43,1.740877145951703,0.3229207141058786,2,50,0.9846634986919631,0.3241461714108785,2,53,75.68697670644025,0.0573593204220136,2,65,5.434120157605279,0.2065664380788803,2,68,64.11928085341367,0.062183686173879184,2,81,0.3211886977022302,0.9370626211166382,2,85,35.88326823983939,0.1724080592393875,2,90,1.3565453932776979,0.39201854914426804,2,94,116.55388409435824,0.15561268975337347,2,100,17.235750666179722,0.2806854173541069,2,112,25.214125895814142,0.2675068862736225,2,120,6.178804474865896,0.3532586495081584,2,123
77,17.839587930185484,0.2644907236099243,2,10,0,0.8192911148071289,0,14,0,0.6764192581176758,0,17,0,0.7986795902252197,0,20
78,62.80794027883326,0.08534980192780495,2,8,0,1.1403689252005682,0,17,0,1.2347781260808308,0,20
79,50.6723182505657,0.4606343097984791,2,8,29.1832988308723,0.5487005710601807,2,14,0,0.7041122714678446,0,20
80,28.513803058498276,0.5555740174125222,2,17,1.1962522419448265,0.527872105439504,2,20
81,8.982600853148103,0.21423566341400146,2,5,0,1.3876970325197493,0,12,0,1.5082452535629272,0,17,0,1.5396103461583455,0,20
82,0.10865427614247403,0.9733081658681234,2,3,0,1.2795128557417128,0,12,0,1.3784464001655579,0,16,0,1.2738611698150635,0,20
83,10.960021410801343,0.6796832829713821,2,4,0,1.399105796447167,0,17,0,1.4637337525685628,0,20
84,0.12235771686423287,0.8371089299519857,2,3,0,1.1285236146714952,0,12,0,1.0819840669631957,0,17,0,1.042118509610494,0,20
85,10.456624053665807,0.4063597449234554,2,7,0,0.9525692860285441,0,10,0,0.8872354711805072,0,17,0,0.9958419799804688,0,20
86,21.62634615811041,1.0833673477172852,2,3,0,1.4516340047121048,0,11,0,1.4621385335922241,0,17,0,1.3189663887023926,0,20
87,10.465182234707628,1.067192703485489,2,4,0,1.4868771938177257,0,17,0,1.6381407181421916,0,20
88,17.738543167970814,0.7129068970680237,2,10,0,1.131855845451355,0,16,0,1.276450276374817,0,20
89,11.286581556214722,1.0162090914590018,2,7,0,0.8867688576380411,0,10,0,1.0078305176326208,0,17,0,1.1321318944295247,0,20
90,0.08085578698173788,0.8723781108856201,2,3,0,1.368815681513618,0,20
91,6.734793254850873,0.5802753369013468,2,6,0,1.3239639455621892,0,17,0,1.4498862822850545,0,20
92,14.209824857661154,0.979345069212072,2,17,2.546279049662222,0.9038536151250204,2,20
93,26.031381655256304,0.6251881420612335,2,10,0,0.8509246110916138,0,14,0,0.7341856956481934,0,17,0,0.8824122746785482,0,20
94,5.247326280115249,0.7553293307622274,2,6,0,1.3253613276915117,0,17,0,1.4373635053634644,0,20
95,22.724555045760937,0.30936280290285745,2,15,0,0.9359561204910278,0,20
96,20.77781665227188,0.2825125242982592,2,7,34.27707396104167,0.2275905559460322,2,10,0,0.8721499528203692,0,17,0,0.99128790696462,0,20
97,15.01984308357954,0.4587855711579323,2,4,25.17339031796005,0.5147975186506907,2,10,0,0.7839325904846192,0,20
98,12.238893895276737,0.9463563362757365,2,6,0,0.9076466162999471,0,9,0,0.8035994693636894,0,17,0,0.8767713308334351,0,20
99,0,0.8637236555417379,0,3,0,1.1604355176289876,0,9,0,1.0704458475112915,0,14,0,0.9701637427012125,0,17,0,1.020574649175008,0,20
100,0,0.870329221089681,0,3,0,1.176741099357605,0,8,0,1.081557830174764,0,17,0,1.1752477884292603,0,20
101,0,0.741189161936442,0,3,0,0.892825698852539,0,8,0,0.8266384998957316,0,11,0,0.9194733434253268,0,20
102,0,0.8181769847869873,0,3,0,1.0220999240875244,0,8,0,1.077603042125702,0,20
103,0,0.8287800351778666,0,3,0,1.008013089497884,0,9,0,1.026725172996521,0,20
104,0,0.6474356253941854,0,3,0,0.7406988640626272,0,9,0,0.763891642743891,0,20
105,0,0.8944592873255411,0,3,0,1.1528603037198384,0,9,0,0.9945577924901788,0,20
106,0,0.8848036924997965,0,3,0,1.0764915943145752,0,8,0,1.0636163552602131,0,20
107,20.480645015799407,1.2468076944351196,2,3,0,1.2869141101837158,0,6,0,1.4132704843174329,0,17,0,1.3492413759231567,0,20
108,7.231450076760798,0.38420459628105164,2,5,0,1.4623644351959229,0,11,0,1.4216577212015789,0,17,0,1.4318623940149944,0,20
109,0.2598127226709515,0.8510444164276123,2,3,0,1.5851054986317952,0,12,0,1.5757830142974854,0,17,0,1.4830859899520874,0,20
110,13.874504523029925,0.6716158219746181,2,7,0,1.153101126352946,0,10,0,1.241519570350647,0,17,0,1.3262282212575276,0,20
111,55.507224169321525,0.3897906355559826,2,8,101.29332762107644,0.2817929079135259,2,23,3.4215045682452883,0.5318278471628824,2,26
112,65.06595622538522,0.08465879410505295,2,6,84.22274981632121,0.06750808397065038,2,29
113,55.268406115864245,0.4451769292354584,2,11,80.9171949358651,0.5061193895339966,2,36,169.69454360785915,0.4331825762987137,2,56,96.64530692866646,0.5330461604254586,2,63
114,46.420942116229924,0.24122753670049268,2,43
115,0,0.8457850615183512,0,3,0,1.0805997848510742,0,9,0,1.0499361902475357,0,17,0,1.1649789810180664,0,20
116,36.91256370451536,0.7518570158216689,2,9,71.50590446401583,0.5556138853232065,2,12,158.66353620534517,0.07827188876958993,2,51
117,24.815687197002397,0.9125364124774933,2,4,0,1.3150598819439228,0,17,0,1.4777594010035198,0,20
118,10.11163443262554,0.5873567660649618,2,6,0,1.1891294121742249,0,10,0,1.1568032503128052,0,17,0,1.2185014088948567,0,20
119,11.215305932049818,0.0792163610458374,2,7,0,1.1480387926101685,0,12,0,1.1303659677505493,0,17,0,1.1910001436869304,0,20
120,0.37226710664616164,1.0141677061716716,2,3,0,1.5172646707958646,0,12,0,1.5364216804504394,0,17,0,1.5296085278193157,0,20
121,32.036368341083744,0.2772141322493553,2,4,58.51294061312923,0.22345959826519615,2,23,80.87179344754448,0.2387890507777532,2,38
122,32.83147422322824,0.6888785502489876,2,17,0,1.0634516874949138,0,20
123,0.18105812698805007,0.8798006375630697,2,3,0,1.208943619447596,0,20
124,0.29596541021545564,0.9492981831232706,2,3,0,1.59085832701789,0,12,0,1.5310734987258912,0,17,0,1.4935524861017864,0,20
125,0,0.8479671875635783,0,3,0,1.082599977652232,0,9,0,1.0748179392381148,0,20
126,4.448088064236566,0.7312005460262299,2,4,0,1.154950426175044,0,17,0,1.216816504796346,0,20
127,11.791369725484545,0.9024677276611328,2,3,0,1.2132936418056488,0,11,0,1.2498561938603718,0,17,0,1.0984233617782593,0,20
128,19.39422103206774,0.24932558834552765,2,4,0,0.897571169413053,0,17,0,0.9158507982889811,0,20
129,0,0.7155992984771729,0,3,0,0.791980504989624,0,10,0,0.8226139903068542,0,20
130,14.765607093351806,0.6828742027282715,2,8,0,1.039682298898697,0,12,0,0.9512415409088135,0,17,0,1.1464194456736247,0,20
131,7.030178852743084,1.332274079322815,2,5,0,0.9553471803665161,0,8,0,0.9352459907531738,0,17,0,1.0535345077514648,0,20
132,22.312769206047,0.750527641989968,2,11,0,0.9752335548400879,0,14,0,0.8336617946624756,0,17,0,1.1234365701675415,0,20
133,0.27745898939502905,0.8817338943481445,2,3,0,1.6210946771833632,0,12,0,1.5219690799713135,0,17,0,1.5018579959869385,0,20
134,10.828510922601563,0.4630357325077057,2,5,0,1.3689794301986695,0,10,0,1.4108553954533167,0,17,0,1.5113470156987507,0,20
135,20.34960330026974,1.113059057129754,2,9,0,0.9550636356527155,0,20
136,11.550931381214957,0.9203765051705497,2,14,0,0.7923181156317393,0,20
137,0.2928608336554604,1.0000186761220295,2,3,0,1.5986056460274591,0,12,0,1.5874991416931152,0,17,0,1.5484300057093303,0,20
138,15.786790326338698,0.7304193854331971,2,10,0,0.8866573231560844,0,17,0,1.0785813728968303,0,20
139,17.65659987025148,1.1077189842859905,2,6,0,1.1445772886276244,0,11,0,1.4579237831963434,0,20
140,15.370648345872759,0.17893495729991368,2,7,0,0.9801536401112875,0,10,0,0.9761841808046613,0,17,0,1.1290635267893474,0,20
141,0.14994951431837786,0.9303619066874186,2,3,0,1.4145800669987996,0,12,0,1.4088361263275146,0,17,0,1.3345883687337239,0,20
142,10.89336046371533,1.298649787902832,2,5,0,0.9170095920562744,0,12,0,0.9889998435974121,0,16,0,1.1309734582901,0,20
143,30.205141954738174,0.507945328950882,2,25
144,0,0.7158988316853842,0,3,0,0.8813912272453308,0,9,0,0.8432188142429698,0,20
145,0,0.6985097924868265,0,3,0,0.7616685628890991,0,9,0,0.7612882039763711,0,20
146,14.433811920206486,0.22400550420085588,2,12,0,0.7272256255149842,0,17,0,0.7676647106806437,0,20
147,0.3682403993334947,0.6524266799290975,2,3,0,1.2691821140401505,0,20
148,0.07115892305643172,0.7131653428077698,2,3,0,1.0799801069147446,0,20
149,0.3027974799000671,0.8692595561345419,2,3,0,1.3384601473808289,0,11,0,1.2662503719329834,0,17,0,1.2318344116210938,0,20
150,11.90590253485893,0.5903569715363639,2,7,25.117285785278277,0.46214860677719116,2,11,106.10918565274125,0.23765050868193308,2,20
151,0,0.8164114753405253,0,3,0,1.0137969255447388,0,8,0,1.0700144370396931,0,20
152,21.26865394654776,0.5938447373253959,2,7,0,0.8003907601038615,0,10,0,0.684483011563619,0,13,0,0.4429399371147156,0,17,0,0.4715346296628316,0,20
153,0,0.6633081038792928,0,3,0,0.7408313495772225,0,10,0,0.7508369266986847,0,20
154,0,0.904084841410319,0,3,0,1.1124844312667848,0,8,0,1.0686325132846832,0,20
155,0,0.7377893527348837,0,3,0,0.8632763624191284,0,10,0,0.8740124344825745,0,20
156,0,0.7749068737030029,0,3,0,0.9013379812240601,0,9,0,0.8605029881000519,0,17,0,0.9847772121429443,0,20
157,15.982798517155022,0.3750561092581068,2,7,0,0.719708651304245,0,17,0,0.7817389766375223,0,20
158,10.200170273845213,0.886249167578561,2,7,0,1.1704578399658203,0,10,0,1.0973437683922904,0,17,0,1.219433108965556,0,20
159,19.429796958566108,1.1464179548723945,2,29
160,23.12220162926969,0.9515205919742584,2,8,0,1.0760080814361572,0,17,0,1.2426539262135823,0,20
161,27.174609260094304,1.4606000781059265,2,10,0,1.4766288201014202,0,16,0,1.6115154027938843,0,20
162,19.528450454606887,0.4416477769613266,2,20,74.50141743116046,0.37686245143413544,2,30
163,22.71087489910435,1.282256841659546,2,4,0,1.518750575872568,0,17,0,1.6055286327997844,0,20
164,12.651863372789943,0.4805436134338379,2,3,0,1.0272146463394165,0,12,0,1.1550393104553223,0,17,0,1.0514889160792034,0,20
165,2.6670747519868376,0.6290067136287689,2,4,0,1.0511376410722733,0,12,0,0.9682621479034423,0,17,0,1.0344557364781697,0,20
166,22.311867652122437,0.5387364327907562,2,8,0,1.1165358755323622,0,17,0,1.2936842838923137,0,20
167,0.17251341934103903,0.9272922277450562,2,3,0,1.0613450583289652,0,20
168,8.11628947010964,1.0393956104914348,2,6,0,1.0161755482355754,0,9,0,1.057223603129387,0,17,0,1.195891261100769,0,20
169,21.359480132757543,0.715003768603007,2,3,0,1.39248026907444,0,11,0,1.4343905250231426,0,17,0,1.4482775926589966,0,20
170,22.35338508655113,0.433844667673111,2,5,0,0.8913588126500448,0,8,0,0.9567771752675375,0,17,0,1.023769497871399,0,20
171,18.866577267527255,0.9050818809441158,2,28
172,26.1136129449073,0.5369007128935593,2,13,0,0.9443346091679165,0,20
173,0.2357740744164496,0.992504358291626,2,3,0,1.487900659441948,0,11,0,1.5663819710413616,0,17,0,1.4398675362269084,0,20
174,0.22731100949217733,0.7099787394205729,2,3,0,1.5094627071829403,0,20
175,17.74563586189723,0.5754201809565226,2,6,0,1.3229032321409746,0,17,0,1.4996806780497234,0,20
176,24.776091046018287,0.3958250403404236,2,5,0,0.8403098483880361,0,17,0,0.8689847389856974,0,20
177,9.297370245023336,0.498176172375679,2,4,0,1.0869261851677527,0,17,0,1.1801864306132,0,20
178,30.86028057358497,1.4549062649408977,2,3,0,1.1735301443508692,0,17,0,1.2738926410675049,0,20
179,21.911985492138662,0.5814510226249695,2,10,0,0.7591985066731771,0,13,0,0.5782346725463867,0,17,0,0.7265335520108541,0,20
180,13.076348492399381,0.8381524822291206,2,34
181,0.29733373765156035,1.1758885780970256,2,3,0,1.462397187948227,0,11,0,1.4022449056307476,0,17,0,1.3427810271581013,0,20
182,0,0.8632206122080485,0,3,0,1.1080205202102662,0,8,0,1.0434090163972642,0,17,0,1.1545069615046184,0,20
183,23.232344528057766,0.15369018663962683,2,12,0,0.8783623725175858,0,20
184,15.21406942126851,1.1421945194403331,2,12,0,0.9048242494463921,0,20
185,19.9761535120816,0.6956383436918259,2,8,0,0.9043209552764893,0,11,0,0.8045311371485392,0,17,0,0.9808142979939779,0,20
186,9.047183621622931,1.4170393546422322,2,6,34.646840177354996,0.36103041768074035,2,21,93.06307411201088,0.5358817875385284,2,26,27.40783549772315,0.47325681493832517,2,39
187,0,0.944669763247172,0,3,0,1.1945354461669921,0,8,0,1.1166432201862335,0,20
188,42.21033627460518,0.9598295986652374,2,4,0,1.4144139748353224,0,17,0,1.5933900674184163,0,20
189,57.427490478067426,0.24395491182804108,2,4,0,0.8075761107298044,0,17,0,0.9162573417027792,0,20
190,17.992340184693425,0.5698740482330322,2,3,0,1.39999977179936,0,17,0,1.2754299640655518,0,20
191,0,0.5695319175720215,0,3,0,0.6070313198225838,0,10,0,0.6023616850376129,0,20
192,14.080176163406003,1.0906749566396077,2,3,0,1.2686275111304388,0,12,0,1.2857237815856934,0,17,0,1.1981252431869507,0,20
193,0,0.8684411843617758,0,3,0,1.118332048257192,0,9,0,0.9585558392784812,0,20
194,26.559436909253286,1.0631947219371796,2,4,0,1.2943777292966843,0,12,0,1.2914144039154052,0,17,0,1.3134775161743164,0,20
195,0.25163793239314874,1.0307705402374268,2,3,0,1.590878923734029,0,12,0,1.5954333782196044,0,17,0,1.521773894627889,0,20
196,39.34195743562773,0.5435288165296827,2,14,50.882272128579004,0.8017532933842052,2,25
197,42.714752172111176,0.10037185030954855,2,27
198,0,0.9235761562983195,0,3,0,1.2073870698610942,0,9,0,1.1323019117116928,0,17,0,1.2498948574066162,0,20
199,0,0.627629021803538,0,3,0,0.692449654851641,0,10,0,0.69016153216362,0,20
200,24.639737320624295,1.0919034481048584,2,4,0,1.3499312492517324,0,17,0,1.4077041943868,0,20
201,24.29082720486124,1.732053518295288,2,5,0,1.5212530408586775,0,12,0,1.4865461587905884,0,17,0,1.4416574637095134,0,20
202,0.1672139256389108,0.8191320697466532,2,3,0,1.3359931707382202,0,10,0,1.272523868083954,0,20
203,0.17679471008861056,1.0000824530919392,2,3,0,1.5849006440904405,0,12,0,1.6304274320602417,0,17,0,1.4718836148579915,0,20
204,17.936349970907056,0.854887706892831,2,14,0,0.9856493274370829,0,20
205,25.44578718947198,0.27713104556588564,2,17,0.6577660060065689,0.4062478442986806,2,20
206,9.72079971293796,0.7436871698924473,2,7,0,0.795191486676534,0,10,0,0.9049799953188215,0,17,0,1.018693248430888,0,20
207,18.797157327815615,1.0645582044825834,2,17,1.8305347417988043,0.8893111944198608,2,20
208,28.89049550654049,0.8676011562347412,2,3,0,1.1125521319253104,0,17,0,1.2233113447825115,0,20
209,0,0.9263873100280762,0,3,0,1.1394279599189758,0,9,0,0.9918777197599411,0,17,0,0.938254197438558,0,20
210,14.095725348822633,0.8990936534745353,2,14,0,0.8041281004746755,0,20
211,15.81755186651977,0.8000627905130386,2,8,0,1.0331389506657918,0,11,0,1.0315476854642232,0,17,0,1.1801071564356487,0,20
212,36.565007927753086,1.2961825132369995,2,5,0,1.2622342507044475,0,8,0,1.3364418480131361,0,17,0,1.390506347020467,0,20
213,20.006625646658872,0.7456323107083639,2,6,0,1.1671620806058247,0,12,0,1.1142727851867675,0,17,0,1.1996246576309204,0,20
214,29.78922633228757,0.755912446975708,2,5,0,1.2133240103721619,0,17,0,1.4595431089401245,0,20
215,13.101251658307696,0.5524536669254303,2,4,0,1.4590064562284029,0,17,0,1.465680718421936,0,20
216,16.437590395277127,0.9502208034197489,2,6,0,1.2055488608100198,0,17,0,1.4220568736394246,0,20
217,4.022864464423857,0.5835678974787394,2,3,110.00800639585297,0.3863601014018059,2,15,39.853943691748846,0.5838500149548054,2,31
218,2.014641108273173,0.5049924179911613,2,4,0,1.4795734057059655,0,17,0,1.487921675046285,0,20
219,8.502064820778406,0.3299463788668315,2,6,0,1.3427867889404297,0,12,0,1.3686746835708619,0,17,0,1.4843700726826985,0,20
220,10.275337159418644,0.4941052198410034,2,5,0,1.2868440548578899,0,8,0,1.4230662319395277,0,17,0,1.4372971057891846,0,20
221,23.81979705380791,0.362314510345459,2,5,0,1.1779019435246785,0,17,0,1.3087482452392578,0,20
222,12.26520421850085,1.5842903852462769,2,4,0,1.237189192038316,0,17,0,1.454058329264323,0,20
223,125.50705187783255,0.2646655738353729,2,8,50.09608297334451,0.32072219252586365,2,16,0,1.2470109462738037,0,20
224,24.611281188864723,0.5573809146881104,2,6,0,1.1473243019797585,0,17,0,1.26953121026357,0,20
225,0.36705125246064163,0.6965611477692922,2,3,0,1.036781975201198,0,17,0,1.041500488917033,0,20
226,11.504892982660511,0.8522132933139801,2,4,0,0.8796174067717332,0,17,0,1.032451868057251,0,20
227,15.018100275347717,1.2085063854853313,2,3,0,1.163769523302714,0,6,0,1.3726691982962869,0,17,0,1.365797996520996,0,20
228,0,0.8615178267161051,0,3,0,1.033379602432251,0,8,0,1.0131628314654033,0,20
229,33.41964951488066,1.0403176004236394,2,11,142.89141290373556,0.8785959482192993,2,14,0,1.2249044974644978,0,17,0,1.1679271856943767,0,20
230,8.121133767654404,0.4842636361718178,2,4,0,1.2576884489793043,0,17,0,1.307124376296997,0,20
231,13.453155882036818,0.6064728583608355,2,7,0,0.8819133440653483,0,10,0,0.8671380451747349,0,17,0,0.9813429514567057,0,20
232,16.953776158236327,0.8112316528956095,2,3,0,1.4351027806599934,0,6,0,1.4455623626708984,0,12,0,1.342942214012146,0,17,0,1.2706880569458008,0,20
233,15.37890002459208,0.7892586451310378,2,13,0,0.9601252675056458,0,20
234,12.413027367155621,1.2847413221995037,2,3,0,1.511011693212721,0,12,0,1.494951605796814,0,17,0,1.463413675626119,0,20
235,0.19579507820183742,1.0667399962743123,2,3,0,1.4922184811698065,0,12,0,1.4877143383026123,0,17,0,1.40984050432841,0,20
236,35.1967106830544,0.5629780625595766,2,34
237,22.630552205284967,0.1888167845706145,2,12,0,0.940186882019043,0,17,0,1.1007387240727742,0,20
238,0,0.8822864691416422,0,3,0,1.1566402673721314,0,8,0,1.1791549821694691,0,20
239,7.959535651426254,0.6642828996364887,2,13,2.2170309693583805,0.8966126044591268,2,16,1.3218608453272367,0.8407601863145828,2,20,18.105615148103826,0.6547351098722882,2,56
240,65.01539337157125,0.19420544459269598,2,13,0,0.7683660898889814,0,20
241,0,0.9606596231460571,0,3,0,1.1275505820910137,0,9,0,1.0510865300893784,0,17,0,1.1092838446299236,0,20
242,40.76055062972208,0.7441611289978027,2,4,0,1.2980653781157274,0,17,0,1.536220868428548,0,20
243,26.37407689293851,0.3551935652891795,2,3,44.171559655407044,0.2636720687150955,2,9,0,0.9516791105270386,0,12,0,0.7264015316963196,0,17,0,0.9434823195139567,0,20
244,12.263097238038078,0.35302366813023883,2,9,0,1.0773447751998901,0,12,0,0.9730511665344238,0,17,0,1.1036888360977173,0,20
245,27.450592573083604,0.8991585969924927,2,4,0,1.389253815015157,0,7,0,1.3449134627978008,0,13,0,1.3036105334758759,0,17,0,1.2661856810251872,0,20
246,23.517134667008648,1.1872267246246337,2,5,0,1.2171542247136433,0,17,0,1.4614686171213787,0,20
247,14.492896278956845,0.6863807042439779,2,3,0,1.5974786149130926,0,12,0,1.5659834623336792,0,17,0,1.4595682621002197,0,20
248,0,0.7902982632319132,0,3,0,0.9437141248158046,0,10,0,0.9332431197166443,0,20
249,7.925995110892737,0.9352550506591797,2,5,0,1.2677095447267805,0,12,0,1.3556644201278687,0,17,0,1.3944520950317383,0,20
250,17.496212063357362,1.217096757888794,2,15,22.71786947384049,0.6785151541233063,2,25,70.48891837374863,0.05982887270775708,2,47,43.56662102626072,0.10171712686618169,2,53,3.328677353106983,0.810334827218737,2,67,67.11263340932736,0.16635383665561676,2,70,97.46668852009581,0.08744309624520744,2,111,0.31467108349556555,1.0372040470441182,2,117,120.3106811362443,0.40729424357414246,2,120,62.17291924995507,1.4485292583703995,2,128,10.765475451462454,1.2523757616678874,2,131
251,0,0.7631752093633016,0,3,0,0.9589014291763306,0,8,0,0.9323251644770304,0,11,0,0.9982293248176575,0,17,0,1.0635439554850261,0,20
252,57.32501845719036,0.21866383031010628,2,4,0,1.0620267758002648,0,17,0,1.206454594930013,0,20
253,24.059240437777593,1.0861187875270844,2,4,34.257473408669604,1.1236088474591572,2,10,0,0.9668608903884888,0,13,0,0.8398212492465973,0,17,0,1.0781683127085369,0,20
254,19.55057175957898,0.22290429770946502,2,5,0,0.9866156478722891,0,17,0,1.1116174856821697,0,20
255,8.390932351173479,0.5465234160423279,2,5,0,1.0706696510314941,0,8,0,1.1159600019454956,0,17,0,1.1558146874109905,0,20
256,6.918004982792645,0.8081731498241425,2,4,0,1.1855528652668,0,12,0,1.2041116952896118,0,17,0,1.2189280192057292,0,20
257,0,0.8120981057484945,0,3,0,1.0532230933507283,0,9,0,1.014889587055553,0,20
258,17.269928571646098,1.2421635389328003,2,3,0,1.3948913017908733,0,6,0,1.5040779113769531,0,17,0,1.4895461002985637,0,20
259,0,0.8478608330090841,0,3,0,1.0754604578018188,0,8,0,1.100776215394338,0,20
260,0,0.9805770715077718,0,3,0,1.1305690322603499,0,10,0,1.0152165038245065,0,17,0,1.029239813486735,0,20
261,11.56586191191523,0.3183072904745738,2,3,0,1.4017111725277371,0,12,0,1.2727034091949463,0,17,0,1.3386625051498413,0,20
262,0,0.8327658375104269,0,3,0,1.0708752075831096,0,9,0,0.9259722016074441,0,20
263,0,0.8495033979415894,0,3,0,1.0972068309783936,0,9,0,0.9780858104879205,0,20
264,0,0.724587619304657,0,3,0,0.9136520425478617,0,9,0,0.8668107444589789,0,20
265,0,0.8608099222183228,0,3,0,1.0712774515151977,0,8,0,1.0392154157161713,0,20
266,0,0.742599606513977,0,3,0,0.9233736991882324,0,9,0,0.8761596354571256,0,20
267,0.1479832790598441,1.189475417137146,2,3,0,1.5672289265526667,0,12,0,1.6535750865936278,0,17,0,1.5433526833852131,0,20
268,0.18054520370717658,1.1868359247843425,2,3,0,1.5516409079233806,0,12,0,1.6179723739624023,0,17,0,1.5215191046396892,0,20
269,0.14196807877007508,1.0322866042455037,2,3,0,1.3408134664808,0,10,0,1.365606325013297,0,17,0,1.3625839948654175,0,20
270,19.58952231980127,0.5553052084786552,2,7,0,1.1541117827097576,0,10,0,1.0474064350128174,0,17,0,1.169950048128764,0,20
271,0.11064220820284507,1.0713233550389607,2,3,0,1.423033160822732,0,17,0,1.3251672585805256,0,20
272,28.771882745539322,0.923721710840861,2,3,0,1.4012044270833333,0,6,0,1.427359978357951,0,12,0,1.4334855318069457,0,17,0,1.4921802679697673,0,20
273,0,0.8067301313082377,0,3,0,1.0027204513549806,0,8,0,0.9191246959898207,0,17,0,0.9414132038752238,0,20
274,0,0.8054337898890177,0,3,0,1.0243720213572185,0,9,0,1.0166634917259216,0,17,0,1.1050817966461182,0,20
275,0,0.980268637339274,0,3,0,1.2216294765472413,0,8,0,1.1278216971291437,0,17,0,1.1846487919489543,0,20
276,0,0.6665890018145243,0,3,0,0.7917893131573995,0,9,0,0.8334361965006049,0,20
277,0,0.8155264258384705,0,3,0,0.9887005289395651,0,9,0,0.9670284227891401,0,20
278,0,0.8228521347045898,0,3,0,0.9854839086532593,0,8,0,0.9718277553717295,0,20
279,25.22790160964262,1.0688849836587906,2,8,0,0.82626697089937,0,17,0,1.0414762496948242,0,20
280,0,0.7472765843073527,0,3,0,0.8975323041280111,0,9,0,0.8391627235846086,0,20
281,0,0.8283598025639852,0,3,0,1.0771811207135518,0,9,0,0.9632636742158369,0,20
282,23.420774341791002,1.1034643054008484,2,8,0,1.078139305114746,0,15,0,1.3087146282196045,0,20
283,23.237929888099945,1.1404809653759003,2,4,0,1.2756749299856334,0,17,0,1.3872498671213787,0,20
284,22.165578056343623,0.5856364284242902,2,7,0,0.9332583546638489,0,17,0,1.002751072247823,0,20
285,11.099410445898716,1.2578097820281982,2,5,0,0.9794772068659464,0,8,0,1.1468929714626737,0,17,0,1.2525002161661785,0,20
286,39.601132153378444,0.49105980721386994,2,22,27.56774961888819,0.4801942805449168,2,25
287,48.78568686301449,0.2690348088741302,2,15,0,1.0286179542541505,0,20
288,27.355635353375853,0.9795590241750082,2,3,0,1.5125749111175537,0,6,0,1.4172759771347045,0,11,0,1.3991913795471191,0,17,0,1.2862292528152466,0,20
289,21.49987732874579,0.8980116309790775,2,29
290,17.00045342261371,0.8525165915489197,2,6,0,1.3423018022017046,0,17,0,1.547465165456136,0,20
291,0,0.724587619304657,0,3,0,0.9136520425478617,0,9,0,0.8668107444589789,0,20
292,0.45090804149904906,1.090490420659383,2,3,0,1.6941190030839708,0,12,0,1.745933508872986,0,17,0,1.6803817351659138,0,20
293,0,1.0164761145909627,0,3,0,1.3035004615783692,0,8,0,1.241040716568629,0,20
294,114.73388706841946,0.3708665867646535,2,3,159.13355889880157,0.4590104983912574,2,30
295,20.23006565317942,0.536274254322052,2,6,0,1.4406551989642056,0,17,0,1.5941916306813557,0,20
296,0.13758264449668303,1.0518829822540283,2,3,0,1.5502173900604248,0,12,0,1.5404213428497315,0,17,0,1.484577218691508,0,20
297,21.755691734203314,0.5270445823669434,2,10,0,0.8538081645965576,0,14,0,0.7165644566218058,0,17,0,0.8311536510785421,0,20
298,9.161526576115525,0.3801443080107371,2,3,0,1.0268264876471624,0,12,0,1.0029201745986938,0,17,0,0.9984778563181559,0,20
299,18.09987353547489,0.8920831203460693,2,10,0,1.111452301343282,0,16,0,1.2158830165863037,0,20
300,122.3830443828221,0.15315525084733964,2,30
301,32.90571891641151,0.3906750818093618,2,15,0,1.144083309173584,0,20
302,0.1807161267107973,0.9461888472239176,2,3,0,1.4408246874809265,0,17,0,1.3938634792963664,0,20
303,0.20608298256157415,0.7676644921302795,2,3,0,1.3317741288079157,0,12,0,1.3365981340408326,0,17,0,1.2339280446370442,0,20
304,0.21519592595196455,1.0007262627283733,2,3,0,1.4594221512476604,0,12,0,1.4323440313339233,0,17,0,1.4132343928019206,0,20
305,21.29263904287256,0.4378331924478213,2,24
306,25.628804846961412,0.6545913955744576,2,17,0.8216133121399055,0.6612421870231628,2,20
307,0,0.644042948881785,0,3,0,0.7270618975162506,0,9,0,0.744023474779996,0,20
308,21.515786495450502,0.6120873051030296,2,14,0,0.8749821980794271,0,20
309,45.46489475977349,0.24819566681981087,2,4,84.33881538367757,0.18972529967625937,2,7,140.22057624880884,0.11249158978462219,2,12,0,0.8901943191885948,0,20
310,4.333509444715811,0.9019073009490967,2,5,22.964759854566225,1.1316061466932297,2,21
311,0,0.733400305112203,0,3,0,0.8042141880307879,0,10,0,0.8410334050655365,0,20
312,0,1.0489248832066853,0,3,0,1.2395901679992676,0,9,0,1.0538197755813599,0,20
313,21.8843567673348,0.7145781368017197,2,4,0,1.3872700012647188,0,17,0,1.5114388465881348,0,20
314,32.110953714261626,0.39537404105067253,2,8,0,0.8496114760637283,0,12,0,0.7111733555793762,0,17,0,0.8774484395980835,0,20
315,32.54069772172282,0.4121508654206991,2,16,0,1.1563923060894012,0,20
316,24.954493769680955,1.0717419743537904,2,10,0,0.9913905560970306,0,14,0,0.8477000792821249,0,17,0,1.0793161789576213,0,20
317,20.95087371413936,1.378551761309306,2,12,0,0.8689141273498535,0,20
318,32.86977550313242,1.331096738576889,2,4,0,1.3584403808300312,0,17,0,1.4851319789886475,0,20
319,13.171347792544369,1.3442228883504868,2,8,0,0.947915063963996,0,17,0,1.1791572173436482,0,20
320,0,0.7207555174827576,0,3,0,0.8774210691452027,0,8,0,0.8077033758163452,0,11,0,0.8650036123063829,0,20
321,14.108800359893733,1.1567113399505615,2,4,0,1.1524162292480469,0,17,0,1.2923800150553386,0,20
322,14.988200599389874,0.28080958127975464,2,11,5.807216411598439,0.35856132209300995,2,14,0,0.7186730255683264,0,20
323,0,0.7984673579533895,0,3,0,0.9482195377349854,0,9,0,0.9726835597645153,0,20
324,9.231931490918287,0.24498154648712703,2,7,0,0.9882819652557373,0,10,0,0.8970329420907157,0,17,0,1.0105080604553223,0,20
325,71.06496765723331,0.2250219914648268,2,9,0,0.8687535921732584,0,12,0,0.6935610771179199,0,17,0,0.8569921652475992,0,20
326,71.29792246304991,0.07637472450733185,2,4,123.54957259383188,0.1423934449752172,2,13,0,0.8798681497573853,0,16,0,0.9492888748645782,0,20
327,0,0.8710172971089681,0,3,0,1.138113260269165,0,8,0,0.9514112671216329,0,20
328,0,0.8991414705912272,0,3,0,1.2145051956176758,0,8,0,1.04352734486262,0,20
329,85.58692975184661,0.6156711152621678,2,7,3.24125784551928,0.9164517819881439,2,11,127.12965391612178,0.42740154018004733,2,35,93.21705985274951,0.4311034679412842,2,43,3.1670453351147785,0.6299213767051697,2,46
330,0.307806110159724,0.9622613191604614,2,3,0,1.5154809653759003,0,11,0,1.5821541547775269,0,17,0,1.4722810983657837,0,20
331,0,0.738106369972229,0,3,0,0.9069133996963501,0,10,0,0.85893794298172,0,20
332,0,0.7670522133509318,0,3,0,0.8960822582244873,0,8,0,0.8168381452560425,0,17,0,0.952622652053833,0,20
333,0,0.7296001315116882,0,3,0,0.9099482808794294,0,10,0,0.8722002625465393,0,20
334,0,0.7993624607721964,0,3,0,1.0198611617088318,0,9,0,1.0020097196102142,0,17,0,1.0907245477040608,0,20
335,0,0.8167173067728678,0,3,0,1.0677916208902996,0,9,0,1.030812848698009,0,20
336,0.13790484819224053,0.8172475894292196,2,3,0,1.3345682322978973,0,11,0,1.3788506189982097,0,17,0,1.2868001461029053,0,20
337,20.338390818800654,1.0967273712158203,2,3,0,1.317408521970113,0,6,0,1.3407193422317505,0,11,0,1.362114429473877,0,17,0,1.293530027071635,0,20
338,15.928809054319853,0.60174028078715,2,6,0,0.8220968734134327,0,17,0,0.8929439385732015,0,20
339,17.94826594925771,0.8391999687467303,2,7,0,1.0672706484794616,0,17,0,1.270431121190389,0,20
340,0.24223191841973263,0.7580186128616333,2,3,0,1.0799164491541244,0,20
341,36.20265628412257,0.6820020973682404,2,8,0,1.1679834723472595,0,12,0,1.1572439908981322,0,17,0,1.5207545757293701,0,20
342,0.26603674114178893,0.8109278480211893,2,3,0,1.4403725521905082,0,17,0,1.3654747406641643,0,20
343,20.88391325329198,1.0230049192905426,2,4,0,0.7291430372458237,0,17,0,0.8013850450515747,0,20
344,12.978604349720197,0.8295684456825256,2,6,0,1.5082264271649448,0,17,0,1.7229036092758179,0,20
345,0.3067979737102516,0.9024053414662679,2,3,0,1.322220802307129,0,10,0,1.3190130846840995,0,17,0,1.1974635124206543,0,20
346,31.360014596028208,0.884146491686503,2,6,0,1.1008364260196686,0,10,0,1.135605948311942,0,17,0,1.2387579679489136,0,20
347,17.22990618986974,1.0278249263763428,2,15,0,0.8842442154884338,0,20
348,41.987650115395546,0.25058890258272487,2,12,14.794818089270548,0.2655009627342224,2,15,50.05571914722228,0.2821207266104849,2,34,110.42574960043616,0.30506522456804913,2,40,34.85144833227286,0.6213491757710775,2,43,23.007495886747353,0.5473347097635269,2,63
349,26.469869854868264,0.9112033193761652,2,11,0,0.9225398964352078,0,20
350,29.764240245011607,0.6812608391046524,2,4,0,1.0917450372989361,0,17,0,1.2397710879643757,0,20
351,0,0.8970280090967814,0,3,0,1.0942391633987427,0,8,0,1.0554295182228088,0,20
352,34.81961867863393,0.45525731719457185,2,13,0,0.8412094371659415,0,20
353,0.10421976218964026,0.8839250008265177,2,3,0,1.3524375756581624,0,12,0,1.3999041080474854,0,17,0,1.315032720565796,0,20
354,16.106085132954803,0.3818548288610246,2,9,0,0.9969301621119181,0,12,0,0.8638350963592529,0,16,0,0.9663325250148773,0,20
355,22.092955014963596,0.8635191023349762,2,4,0,1.2186236381530762,0,17,0,1.2629785537719727,0,20
356,0,1.028823455174764,0,3,0,1.2377253373463948,0,9,0,1.0986305177211761,0,17,0,1.118683139483134,0,20
357,0,0.7765900293986002,0,3,0,0.8621184925238291,0,9,0,0.8359528834169562,0,20
358,0,0.9015469551086426,0,3,0,1.076273226737976,0,8,0,1.0345096290111542,0,20
359,16.21465460553806,1.186725412096296,2,7,0,0.9355839093526205,0,10,0,0.997515082359314,0,17,0,1.0734054644902546,0,20
360,0,0.6137159069379171,0,3,0,0.6016527016957601,0,9,0,0.5816254832527854,0,20
361,0.09887680813113281,0.6236507097880045,2,3,0,1.205052423477173,0,8,0,1.1290428042411804,0,12,0,1.117504858970642,0,17,0,0.9892837206522623,0,20
362,18.260595002654807,0.9470832943916321,2,8,0,1.0515593025419447,0,17,0,1.2280242840449016,0,20
363,40.84166094480919,0.6939183796445528,2,24
364,25.050144972910203,0.8291756629943847,2,5,0,1.3852043052514393,0,17,0,1.602109471956889,0,20
365,0,0.7580294211705526,0,3,0,0.8190010984738668,0,9,0,0.7881904948841442,0,20
366,0,0.8262771765391032,0,3,0,1.056160831451416,0,8,0,0.9680152336756388,0,11,0,1.0318139791488647,0,17,0,1.1329917112986247,0,20
367,0,0.8244248231252035,0,3,0,1.072486937046051,0,9,0,1.0331110737540505,0,20
368,0,0.8316065073013306,0,3,0,1.0849179824193318,0,9,0,0.961528019471602,0,20
369,0,0.9213319222132365,0,3,0,1.1473012566566467,0,9,0,1.070714756846428,0,17,0,1.081947962443034,0,20
370,14.824663368504194,1.0088325500488282,2,5,0,1.1814147233963013,0,17,0,1.2161704699198406,0,20
371,18.86958178730401,1.0474591553211212,2,4,0,1.1597699660521288,0,17,0,1.3319212992986043,0,20
372,0.26607128387844764,1.0589125156402588,2,3,0,1.5005244546466403,0,12,0,1.418772029876709,0,17,0,1.4332224130630493,0,20
373,38.80058817234901,1.1987402737140656,2,4,0,1.1434323329191942,0,17,0,1.4300192594528198,0,20
374,24.443384052074432,0.8001774996519089,2,8,0,1.1402194499969482,0,11,0,1.1440467635790508,0,17,0,1.267704725265503,0,20
375,0,0.8110045591990153,0,3,0,1.0393187761306764,0,8,0,1.018002986907959,0,11,0,1.0581282377243042,0,17,0,1.1127409140268962,0,20
376,0.14301596494639776,0.9376252492268881,2,3,0,1.447029569569756,0,20
377,16.034285203730608,1.2321943044662476,2,4,0,1.1802983925892756,0,17,0,1.3985127607981365,0,20
378,0.27452605721106166,0.7375609874725342,2,3,0,1.3746233648724027,0,12,0,1.3801915884017943,0,17,0,1.2729521195093791,0,20
379,17.67296520853682,0.18809171617031098,2,5,0,0.9113165686527888,0,17,0,1.1177257696787517,0,20
380,49.86349638413453,0.5418552123010159,2,48,62.42251764551761,0.5463078251251807,2,61,34.651779490660964,0.6054741210407681,2,79
381,27.028336656643255,1.17283895611763,2,4,0,1.1536045532960157,0,17,0,1.2866590817769368,0,20
382,0,0.930234690507253,0,3,0,1.1389941771825154,0,9,0,1.1000500917434692,0,20
383,0.24518780718255623,0.6075605551401774,2,3,0,1.2922907366472132,0,20
384,12.801775621341287,0.4723714292049408,2,10,147.0691687255769,0.42225413471460344,2,30
385,11.867944053476103,0.6752094427744547,2,3,0,1.445785681406657,0,6,0,1.3997510454871438,0,17,0,1.308133840560913,0,20
386,0,0.9376413027445475,0,3,0,1.1018243551254272,0,8,0,0.9964532951513926,0,20
387,56.20572260959212,0,0,6,95.84312056529676,0.09287917017936706,2,11,237.65204536910167,0.034187310739703804,2,57,292.8834807631339,0.018184564652897063,1,78,35.56430564349708,0.07051463797688484,2,82,19.687168312404328,0.08663451373577118,2,87,0.7193190854033314,1.0956014096736908,2,91,1.0649744794640839,1.0475165605545045,2,96,24.655492506877106,0.005066666752099991,1,104,57.116743516442355,0.07613685727119446,2,110
388,50.906473518210994,0.6098782569169998,2,4,24.38583006603217,0.8050608093088324,2,15,0,0.7209420561790466,0,20
389,0.1915964663500347,0.7268011172612509,2,3,0,1.4156251374412985,0,20
390,14.316800062659976,0.8405727942784628,2,3,0,1.1894066731135051,0,6,0,1.2758630514144897,0,17,0,1.3010695775349934,0,20
391,23.198700291540955,0.9432879487673441,2,6,0,1.0238503615061443,0,9,0,1.1079692393541336,0,17,0,1.2123826742172241,0,20
392,21.668104095764935,0.647759985923767,2,10,0,0.8657153050104777,0,13,0,0.6735321283340454,0,17,0,0.8592990239461263,0,20
393,18.570921169957277,0.9458304882049561,2,5,0,1.1084714730580647,0,17,0,1.3369102080663045,0,20
394,0.17338390670422382,0.7477893034617106,2,3,0,1.518570613861084,0,8,0,1.4104690253734589,0,12,0,1.4316845655441284,0,17,0,1.2995615005493164,0,20
395,38.43163509591951,0.2853873272736867,2,3,0,0.9993196196026273,0,12,0,0.8247880220413208,0,17,0,0.8789390722910563,0,20
396,13.17797829148456,0.3355706259608269,2,4,0,1.3268495614712055,0,17,0,1.3858033418655396,0,20
397,26.898837716242422,1.4560271948575974,2,8,0,1.205619798766242,0,17,0,1.3165820837020874,0,20
398,12.579822969176064,0.6152215335104201,2,9,0.7849243966171865,1.1503225326538087,2,19,10.507591734050527,0.9664668838183085,2,25
399,0.267100367281399,0.8309417963027954,2,3,0,1.5404712983540125,0,10,0,1.4482814073562622,0,17,0,1.4456939697265625,0,20
400,2.279933860389351,1.0999853610992432,2,4,0,1.3616887032985687,0,12,0,1.2558520317077637,0,17,0,1.319908340771993,0,20
401,0.16902146851811237,0.9127744436264038,2,3,0,1.2753579765558243,0,11,0,1.2872976462046306,0,17,0,1.2565790017445881,0,20
402,29.240666336895263,0.5936963458855947,2,6,0,1.1836994669654153,0,17,0,1.2444350322087605,0,20
403,0.4529960260501235,0.797218938668569,2,3,0,1.48541525999705,0,12,0,1.4529576778411866,0,17,0,1.47036874294281,0,20
404,13.808226772346652,0.29430849353472394,2,6,0,1.0958887880498713,0,17,0,1.3488413492838542,0,20
405,0.07254976595296277,0.6096111536026001,2,3,0,0.9360511170493232,0,12,0,0.9008786916732788,0,17,0,0.8144946098327637,0,20
406,0,0.8278892040252686,0,3,0,1.0148666501045227,0,9,0,1.0270653096112339,0,20
407,0,0.7915514707565308,0,3,0,0.9635451833407084,0,9,0,0.9661262685602362,0,20
408,44.033831435352745,0.37520357349823263,2,29
409,44.65589887592377,0.264530685544014,2,5,147.8664821448743,0.22715735559662184,2,17,0.6942613868702951,0.5204584797223409,2,20
410,0,0.9293333093325297,0,3,0,1.1539938648541768,0,9,0,1.0396414697170258,0,17,0,1.0220561424891155,0,20
411,19.106094343877313,1.389370282491048,2,3,0,1.419719139734904,0,9,0,1.500002384185791,0,17,0,1.5352349678675334,0,20
412,63.024637985892426,1.3406402170658112,2,4,0,1.2346110802430372,0,17,0,1.4104969501495361,0,20
413,54.185676473112075,0.07031952303189498,2,13,0,0.9610053982053485,0,20
414,22.084503018936765,1.2005033791065216,2,4,0,1.180018892655006,0,17,0,1.4014422098795574,0,20
415,0,0.9416787226994833,0,3,0,1.2766194105148316,0,8,0,1.1615498463312786,0,11,0,1.1993179718653362,0,17,0,1.3006298542022705,0,20
416,0,0.7414957284927368,0,3,0,0.7978572249412537,0,9,0,0.7831278389150446,0,20
417,0.4410485387778324,1.0623565514882405,2,3,0,1.5424582064151764,0,7,0,1.490307366847992,0,17,0,1.4085495869318645,0,20
418,0,0.866366962591807,0,3,0,1.1577789545059205,0,8,0,1.0238489707310994,0,20
419,0,0.8021610975265503,0,3,0,1.0592877864837646,0,9,0,1.0039115927436135,0,20
420,0,1.0366837580998738,0,3,0,1.2435926795005798,0,9,0,1.080295356837186,0,20
421,106.80341783222445,0.16439687926322222,2,16,0,1.2362339794635773,0,20
422,10.09222940017231,1.1045597791671753,2,3,0,1.1912598212560017,0,6,0,1.3689425641840154,0,17,0,1.340383251508077,0,20
423,0.1608643470140785,1.0781657695770264,2,3,0,1.4563627328191484,0,17,0,1.4029496908187866,0,20
424,5.051044892618196,1.5200774431228639,2,5,39.75860842742901,1.795011933033283,2,18,1.4556370408398693,1.329816961288452,2,23,42.28604369990807,1.716371706553868,2,44
425,10.848437276440036,0.30400181668145315,2,7,0,0.7985264360904694,0,11,0,0.6710827549298605,0,17,0,0.7918155193328857,0,20
426,10.104544864919074,0.2895335078239441,2,5,0,1.3785274539675032,0,12,0,1.3850045442581176,0,17,0,1.4001795450846355,0,20
427,24.63919456776528,0.7374845743179321,2,8,0,0.7035144302580092,0,17,0,0.8938423792521158,0,20
428,40.70623499237081,0.8346178770065308,2,5,0,0.8363252133131027,0,17,0,0.9975372155507406,0,20
429,0.24686431716298443,1.0115201075871785,2,3,0,1.5109978467226028,0,11,0,1.5901533961296082,0,17,0,1.4709083636601765,0,20
430,0,0.8903089960416158,0,3,0,1.1978620052337647,0,8,0,1.0099690953890483,0,20
431,75.06609019814877,0.983948806921641,2,6,0,1.0774355332056682,0,9,0,1.1533625423908234,0,17,0,1.3078314463297527,0,20
432,23.454554477178185,0.634617030620575,2,4,0,1.5514101684093475,0,12,0,1.6525710821151733,0,17,0,1.7027326424916585,0,20
433,8.323328331270513,0.8162867724895477,2,4,0,0.9581208045666034,0,17,0,1.1012949546178181,0,20
434,11.549463746358011,0.381605863571167,2,6,0,1.2169269865209407,0,17,0,1.3511014382044475,0,20
435,32.81427164862766,0.34219226241111755,2,11,0,0.7740338246027628,0,14,0,0.582239031791687,0,17,0,0.6753979623317719,0,20
436,19.10135047830642,0.6791651646296183,2,3,0,1.1850356033870153,0,10,0,1.2363904237747192,0,20
437,9.503161175336693,0.5281296869119009,2,6,0.24676790266729473,0.797278881072998,2,10,0.37681590049563346,0.6760417819023132,2,14,5.662825525892539,0.4218282513320446,2,26,21.343386527845254,1.1449473698933919,2,29
438,0.14285626760085018,0.8220622142155966,2,3,0,1.3758767632877125,0,20
439,0,0.9332138299942017,0,3,0,1.2152683734893799,0,9,0,1.1572263836860657,0,17,0,1.2663419644037883,0,20
440,0.26576739357210427,1.089141885439555,2,3,0,1.4910019636154175,0,17,0,1.4488064845403035,0,20
441,0.18801386165011746,0.7984798351923624,2,3,0,1.3024294906192355,0,12,0,1.3141542196273803,0,17,0,1.2371130386988323,0,20
442,0,0.718203604221344,0,3,0,0.7581126264163426,0,10,0,0.7995879232883454,0,20
443,27.914738499218057,0.8176538050174713,2,8,41.390026595612674,0.7258982956409454,2,16,0,1.2286390960216522,0,20
444,34.92443943915181,0.16588230431079865,2,21
445,26.814584499200212,0.8059069871902466,2,5,0,1.201240794999259,0,12,0,1.1719062805175782,0,17,0,1.262426455815633,0,20
446,14.633232220404615,1.1233100493748982,2,6,0,0.8952078819274902,0,17,0,1.137663722038269,0,20
447,7.828239815001142,0.46947767053331646,2,7,0,0.8976805210113525,0,10,0,0.9506834064211164,0,17,0,1.0610017776489258,0,20
448,0.1776085855237983,0.9398597677548727,2,3,0,1.4083344274097018,0,12,0,1.3468855619430542,0,17,0,1.2709039847056072,0,20
449,35.62903059485098,0.7467443123459816,2,8,0,1.1301854848861694,0,12,0,1.2225151062011719,0,17,0,1.3897112607955933,0,20
450,50.45139398137663,0.87540003657341,2,4,0,1.2613257020711899,0,12,0,1.243495559692383,0,17,0,1.2651706139246623,0,20
451,33.74635048156408,0.9590982066260444,2,9,0,0.9699036280314127,0,12,0,0.9413951873779297,0,17,0,1.0842585563659668,0,20
452,0.4315751361287832,0.6335091094175974,2,3,0,1.398646354675293,0,12,0,1.3208371639251708,0,17,0,1.3303419351577759,0,20
453,0,0.8847347895304362,0,3,0,1.145788311958313,0,8,0,1.1331607898076375,0,11,0,1.154039700826009,0,17,0,1.2301379442214966,0,20
454,10.07642118293493,0.5525970842157092,2,7,0,0.8685228824615479,0,10,0,0.8088070665087018,0,17,0,0.9389652808507284,0,20
455,21.99124468275303,1.1042182207107545,2,10,0,1.1017563581466674,0,20
456,0,0.6594528555870056,0,3,0,0.67169303553445,0,10,0,0.6790350377559662,0,20
457,0,1.0336561997731526,0,3,0,1.2589218020439148,0,9,0,1.095265355977145,0,20
458,22.388019679868812,0.9617228507995605,2,3,0,1.4801145262188382,0,12,0,1.4793808937072754,0,17,0,1.429441213607788,0,20
459,9.975871104544712,0.4945071339607239,2,6,0,0.9881957227533514,0,17,0,1.1250068346659343,0,20
460,0,1.0194397171338399,0,3,0,1.3026228904724122,0,8,0,1.205447216828664,0,20
461,0,0.6045606732368469,0,3,0,0.6457993473325457,0,10,0,0.642386507987976,0,20
462,0,0.8155082066853842,0,3,0,1.033407735824585,0,8,0,0.9862328271071116,0,20
463,0,0.8132863839467367,0,3,0,1.0531540632247924,0,8,0,0.9648488362630209,0,11,0,0.9732454816500345,0,17,0,1.0357086658477783,0,20
464,0,0.6347192128499349,0,3,0,0.6916183233261108,0,9,0,0.9590232047167692,0,20
465,0,0.6038291851679484,0,3,0,0.6535314576966422,0,10,0,0.6480055332183838,0,20
466,0,0.8256817857424418,0,3,0,1.0546071767807006,0,8,0,1.0296306610107422,0,11,0,1.0601722200711567,0,17,0,1.088808258374532,0,20
467,0,0.7682936191558838,0,3,0,0.9860670765240988,0,9,0,0.920926646752791,0,20
468,0,0.8120308319727579,0,3,0,1.0519501169522603,0,9,0,0.9890161861072887,0,20
469,0,0.7162269552548727,0,3,0,0.8252052664756775,0,9,0,0.8226769349791787,0,20
470,0,0.8155835072199503,0,3,0,0.9842058221499125,0,9,0,0.9994078441099687,0,20
471,25.980270536111856,0.7091411471366882,2,5,0,1.1889458100001018,0,8,0,1.3189990123112996,0,17,0,1.4445337057113647,0,20
472,11.520111440929815,1.0814013183116913,2,4,0,1.3878337970146766,0,17,0,1.58864160378774,0,20
473,25.34161656334641,0.8950517269281241,2,13,0,0.9670930930546352,0,20
474,22.98515904083792,1.0963002145290375,2,4,0,1.2413800863119273,0,17,0,1.424588402112325,0,20
475,28.438414378571995,0.3321240714618138,2,7,0,1.0785199801127117,0,10,0,0.8989248616354806,0,17,0,1.0268833637237549,0,20
476,11.280116011288024,1.1528572738170624,2,4,0,1.1727649065164418,0,17,0,1.1896686553955078,0,20
477,29.299952680810712,0.9660868900162833,2,14,0,0.9589137236277262,0,17,0,0.9670418898264567,0,20
478,36.638751656245745,1.2402517652511598,2,25
479,0,0.7001610994338989,0,3,0,0.8262820499283927,0,10,0,0.8315179765224456,0,20
480,22.357612155327434,1.0774636949811662,2,14,0,0.6809299091498057,0,20
481,0,0.9334225257237753,0,3,0,1.1662275075912476,0,8,0,1.1388868689537048,0,20
482,22.922617727887204,1.1714928199847539,2,24
483,0,0.8975297609965006,0,3,0,1.2107616424560548,0,8,0,1.0314125816027324,0,20
484,3.232349147919643,1.5118709405263264,2,3,0,1.340244730313619,0,12,0,1.2380266904830932,0,17,0,1.2239283720652263,0,20
485,0,0.707177996635437,0,3,0,0.8578829169273376,0,9,0,0.8004715334285389,0,20
486,0,0.6688011288642883,0,3,0,0.6955886681874593,0,9,0,0.6851544759490273,0,20
487,39.36629230572451,0.9430720210075378,2,4,0,1.1549241542816162,0,9,0,1.4806784242391586,0,17,0,1.6041076978047688,0,20
488,0,0.8151642084121704,0,3,0,0.9784456690152487,0,9,0,1.0049442377957432,0,20
489,0,1.0455265045166016,0,3,0,1.289180040359497,0,9,0,1.1512380296533757,0,20
490,27.672806021264265,0.9556160569190979,2,4,0,1.0605246653923621,0,17,0,1.1599644819895427,0,20
491,39.87454397210417,1.5483293533325195,2,4,0,1.325170675913493,0,16,0,1.3918363749980927,0,20
492,14.518068631076122,1.0770115653673809,2,6,0,1.228079449046742,0,17,0,1.4142666657765706,0,20
493,11.103932399515179,0.45047909021377563,2,4,0,1.0160232931375504,0,12,0,1.0390551328659057,0,17,0,1.078713019688924,0,20
494,0,0.7501011888186137,0,3,0,0.9568931063016256,0,9,0,0.8996267860585992,0,20
495,18.10519976026446,0.7583485245704651,2,3,0,1.259397069613139,0,6,0,1.3941302949732,0,17,0,1.3370362122853596,0,20
496,0,0.8064447442690531,0,3,0,1.048624078432719,0,9,0,0.9593152891505848,0,20
497,30.846781033605964,0.1952269251147906,2,6,101.26189410040035,0.1869279034435749,2,10,143.73771852057968,0.19433365647609419,2,23,207.60820705193774,0.19851783141493798,2,43
498,7.238554997836346,1.1088642179965973,2,4,0,0.973091647028923,0,12,0,0.9514087438583374,0,17,0,1.065796176592509,0,20
499,0,0.7495564222335815,0,3,0,0.8023580809434255,0,9,0,0.7741274020888589,0,20
500,0,0.9099465211232504,0,3,0,1.2182453155517579,0,8,0,1.0941982666651409,0,11,0,1.1172488530476887,0,17,0,1.2463983694712322,0,20
501,0,0.7110297481218973,0,3,0,0.8374795573098319,0,10,0,0.8563987612724304,0,20
502,26.86808355471355,0.7858757376670837,2,3,74.04770157109859,0.5954276377504523,2,14,0,1.0540230472882588,0,20
503,31.773212593477353,0.5068808272480965,2,4,0,1.3896408826112747,0,12,0,1.3609164476394653,0,17,0,1.3826353549957275,0,20
504,18.12173435764277,0.6010667568161374,2,21
505,26.653723306646008,0.8034179210662842,2,3,0,1.2834915320078533,0,6,0,1.3208778500556946,0,12,0,1.251988935470581,0,17,0,1.2600360711415608,0,20
506,21.570700643979627,0.5901995499928793,2,9,0,1.0464564164479573,0,12,0,1.0129003524780273,0,17,0,1.190930684407552,0,20
507,28.203115594933077,0.6773145943880081,2,4,0,1.41419805930211,0,17,0,1.6201818386713664,0,20
508,0.3220387304235243,1.0628596146901448,2,3,0,1.5904940101835463,0,12,0,1.6143864393234253,0,17,0,1.5519882837931316,0,20
509,25.82691536357447,0.528716449936231,2,12,0,0.7391972303390503,0,17,0,0.8718514442443848,0,20
510,0.33221862439036554,0.7746503154436747,2,3,0,1.167082245533283,0,16,0,1.1096628308296204,0,20
511,10.907565767153711,0.494157362729311,2,8,0,0.9619543552398682,0,12,0,0.8769488573074341,0,17,0,1.1085532903671265,0,20
512,0,0.8599477608998617,0,3,0,1.1268775661786397,0,9,0,1.1038060079921375,0,20
513,66.16145379526539,0.43745385855436325,2,4,96.22187515613392,0.45119760036468504,2,9,0,1.4830690622329712,0,12,0,1.5382248163223267,0,20
514,0,0.9003225366274515,0,3,0,1.1774705171585083,0,8,0,1.122246265411377,0,11,0,1.1499473253885906,0,17,0,1.2481747070948284,0,20
515,13.302972499061429,0.35706717520952225,2,4,0,1.24880850315094,0,17,0,1.3770978450775146,0,20
516,21.457123825615735,0.2298150986433029,2,5,0,1.2730721533298492,0,17,0,1.3647790749867756,0,20
517,18.473446847358183,0.6539929168564933,2,7,0,0.9071613947550455,0,10,0,0.8889055252075195,0,17,0,0.9624375104904175,0,20
518,0,0.9489328066507975,0,3,0,1.256843876838684,0,8,0,1.1601967016855876,0,11,0,1.1833493908246357,0,17,0,1.300046483675639,0,20
519,14.470441132904204,1.1247196992238362,2,3,0,1.5031604369481404,0,6,0,1.5512775182724,0,12,0,1.5278672218322753,0,17,0,1.4510103861490886,0,20
520,0.34399762896525915,1.0198537508646648,2,3,0,1.3702817757924397,0,12,0,1.3487679004669189,0,17,0,1.3623674313227336,0,20
521,21.205108464869852,1.464262843132019,2,8,0,1.4125231901804607,0,20
522,24.027522859395418,0.7170403864648607,2,9,0,0.8904573122660319,0,15,0,0.9807069540023804,0,20
523,0,0.871740480264028,0,3,0,1.0866639614105225,0,9,0,1.089765722101385,0,20
524,27.903193795719808,1.1787490963935852,2,10,0,1.0978000521659852,0,20
525,27.630360838890375,1.0253824234008788,2,5,0,1.4095426797866821,0,8,0,1.4237579107284546,0,13,0,1.4359430968761444,0,17,0,1.3898367881774902,0,20
526,13.268308154003918,1.0586451888084412,2,4,0,1.258357435464859,0,12,0,1.3218612909317016,0,17,0,1.3620254596074421,0,20
527,17.75279694729439,0.8695855912040261,2,17,0,1.097941279411316,0,20
528,16.009831855258806,0.6107038706541061,2,8,0,1.076944907506307,0,17,0,1.2152860164642334,0,20
529,30.88368586060873,0.40053999423980713,2,3,0,1.0529958936903212,0,12,0,1.027843141555786,0,17,0,1.1027545928955078,0,20
530,0.08134236684241936,0.7825629711151123,2,3,0,1.2694146352655746,0,20
531,0,0.801557699839274,0,3,0,0.9311031579971314,0,8,0,0.8744512697060903,0,20
532,28.911982840088246,0.6236050171511514,2,28
533,20.30032658408176,1.0653518268040247,2,21
534,0,0.7864537636439005,0,3,0,0.9756805658340454,0,8,0,0.9305742283662161,0,20
535,139.61461059119122,0.3444368280470371,2,8,56.995786624180994,0.8340248399310641,2,17,0,1.0788719654083252,0,20
536,0,0.7513865033785502,0,3,0,0.8773147662480673,0,9,0,0.8480042368173599,0,17,0,0.9643690586090088,0,20
537,0,1.0051990350087483,0,3,0,1.3019574165344239,0,8,0,1.2900608976682026,0,20
538,23.764074265725142,0.7371941208839417,2,26
539,0.31395900327014037,0.9989503224690756,2,3,0,1.4179050922393799,0,6,0,1.4327279871160334,0,17,0,1.3922794262568157,0,20
540,14.062946856846938,1.0655723015467327,2,3,0,1.39163339138031,0,6,0,1.30966317653656,0,12,0,1.2874492883682251,0,17,0,1.183984637260437,0,20
541,20.84805056075199,0.5060470104217529,2,3,0,1.4536412689420912,0,12,0,1.5111053466796875,0,17,0,1.4283665418624878,0,20
542,14.473268258464199,0.6252758990634572,2,11,0,0.9174546003341675,0,14,0,0.7648558020591736,0,17,0,0.9344486395517985,0,20
543,0,0.856558362642924,0,3,0,1.090213119983673,0,9,0,1.0498974323272705,0,20
544,43.20527914751337,0.7731331203665052,2,14,0,0.9445419510205587,0,20
545,20.579557451664826,0.8098181883494059,2,3,0,1.3950385649998982,0,6,0,1.4259685079256694,0,12,0,1.3425534248352051,0,17,0,1.3043842315673828,0,20
546,14.105629928284534,0.1856285503932408,2,7,0,1.1496344010035198,0,10,0,1.1823855808803014,0,17,0,1.311261812845866,0,20
547,0,0.928054690361023,0,3,0,1.224120545387268,0,8,0,1.134817401568095,0,11,0,1.1590736707051594,0,17,0,1.2665360768636067,0,20
548,0,0.7818689942359924,0,3,0,0.9334206819534302,0,8,0,0.9347798824310303,0,20
549,15.011980714616875,1.2875916242599488,2,5,0,1.195863922437032,0,17,0,1.4111708005269368,0,20
550,133.12260842303354,0.15204411000013351,2,10,169.27803311048487,0.1569044515490532,2,24,81.95619245919582,0.6081607863306999,2,32,40.293642630619544,0.4922489821910858,2,35
551,0,0.8175053596496582,0,3,0,0.9980051716168722,0,9,0,1.017319841818376,0,20
552,40.429900462393796,0.06946228775713179,2,9,0,1.050020654996236,0,12,0,0.9120124816894531,0,17,0,1.111390193303426,0,20
553,0,0.8804893096288046,0,3,0,1.1541912794113158,0,8,0,1.062917047076755,0,17,0,1.1723268032073975,0,20
554,18.12381796767752,1.3013963869639806,2,7,0,0.874709407488505,0,10,0,0.9347529411315918,0,17,0,1.1158318916956584,0,20
555,0,0.8945618073145548,0,3,0,1.2018587827682494,0,8,0,1.0187534193197887,0,20
556,28.50316777859988,1.2743684564317976,2,7,0,0.9624507824579874,0,10,0,1.099578619003296,0,17,0,1.2961588700612385,0,20
557,28.94584603875185,0.46219857985323126,2,11,0,0.7885263363520304,0,14,0,0.623151938120524,0,17,0,0.7419130603472391,0,20
558,0.044639638484122085,0.9187501668930054,2,3,0,1.4683629406823053,0,12,0,1.453046441078186,0,17,0,1.3856387933095295,0,20
559,11.065333435247735,0.5532354553540547,2,15,0,0.9275960445404052,0,20
560,15.838004173260723,0.5589522556825117,2,11,0,0.7470246950785319,0,14,0,0.568597654501597,0,17,0,0.6510517696539561,0,20
561,17.10985113970759,0.6337149620056153,2,5,0,1.199282209078471,0,17,0,1.391926368077596,0,20
562,20.148716793465315,0.5659596390194364,2,9,0,1.0792687733968098,0,12,0,1.0883099794387818,0,17,0,1.280322511990865,0,20
563,22.04127255467091,0.5704652369022369,2,12,0,1.0522149801254272,0,15,0,1.0818903684616088,0,20
564,0,0.6922632058461508,0,3,0,0.845332940419515,0,9,0,0.7947761687365446,0,20
565,0,0.7458714445432028,0,3,0,0.9233144998550415,0,8,0,0.8433322956164678,0,20
566,30.77691622785255,0.679467109116641,2,11,0,0.8308186928431193,0,14,0,0.7200537919998169,0,17,0,0.8354824781417847,0,20
567,15.07005686423261,0.5450523396333059,2,3,0,1.1719622479544745,0,12,0,1.2878705859184265,0,16,0,1.184924691915512,0,20
568,10.492165380467242,0.33132825791835785,2,4,0,1.0663109926077037,0,17,0,1.1284832159678142,0,20
569,16.04050940295511,1.1097523371378581,2,3,0,1.708593977822198,0,12,0,1.699961280822754,0,17,0,1.5918594598770142,0,20
570,0.12463996227975264,0.9682640234629313,2,3,0,1.4765343455707325,0,20
571,9.844522132187485,0.6069974700609843,2,3,0,1.5220528443654378,0,12,0,1.4528115272521973,0,17,0,1.3810836871465046,0,20
572,8.492687271328569,0.8363191059657505,2,7,0,1.310965657234192,0,10,0,1.4276429074151176,0,17,0,1.5269958178202312,0,20
573,38.202576818588035,0.5094263926148415,2,8,0,1.115795373916626,0,17,0,1.295061508814494,0,20
574,11.598370490012426,0.5843949417273203,2,6,0,1.4452819390730425,0,17,0,1.6061653693517048,0,20
575,27.18297374142377,0.5641503731409708,2,3,0,1.5784106935773576,0,10,0,1.6864574466432845,0,17,0,1.624660571416219,0,20
576,51.17629725872031,0.23157002883298056,2,14,0,1.0439972281455994,0,20
577,0.23276262115172283,0.7596264183521271,2,3,0,1.5664025810029771,0,12,0,1.4365134954452514,0,17,0,1.4133271376291912,0,20
578,16.678964005284207,0.5766808837652206,2,8,0,0.9953485429286957,0,12,0,0.8593860566616058,0,16,0,0.948453813791275,0,20
579,47.601396685910196,0.17507900297641754,2,3,82.44973860838417,0.15646936744451523,2,11,0,0.9372673233350118,0,17,0,1.1020413637161255,0,20
580,17.227111796955498,0.5490895013014475,2,6,0,1.2786477262323552,0,17,0,1.3852243423461914,0,20
581,0.17159161312206148,0.6373102168242136,2,3,0,1.044462013244629,0,8,0,0.9161592920621237,0,20
582,16.43998856234477,0.8737731150218419,2,7,0,1.0125694672266643,0,10,0,1.0929501567568098,0,17,0,1.2257932424545288,0,20
583,0.1474384955422244,0.7004632155100504,2,3,0,1.3912905594881844,0,20
584,46.239401552353414,1.2871206402778625,2,10,0,1.0986546635627747,0,20
585,0,1.0300737222035725,0,3,0,1.3050192594528198,0,8,0,1.3152159949143727,0,20
586,0,0.8947142362594604,0,3,0,1.1933921098709106,0,8,0,1.0139510333538055,0,20
587,31.6691950342948,0.9529472589492798,2,4,0,1.5283752863223736,0,17,0,1.626170555750529,0,20
588,0,0.9954710006713867,0,3,0,1.2049206733703612,0,8,0,1.0656941930452983,0,20
589,0.22923092255871,0.8965506553649902,2,3,0,1.3935436308383942,0,11,0,1.3631361722946167,0,17,0,1.2781620025634766,0,20
590,0.0817437964275327,0.7268055975437164,2,3,0,1.4491634103986952,0,12,0,1.4231124967336655,0,20
591,32.14356598384496,0.8331522941589355,2,4,0,1.3411732270167425,0,17,0,1.4156872828801472,0,20
592,0.29801044196380005,0.9169050852457682,2,3,0,1.3990285529030695,0,12,0,1.371131682395935,0,17,0,1.3116990725199382,0,20
593,41.75189066925514,0.6209708584679497,2,9,0,1.04239555199941,0,12,0,1.032932957013448,0,15,0,1.1423896551132202,0,20
594,0.3761466159418023,1.03696076075236,2,3,0,1.430978149175644,0,11,0,1.4111361702283223,0,17,0,1.373259703318278,0,20
595,6.727909549134677,1.0513275623321534,2,5,0,1.4044830699761708,0,17,0,1.5512092113494873,0,20
596,15.655630330823534,0.5064839348196983,2,4,0,1.3253940618955171,0,17,0,1.413234273592631,0,20
597,13.748859089440222,0.6890891790390015,2,11,0,0.7876618703206381,0,14,0,0.6521268288294474,0,17,0,0.7903339465459188,0,20
598,18.892682326177102,0.8674861987431844,2,9,0,1.0376177628835042,0,12,0,0.9430779457092285,0,17,0,1.1541382869084675,0,20
599,12.822828316726051,1.2604100306828816,2,3,0,1.2209662944078445,0,11,0,1.3789400657018025,0,17,0,1.3227623303731282,0,20
600,0,1.2579570213953655,0,3,0,1.3905466198921204,0,9,0,1.3785601705312729,0,17,0,1.4828248421351116,0,20
601,0,0.8204495310783386,0,3,0,1.0429555177688599,0,8,0,0.9968416492144266,0,20
602,0,1.004542867342631,0,3,0,1.2826457023620605,0,8,0,1.3040660222371419,0,20
603,0,0.6635307470957438,0,3,0,0.7072192430496216,0,10,0,0.712872451543808,0,20
604,36.57202655703805,1.7550679274967738,2,7,0,1.5449849963188171,0,11,0,1.785974873436822,0,20
605,38.60639789922503,0.31384727358818054,2,4,0,1.130741605391869,0,17,0,1.287825306256612,0,20
606,24.344448732772403,0.44402727484703064,2,3,0,1.2492647568384807,0,6,0,1.3385573881013053,0,20
607,22.05125156961075,1.37363520690373,2,7,0,1.0365660905838012,0,17,0,1.3605719804763794,0,20
608,6.410715464840398,1.12895667552948,2,3,0,1.1141042179531522,0,12,0,1.0347342252731324,0,17,0,1.0385904709498088,0,20
609,97.03027086294539,1.1897562444210052,2,4,172.1557163904925,1.5939574133266101,2,15,0,1.442097783088684,0,20
610,15.347497111102225,0.9822283585866293,2,6,0,1.1689020693302155,0,10,0,1.1201184136526925,0,17,0,1.225258191426595,0,20
611,35.45977451322716,0.7322835232082167,2,38
612,21.97210960488283,0.8898370999556321,2,13,0,0.8064254919687907,0,16,0,0.8839809149503708,0,20
613,35.57919558371022,1.2483269903394911,2,9,0,0.9317890803019205,0,12,0,0.870514303445816,0,16,0,1.0459071695804596,0,20
614,0,0.9702963829040527,0,3,0,1.189172387123108,0,9,0,1.1394944732839412,0,20
615,0,0.8582082986831665,0,3,0,1.0982378125190735,0,9,0,1.123169794678688,0,17,0,1.1767767667770386,0,20
616,6.180775702509114,1.020116424560547,2,5,0,1.2095011870066326,0,8,0,1.3011408514446683,0,17,0,1.334115982055664,0,20
617,17.387249978232855,0.8458795348803202,2,6,0,1.1383711966601284,0,17,0,1.188040057818095,0,20
618,0,0.8865537643432617,0,3,0,1.1426353454589844,0,8,0,1.0910763872994318,0,17,0,1.1939598321914673,0,20
619,31.581580117127157,0.7190722326437632,2,6,0,1.3173096071590076,0,17,0,1.4865804115931194,0,20
620,0,0.9967336853345236,0,3,0,1.231873134771983,0,9,0,1.1460439616983586,0,20
621,0,0.7286940813064575,0,3,0,0.9012063145637512,0,9,0,0.8588429851965471,0,20
622,16.584534367035612,0.7403066073145185,2,7,0,0.9944774309794108,0,10,0,1.0781018563679285,0,17,0,1.2139326333999634,0,20
623,12.437488774456808,0.8609852393468221,2,3,0,1.3982102870941162,0,6,0,1.4817720850308735,0,12,0,1.443437433242798,0,17,0,1.4309483766555786,0,20
624,15.83455461735001,0.6626546134551367,2,12,0,0.7178678750991822,0,17,0,0.8819359938303629,0,20
625,30.014859675752668,0.787939041852951,2,8,0,1.2145326534907024,0,17,0,1.4567840894063313,0,20
626,16.28412602721019,0.9026345312595367,2,4,0,1.4868382490598238,0,17,0,1.5695045391718547,0,20
627,16.22609925010217,0.8711957732836405,2,12,0,0.9442246779799461,0,20
628,83.57555037314236,0.5916240811347961,2,3,0,1.5062839455074735,0,12,0,1.544818353652954,0,17,0,1.531757116317749,0,20
629,0,1.0210009415944417,0,3,0,1.2238625049591065,0,8,0,1.0919231706195407,0,17,0,1.1259117523829143,0,20
630,25.747436792077274,1.3086405027480352,2,21
631,0,1.0415049195289612,0,3,0,1.2445271809895833,0,9,0,1.1000143438577652,0,17,0,1.0951348145802815,0,20
632,43.598390610287275,0.9515663584073385,2,6,0,1.179117040200667,0,17,0,1.4954657951990764,0,20
633,14.831035907573078,1.2728562752405803,2,3,25.32866591304838,1.20525723695755,2,7,0,0.811057428518931,0,10,0,0.9220500588417053,0,16,0,1.1652583479881287,0,20
634,11.417837259457787,0.5718525648117065,2,3,0,1.1733917130364313,0,12,0,1.1058788061141969,0,17,0,1.1637630462646484,0,20
635,0,0.6750713984171549,0,3,0,0.727063904205958,0,9,0,0.7369060028683055,0,20
636,15.159910022443734,0.7732249072619847,2,7,0,1.1213510036468506,0,10,0,1.179396595273699,0,17,0,1.2685973246892293,0,20
637,0,0.7898314396540324,0,3,0,0.9348757068316141,0,9,0,0.9604845480485396,0,20
638,20.07049411299005,0.667514787779914,2,9,0,1.0978254526853561,0,17,0,1.2383451859156291,0,20
639,25.399095541729896,1.3243984878063202,2,8,0,0.8741844097773234,0,11,0,0.9028488099575043,0,15,0,0.9914989471435547,0,20
640,0.17642682829924514,0.8282934029897054,2,3,0,1.5173290835486517,0,12,0,1.4905563116073608,0,17,0,1.3905550638834636,0,20
641,12.106145943026283,0.8684494835989816,2,7,0,1.1576845169067382,0,17,0,1.317286729812622,0,20
642,0,0.617633044719696,0,3,0,0.6100671490033468,0,9,0,0.5878804326057434,0,20
643,14.366164155388367,1.1819634437561035,2,4,0,1.203325867652893,0,12,0,1.3236713409423828,0,17,0,1.327763557434082,0,20
644,14.603997659002147,0.6318896046051612,2,13,0,0.929573689188276,0,20
645,22.7829910312644,0.6223106338427618,2,13,0,0.8378827060971942,0,20
646,23.591833072669175,0.7188461820284525,2,15,0,1.1289183855056764,0,20
647,58.316325847592246,0.341762760106255,2,17,0.4273366751609623,0.554228276014328,2,20
648,0,0.881315807501475,0,3,0,1.1544697284698486,0,8,0,0.9391789933045706,0,20
649,32.78145200947457,0.7623238997025923,2,11,0,0.8003708918889364,0,14,0,0.7542426387468973,0,17,0,0.969966451327006,0,20
650,0,0.7369354367256165,0,3,0,0.7946034967899323,0,9,0,0.7772613655437123,0,20
651,0,0.6093298196792603,0,3,0,0.6358310239655631,0,10,0,0.6418884575366974,0,20
652,0,0.8547751108805338,0,3,0,1.0998900890350343,0,8,0,1.03448486328125,0,11,0,1.085491140683492,0,17,0,1.172627329826355,0,20
653,26.04736765461455,1.40287946164608,2,8,93.32899543746136,0.23758947290480137,2,24
654,25.41757732092495,0.7941006183624267,2,5,0,1.2832421362400055,0,17,0,1.4009240865707397,0,20
655,23.41412794986716,0.6816121935844421,2,3,0,1.2082764307657878,0,6,0,1.3395381624048406,0,17,0,1.1899372736612956,0,20
656,42.220464877404744,0.674323320388794,2,3,0,1.4547756380505033,0,12,0,1.5153483629226685,0,17,0,1.4729077418645222,0,20
657,0.18984876327764946,1.0369785229365032,2,3,0,1.4226709074444241,0,12,0,1.3801939487457275,0,17,0,1.2945103247960408,0,20
658,0.24971877859357083,0.9319905440012614,2,3,0,1.3597318232059479,0,11,0,1.308877944946289,0,17,0,1.303737203280131,0,20
659,2.6003142158738246,0.6275347371896108,2,3,12.694436173845691,0.547478437423706,2,6,0,1.0303981602191925,0,10,0,0.9791900771004813,0,17,0,1.0331665674845378,0,20
660,0,0.7757490078608195,0,3,0,0.9492991964022318,0,9,0,0.8960418484427712,0,20
661,0.16907097109713262,1.0835657914479573,2,3,0,1.3825442923439875,0,12,0,1.2935500621795655,0,17,0,1.2232849597930908,0,20
662,10.720264679713527,0.48880816996097565,2,6,0,1.2456127405166626,0,13,0,1.276451975107193,0,17,0,1.3612099885940552,0,20
663,0.31867345348583387,0.8944594462712606,2,3,0,1.3813869059085846,0,11,0,1.3760324517885845,0,17,0,1.2867286205291748,0,20
664,18.194854268423928,1.1545061767101288,2,4,0,1.2008821414067194,0,17,0,1.4519084692001343,0,20
665,14.64937038220977,1.166763722896576,2,4,0,1.189963854276217,0,17,0,1.4017624855041504,0,20
666,0.22689216724776243,0.9314691623051962,2,3,0,1.2139567534128826,0,12,0,1.172386795282364,0,16,0,1.088905543088913,0,20
667,53.994347718814495,0.7701630830764771,2,5,0,1.1419410705566406,0,8,0,1.3109272321065266,0,17,0,1.441955288251241,0,20
668,0,0.8706664641698202,0,3,0,1.1551400621732075,0,9,0,1.1097506433725357,0,17,0,1.213046669960022,0,20
669,0,0.9956154425938925,0,3,0,1.2051707267761231,0,8,0,1.0658078293005626,0,20
670,0,1.0749691526095073,0,3,0,1.2611176172892253,0,9,0,0.974439881064675,0,20
671,41.76857817566466,0.2810562000824855,2,13,0,0.9949451344353812,0,20
672,0,0.7635726928710938,0,3,0,0.9362701177597046,0,8,0,0.8428582350413004,0,20
673,12.064818581722038,1.2078174750010173,2,3,0,1.3478652636210124,0,6,0,1.3278443415959675,0,12,0,1.4262481212615967,0,17,0,1.4363073110580444,0,20
674,21.481784995351326,0.8124931007623672,2,8,0,1.302383969227473,0,20
675,21.71116035064398,0.2199116013944149,2,4,0,1.4307239204645157,0,12,0,1.4052010297775268,0,17,0,1.4105921188990276,0,20
676,0,0.8934713204701742,0,3,0,1.1712686538696289,0,8,0,1.0375186999638875,0,11,0,1.0750463207562764,0,17,0,1.202556888262431,0,20
677,13.945857735415036,0.9080914855003357,2,12,0,0.9097594916820526,0,20
678,34.866907167376304,0.4203543156385422,2,20
679,0,0.9349302252133688,0,3,0,1.1758291006088257,0,8,0,1.113460408316718,0,17,0,1.2422361373901367,0,20
680,0,0.6698176463445028,0,3,0,0.747903721673148,0,10,0,0.7869018852710724,0,20
681,0,1.0082572499910991,0,3,0,1.1530274947484334,0,9,0,1.0105110298503528,0,20
682,35.879568083548264,0.9358739852905273,2,7,0,1.214375412464142,0,17,0,1.3386272192001343,0,20
683,44.57068003866687,0.21184893900697882,2,11,0,0.8058507839838663,0,14,0,0.5854939619700114,0,17,0,0.7194382945696512,0,20
684,0,0.7396899064381918,0,3,0,0.8988611896832784,0,9,0,0.8452647924423218,0,20
685,6.3456601389206035,0.5946806818246841,2,4,0,1.2607777565717697,0,12,0,1.2830833792686462,0,16,0,1.285334587097168,0,20
686,27.50016795284412,0.7113587657610575,2,6,0,1.3042590076273137,0,17,0,1.5449013710021973,0,20
687,4.855747672496453,0.6352105736732483,2,3,0,1.1047721836302016,0,12,0,1.0133274793624878,0,17,0,0.9785656929016113,0,20
688,8.535691511909397,0.5776152908802032,2,4,0,1.4167635440826416,0,12,0,1.4829015493392945,0,17,0,1.4932887554168701,0,20
689,23.891927870926935,0.8329803943634033,2,3,0,1.3400170803070068,0,6,0,1.4455434679985046,0,12,0,1.4162029027938843,0,17,0,1.3962188561757405,0,20
690,39.18623234194516,1.1604071259498596,2,4,0,1.306018196619474,0,17,0,1.5189170440038045,0,20
691,43.816990842522685,0.34546332874081354,2,22
692,14.06622062954088,0.8352545499801636,2,3,0,1.2968183755874634,0,6,0,1.3370671272277832,0,17,0,1.2906082073847454,0,20
693,33.41134144394374,0.9540197849273682,2,3,0,1.231054464975993,0,6,0,1.217238187789917,0,12,0,1.2204965591430663,0,17,0,1.188621719678243,0,20
694,37.99588957802753,1.591075234942966,2,9,52.28255943256487,0.3419030447800954,2,24
695,34.29075500752212,1.2177261205819936,2,13,190.47600162452008,0.24684858059181886,2,30
696,31.153123990354473,0.5505488018194834,2,6,0,1.0623102486133575,0,10,0,1.0652143274034773,0,17,0,1.221079707145691,0,20
697,0,0.6939786672592163,0,3,0,0.8153049434934344,0,10,0,0.8192085862159729,0,20
698,0,0.7880279819170634,0,3,0,0.9006005866186959,0,10,0,0.9064229249954223,0,20
699,0.45542308346249394,1.2680213451385498,2,3,0,1.4866074664252145,0,10,0,1.476240532738822,0,17,0,1.4313367207845051,0,20
700,17.191936564714734,0.7331078290939331,2,20
701,61.354890851920544,0.699792818589644,2,11,21.980798746707162,0.7218543256030363,2,28
702,0,0.6555933952331543,0,3,0,0.6541545490423838,0,9,0,0.6379411924969066,0,20
703,65.916340970525,0.5940782361560397,2,9,0,1.1327922235835681,0,20
704,36.289051307877486,0.3251191973686218,2,5,0,1.0662242968877156,0,8,0,1.0588821834988065,0,17,0,1.1843666235605876,0,20
705,34.3763355326517,0.7226306438446045,2,5,69.60176989377341,0.5916004329919815,2,9,282.82563705553275,0.16525654792785643,2,14,53.55253958968046,0.6020522117614746,2,17,25.154460468113225,0.6082302033901215,2,21
706,36.128731644803715,0.6237643957138062,2,4,0,1.1146707718188946,0,17,0,1.2869436740875244,0,20
707,0,0.6347930232683817,0,3,0,0.6916916767756144,0,9,0,0.959190845489502,0,20
708,0,0.9069232741991679,0,3,0,1.2335967063903808,0,8,0,1.1028932829697926,0,20
709,0,0.6589634815851847,0,3,0,0.6743924702916827,0,10,0,0.6501697838306427,0,20
710,0,0.7971802155176798,0,3,0,0.9442931754248483,0,10,0,0.9264045834541321,0,20
711,20.577473123044264,0.9227528742381504,2,7,0,1.2799960851669312,0,12,0,1.3217467069625854,0,17,0,1.4292783339818318,0,20
712,0,0.9415793021519979,0,3,0,1.15656521320343,0,8,0,1.0995977520942688,0,20
713,0,0.9451675017674764,0,3,0,1.210477590560913,0,8,0,1.2605818112691243,0,20
714,12.310142452797342,0.47936050097147626,2,6,0,0.741867488080805,0,17,0,0.7595188220342001,0,20
715,0.25014892698786345,1.1009705464045207,2,3,0,1.3831559249332972,0,17,0,1.2803237438201904,0,20
716,0,0.8178364435831705,0,3,0,1.049155592918396,0,9,0,1.1076365817676892,0,20
717,0.29824549362445996,0.843509833017985,2,3,0,1.4452464878559113,0,11,0,1.4094897508621216,0,17,0,1.303734580675761,0,20
718,0.2933524117572678,0.8363569577534994,2,3,0,1.2331851455900404,0,12,0,1.1245201587677003,0,17,0,1.028746525446574,0,20
719,0,0.7445779840151469,0,3,0,0.829222043355306,0,9,0,0.8316500295292247,0,20
720,25.033035073161205,0.5704427361488342,2,5,0.2822474771997262,0.3370633025964101,2,8,0.1804949028224592,0.22699591246518222,2,19,0.26904132785855206,0.21914462745189667,2,22,43.544154368719774,0.5966986843517849,2,29
721,0,0.8093196749687195,0,3,0,1.0346108078956604,0,9,0,0.989080399274826,0,17,0,1.0875567992528279,0,20
722,21.18432070875393,1.0206640243530274,2,10,0,1.0952090620994568,0,20
723,9.89535611272783,1.0274969438711803,2,12,0,0.9656392484903336,0,20
724,23.423386705901194,0.7407124141852061,2,6,0,1.1260781504891135,0,17,0,1.36600923538208,0,20
725,69.43595042958958,0.6642637252807617,2,22
726,10.443087062481503,0.3641895428299904,2,4,0,1.330023169517517,0,17,0,1.4016729990641277,0,20
727,29.74045470932563,1.1688854098320007,2,4,0,1.4092135704480684,0,17,0,1.520559589068095,0,20
728,48.970212514458815,0.413249990769795,2,7,0,1.0090192953745525,0,10,0,0.9823180238405863,0,16,0,1.0785451829433441,0,20
729,37.22535732653035,0.6340999669498868,2,9,0,1.0569649934768677,0,12,0,1.0859130382537843,0,17,0,1.253578503926595,0,20
730,10.055898200791718,1.0644564117704118,2,7,0,0.8614089488983154,0,10,0,0.8284958941595895,0,17,0,0.937483032544454,0,20
731,39.520520114104684,0.6225166687598596,2,26
732,13.955409824886807,1.2561280462476943,2,9,0,0.8902266422907511,0,12,0,0.7011255919933319,0,16,0,0.8380523771047592,0,20
733,15.906606015773693,0.8861845334370931,2,3,0,1.313494126001994,0,6,0,1.481703064658425,0,17,0,1.471402883529663,0,20
734,16.945429903983616,1.155114221572876,2,5,0,1.1162881056467693,0,8,0,1.199219438764784,0,17,0,1.2612285614013672,0,20
735,18.07001452603326,1.1629488638469152,2,7,0,1.1480118830998738,0,10,0,1.170663663319179,0,17,0,1.2708281675974529,0,20
736,23.71661242545731,0.7168014560426984,2,7,0,1.1424578905105591,0,17,0,1.389514446258545,0,20
737,14.481406639146703,0.8067088921864828,2,3,0,1.4418762922286987,0,12,0,1.3959972620010377,0,17,0,1.3581196467081706,0,20
738,0,0.6857532262802124,0,3,0,0.7990133265654246,0,9,0,0.7984970049424605,0,20
739,4.864061781712135,1.4665995836257935,2,5,0.48667251434168496,1.0117148458957672,2,9,120.39436007257045,0.25784851610660553,2,12,215.01161111010757,0.27448464930057526,2,15,0,1.0743616104125977,0,20
740,33.71651822501504,0.5246283411979675,2,3,0,1.2335214217503865,0,6,0,1.3373740694739602,0,17,0,1.307983120282491,0,20
741,0,0.8986035784085592,0,3,0,1.2298493146896363,0,8,0,1.1169670621554058,0,20
742,0,0.8708717028299967,0,3,0,1.0354732990264892,0,8,0,0.9968843658765157,0,20
743,0,0.8052811225255331,0,3,0,0.9466737310091654,0,9,0,0.9780012694272128,0,20
744,0,0.8817420403162638,0,3,0,1.1664816617965699,0,8,0,1.0826607942581177,0,11,0,1.1113032698631287,0,17,0,1.216512123743693,0,20
745,0,1.0000396966934204,0,3,0,1.2075895309448241,0,8,0,1.0710140268007915,0,20
746,26.141877896407923,0.7193289995193481,2,3,57.41094014248802,0.5352453887462616,2,9,0,0.9595784693956375,0,17,0,1.1573312282562256,0,20
747,59.187174664512085,0.6995889276266098,2,20
748,13.014804584856439,0.6009605526924133,2,5,0,1.2623572945594788,0,17,0,1.4506539503733318,0,20
749,0,0.7518576979637146,0,3,0,0.9470689535140991,0,8,0,0.8645374476909637,0,20
750,0,0.9337858955065409,0,3,0,1.1506886680920918,0,9,0,1.0996845811605453,0,17,0,1.1510395208994548,0,20
751,0,0.6540787021319071,0,3,0,0.7291841932705471,0,10,0,0.7376062273979187,0,20
752,18.366075277754202,0.8506646454334259,2,4,0,1.0939545631408691,0,17,0,1.2022452751795452,0,20
753,27.919431288315444,0.6123654961585998,2,5,0,1.2830522230693273,0,12,0,1.3607699155807496,0,17,0,1.4669217665990193,0,20
754,25.281439105143754,1.6110407908757527,2,6,0,1.2450944662094117,0,11,0,1.541579590903388,0,20
755,20.38345797531074,0.19352715462446213,2,4,0,0.9336864489775437,0,17,0,1.0459517240524292,0,20
756,0,0.9497325817743937,0,3,0,1.222541352113088,0,9,0,1.2222626358270645,0,17,0,1.2710647583007812,0,20
757,0,0.7318230470021566,0,3,0,0.8810428380966187,0,9,0,0.8297213532707908,0,20
758,64.81915602217082,0.03425512313842773,2,15,0,1.0990244626998902,0,20
759,12.20548097641418,0.8803059392505221,2,9,0,1.2016733884811401,0,12,0,1.194549036026001,0,17,0,1.4292192061742146,0,20
760,21.13402109051129,0.12247108668088913,2,4,0,0.9812310200471145,0,17,0,1.1262948513031006,0,20
761,0,0.7762141029040018,0,3,0,0.9743946450097221,0,10,0,0.921802282333374,0,20
762,5.58851061258169,0.5884140878915787,2,4,0,1.2724939401333148,0,17,0,1.3280834356943767,0,20
763,0.3854906013208263,1.161792476971944,2,3,0,1.5444652949060713,0,17,0,1.510206977526347,0,20
764,14.521554186899854,1.1694263128133922,2,13,0,0.8845339218775431,0,16,0,1.0120299458503723,0,20
765,99.68913072492526,0.3788342535495758,2,5,230.5814735226092,0.20550145208835602,2,13,0,0.8152894292558942,0,20
766,0,0.833816409111023,0,3,0,1.007516316005162,0,10,0,1.0317501306533814,0,20
767,0,0.805227518081665,0,3,0,0.9249011278152466,0,8,0,0.8658581674098969,0,20
768,0,0.8062874873479208,0,3,0,0.9720103740692139,0,10,0,0.9517765402793884,0,20
769,0,0.6649042963981628,0,3,0,0.6916067174502781,0,10,0,0.673271918296814,0,20
770,0,0.986421267191569,0,3,0,1.2201865911483765,0,9,0,1.1283358985727483,0,20
771,0,0.7864888707796732,0,3,0,1.0033251444498699,0,9,0,0.9413998126983643,0,20
772,0,0.8066301544507345,0,3,0,1.0729007124900818,0,9,0,1.032227873802185,0,20
773,0,0.7317889134089152,0,3,0,0.7911519919122968,0,10,0,0.8322130680084229,0,20
774,0,0.7732668320337931,0,3,0,0.9839555223782858,0,9,0,1.0010647773742676,0,20
775,36.42606853564063,0.6426836763109479,2,7,0,1.0327804883321126,0,10,0,1.0867965391704015,0,17,0,1.2191377878189087,0,20
776,21.581868437186586,1.0265814065933228,2,3,0,1.1134933630625408,0,6,0,1.3056856718930332,0,17,0,1.420016606648763,0,20
777,5.765363271501389,1.193792887032032,2,16,0,0.9371997714042664,0,20
778,11.392038262070445,0.7396790683269501,2,4,0,0.8816747940503634,0,17,0,0.998147209485372,0,20
779,0.3634505318275684,1.0770513614018757,2,3,0,1.4544564826147897,0,10,0,1.4204253809792655,0,17,0,1.3473281860351562,0,20
780,0.3267282303037599,0.925501267115275,2,3,0,1.6201287375556097,0,12,0,1.5604265451431274,0,17,0,1.539494276046753,0,20
781,19.06080203558293,0.6257256865501404,2,15,0,0.9936959505081177,0,20
782,26.76522281847746,0.6238822395151312,2,11,0,0.7698326905568441,0,14,0,0.6406713922818502,0,17,0,0.8054916659990946,0,20
783,36.21251703522276,0.4338910612795088,2,9,64.35045609436362,0.3348268469174703,2,12,0,0.755499579012394,0,20
784,0,0.794256846110026,0,3,0,0.9078551530838013,0,9,0,0.8495606617494063,0,20
785,0.2049827857710733,0.8519838253657023,2,3,0,1.4598796665668488,0,11,0,1.5101675788561504,0,17,0,1.3911033074061077,0,20
786,34.20711494348144,0.15209459885954857,2,4,0,0.8880187181326059,0,17,0,1.1058320999145508,0,20
787,18.349348739000764,0.9590624570846558,2,3,0,1.4188699589835272,0,12,0,1.4030300855636597,0,17,0,1.418035586675008,0,20
788,0,0.6697556376457214,0,3,0,0.7510465184847513,0,9,0,0.7472262545065447,0,20
789,6.939844522804796,1.3229581514994304,2,3,0,1.2260808944702148,0,6,0,1.2292763789494832,0,12,0,1.191428804397583,0,17,0,1.2185384035110474,0,20
790,15.711600859585062,0.7309992710749308,2,3,0,1.359145959218343,0,6,0,1.4291184345881145,0,12,0,1.3635366916656495,0,17,0,1.3970387776692708,0,20
791,45.58056253315613,0.6647560596466064,2,4,11.66485406123494,0.5944163948297501,2,8,0,1.1689894596735637,0,17,0,1.4358535607655842,0,20
792,16.03080529814064,1.1003298908472061,2,8,0,1.2310104072093964,0,12,0,1.2732658624649047,0,17,0,1.4176452954610188,0,20
793,12.493238224699425,0.6034520183290754,2,7,0,0.9785357316335043,0,10,0,0.9751499380384173,0,17,0,1.1260412534077961,0,20
794,9.162796609429517,1.208890477816264,2,3,0,1.3299857510460749,0,12,0,1.3287295341491698,0,17,0,1.296966830889384,0,20
795,0.2329119181616564,1.001195251941681,2,3,0,1.5879233943091497,0,12,0,1.5272268056869507,0,17,0,1.4456076224644978,0,20
796,0,0.8113470077514648,0,3,0,1.0522880752881367,0,9,0,1.0011789473620327,0,20
797,14.184270024967775,0.8246719042460123,2,3,0,1.310897429784139,0,6,0,1.5546697053042324,0,17,0,1.4954262177149455,0,20
798,0,0.7519246141115824,0,3,0,0.9670082926750183,0,9,0,0.9794115369970148,0,20
799,0,0.8072875340779623,0,3,0,1.0393053889274597,0,9,0,0.9598432996056296,0,20
800,0.03541875449397032,1.0025299390157063,2,3,0,1.282617547932793,0,20
801,0.14381608740762394,0.8872883319854736,2,3,0,1.3945878403527396,0,10,0,1.4246130108833313,0,20
802,0.11616916689427435,1.0507875680923462,2,3,0,1.4179634783003066,0,12,0,1.41224262714386,0,17,0,1.3239614168802898,0,20
803,31.112890912488325,0.5470221877098084,2,10,0,0.9761822819709778,0,14,0,0.8485212326049805,0,17,0,1.1422568559646606,0,20
804,0,0.7915514707565308,0,3,0,0.9302192756107875,0,10,0,0.9248954892158509,0,20
805,0,0.8691604534784952,0,3,0,1.1082435607910157,0,8,0,1.000757959153917,0,17,0,1.1505395571390789,0,20
806,13.282688533417454,0.49853922923405963,2,3,0,1.2471248971091375,0,12,0,1.2099265813827516,0,17,0,1.2096447944641113,0,20
807,2.1679357030354507,0.841223398844401,2,3,0,1.0653887059953477,0,12,0,1.2067802250385284,0,20
808,0.21617847182058395,0.6933373808860779,2,3,0,1.3473333681330961,0,20
809,0.22080408036168112,0.8626393477121989,2,3,0,1.2197638601064682,0,11,0,1.2167065739631653,0,17,0,1.1260424455006917,0,20
810,0.3370662626167506,0.8624387383460999,2,3,0,1.5694292783737183,0,17,0,1.4736653566360474,0,20
811,12.805174065298266,0.26866601407527924,2,4,0,1.4977867901325226,0,12,0,1.50857412815094,0,17,0,1.5351932048797607,0,20
812,42.55045647005707,1.0154479231153215,2,7,0,0.7653225262959799,0,10,0,0.7470992718424115,0,17,0,0.8955881794293722,0,20
813,0.3608122018611201,0.6501664221286774,2,3,0,1.2966009676456451,0,11,0,1.3095885515213013,0,17,0,1.1988888184229534,0,20
814,19.033950757849723,0.7299131921359471,2,7,0,1.184389019012451,0,17,0,1.3770209153493245,0,20
815,0.23461984603597005,0.7954951922098795,2,3,0,1.4179509215884738,0,12,0,1.3961841583251953,0,17,0,1.3178313573201497,0,20
816,26.500452997257884,1.3028635382652283,2,6,0,0.8890702074224298,0,17,0,1.0200820763905842,0,20
817,0.3628682476853216,1.0203362305959065,2,3,0,1.677593429883321,0,12,0,1.701358389854431,0,17,0,1.6367231607437134,0,20
818,14.32878051893706,0.5527574717998505,2,4,0,1.2129758779819195,0,17,0,1.3436979055404663,0,20
819,12.733110314581461,0.7834315061569214,2,5,0,1.083645264307658,0,8,0,1.2260304391384125,0,12,0,1.0363770723342896,0,17,0,1.0486444234848022,0,20
820,15.520257948247371,0.6273492773373922,2,3,0,1.5056782960891724,0,6,0,1.6091433004899458,0,17,0,1.494102954864502,0,20
821,13.42531296121517,0.6562063694000244,2,5,0,1.1093625170843942,0,12,0,1.1804040670394897,0,17,0,1.2381508747736614,0,20
822,19.073994005389498,0.22644760310649872,2,5,0,1.2189617554346721,0,8,0,1.1829619805018108,0,11,0,1.0849706172943114,0,16,0,1.0728784799575806,0,20
823,33.07616326417866,1.1314676105976105,2,4,0,1.3408853090726411,0,17,0,1.589629332224528,0,20
824,19.91009528709521,1.1145626306533813,2,5,0,0.8266788870096207,0,17,0,1.0792600711186726,0,20
825,28.59461076474639,1.1197240829467774,2,5,0,0.9151582221190134,0,17,0,1.0257824261983235,0,20
826,13.874309860429415,1.5282769680023194,2,5,0,1.4658983945846558,0,17,0,1.6450193723042805,0,20
827,29.926279057447232,1.331234375635783,2,3,0,1.5447204113006592,0,6,0,1.5350658098856609,0,12,0,1.5305630445480347,0,17,0,1.4712241490681965,0,20
828,31.196958355362497,1.3224483331044514,2,6,0,1.1815498958934436,0,17,0,1.4891399542490642,0,20
829,19.67165346540663,0.6831674178441366,2,6,0,1.3395646810531616,0,13,0,1.3886439204216003,0,17,0,1.5329038699467976,0,20
830,16.900368871369256,0.14392772689461708,2,4,0,1.2158498213841364,0,17,0,1.3710452318191528,0,20
831,23.108793931412958,0.8134804964065552,2,5,0,1.4104511837164562,0,17,0,1.6648629903793335,0,20
832,13.785263295414316,0.3596207449833552,2,6,0,0.7188176115353903,0,12,0,0.5408660709857941,0,17,0,0.5834210018316904,0,20
833,20.06414491478751,0.9602444966634115,2,3,0,1.3552161852518718,0,6,0,1.4665131894024936,0,17,0,1.4317648808161418,0,20
834,20.78020945732716,1.1195565859476726,2,3,0,1.354454755783081,0,6,0,1.3633881608645122,0,12,0,1.321807074546814,0,17,0,1.3701091607411702,0,20
835,0,0.6837262709935507,0,3,0,0.7922958220754351,0,10,0,0.800302368402481,0,20
836,0,0.9046360452969869,0,3,0,1.1933789730072022,0,8,0,1.006787618001302,0,20
837,18.111972723430227,0.8419115543365479,2,5,0,1.4127848347028096,0,17,0,1.597530762354533,0,20
838,0,0.6044525901476542,0,3,0,0.6611948268754142,0,10,0,0.6605728209018707,0,20
839,0,0.8991759220759074,0,3,0,1.1683604001998902,0,8,0,1.1161620219548543,0,11,0,1.1409704287846882,0,17,0,1.2384199301401775,0,20
840,16.78610118734626,0.4774941921234131,2,5,0,1.2603726387023926,0,8,0,1.260111649831136,0,17,0,1.3085972865422566,0,20
841,17.06276625403587,0.6606275916099549,2,5,0,1.123905489842097,0,17,0,1.2941505908966064,0,20
842,5.726744348449234,0.5968726634979248,2,5,0,1.4111162253788538,0,12,0,1.3993150472640992,0,17,0,1.4486080010732014,0,20
843,0,0.9612611730893453,0,3,0,1.20772123336792,0,8,0,1.18052249484592,0,17,0,1.246311863263448,0,20
844,0,0.6674884955088297,0,3,0,0.7005985804966518,0,10,0,0.6912218451499939,0,20
845,0,0.8274016777674357,0,3,0,1.0275214195251465,0,8,0,0.8886284828186035,0,17,0,0.8623818159103394,0,20
846,0,1.0230668783187866,0,3,0,1.249092936515808,0,8,0,1.1128394736184015,0,17,0,1.1589388449986775,0,20
847,17.20808865575273,0.9259676138559977,2,3,0,1.2383163770039876,0,6,0,1.3685912092526753,0,12,0,1.3377897977828979,0,17,0,1.3294721841812134,0,20
848,0,0.7458595633506775,0,3,0,0.7967655829020909,0,10,0,0.798671567440033,0,20
849,0,0.7431326111157736,0,3,0,0.8865720748901367,0,8,0,0.8102486530939738,0,11,0,0.8999276558558146,0,20
850,0,0.7212281425793966,0,3,0,0.894954264163971,0,9,0,0.8613591410896995,0,20
851,0,0.7902970711390177,0,3,0,0.9971869707107544,0,8,0,0.9564379453659058,0,11,0,1.0263501803080242,0,17,0,1.0953443050384521,0,20
852,0,0.888598620891571,0,3,0,1.1320438861846924,0,8,0,1.0573975774976943,0,17,0,1.174317995707194,0,20
853,0,0.8440197308858236,0,3,0,1.0325952569643657,0,9,0,1.0494544831189243,0,20
854,0,0.9714524944623312,0,3,0,1.2875069379806519,0,8,0,1.2062347332636516,0,11,0,1.2269431551297505,0,17,0,1.3285714387893677,0,20
855,0,0.9067841569582621,0,3,0,1.2217284202575684,0,8,0,1.0345402260621388,0,20
856,0,0.8456083536148071,0,3,0,1.0333292881647747,0,9,0,1.0494057590311223,0,20
