0,4.04390327441486,0.688523143529892,2,4,130.63034812552115,0.1486833691596985,2,7,233.94701124814236,0.04545328275459569,2,89,0.654673647614993,0.3389420062303543,2,92,0.2637665183475838,0.40535082419713336,2,95,273.88881135353597,0.033179035782814024,2,100,0.5896119873237599,0.34191805124282837,2,103,0.3757433722674194,0.3790302127599716,2,106,3.0125030348232458,0.25481920316815376,2,110,238.76718649110762,0.03128045052289963,2,148,12.352853628645368,0.08314786812192515,2,186,0,0.650053878625234,0,189,0,0.6016695618629455,0,194,2.2585976963990313,0.21663335462411246,2,197,0.5434824739979488,0.45835594336191815,2,200
1,0,0.979449607077099,0,21,22.707247579985516,0.054742030799388885,2,27,16.366846662574176,0.1700787339359522,2,35,0.207248561289066,0.8718040784200033,2,38,0.04828818376634802,1.0777510007222493,2,41,22.37823146276295,0.16565776954997669,2,52,0.21100889635475925,0.41348613798618317,2,56,0,0.8956732749938965,0,59,0,0.795817232131958,0,64,0.15613181889487346,0.8063815037409464,2,67,0,0.7342251042524973,0,73,12.81674648906648,0.69329967101415,2,76,0,0.628254123032093,0,84,59.03230653861463,0.2686363259951274,2,87,0,0.6369065165519714,0,102,22.09826341796599,0.21405427902936935,2,108
2,0,0.8773796161015829,0,3,0,0.9556289230074201,0,10,0,0.8602553946631295,0,17,0,0.9736455678939819,0,20
3,0.024830156746303424,1.569491091896506,2,17,7.593519083292886,0.31846002489328384,2,21,0,0.47037450075149534,0,26,1.855807611695675,0.412259836991628,2,29,0.04922006338891255,0.6998007694880167,2,32,7.243230458873772,0.3276571532090505,2,35,11.763711059667498,0.36490195989608765,2,44,26.779506084412763,0.9114515483379364,2,48
4,5.617820471993068,0.7432085772355398,2,6,0,1.2996660470962524,0,17,0,1.4420593976974487,0,20
5,0,0.8132455229759217,0,5,9.19922111455994,0.17943864398532444,2,14,0,1.0213102598985035,0,20
6,0,1.128166633408244,0,82,15.714423396199482,1.2322392463684082,2,86,22.35442819182819,1.2339030265808106,2,91,0,0.5814862052599589,0,94,2.4446283266847377,0.8255693713823954,2,97,0,0.5019631385803223,0,102,123.45998228299162,1.0529658496379852,2,106
7,0.2403919351757317,0.7111596067746481,2,3,0,1.060444894958945,0,20
8,0.023026920628850357,1.0664043227831523,2,6,5.34195949984943,0.2769182783861955,2,18,29.881207236911347,0.790000780062242,2,29,14.961459063954136,0.4291733125081429,2,55,7.282761812383169,0.1814017202705145,2,87,26.739900458048332,0.6226734668016434,2,90
9,18.21231753344156,0.302359864115715,2,7,0,0.9846051534016927,0,10,0,0.9963769231523786,0,17,0,1.1297404368718464,0,20
10,0,0.6591177331773859,0,19,0,0.691104070706801,0,41,3.156076550143775,0.994050145149231,2,46,0,0.7928180808112735,0,67,1.599327377325303,0.6724329392115275,2,70,0,0.5692192514737447,0,73,14.458179782859691,0.6328224062919616,2,78
11,6.20247450981061,0.19633446633815765,2,6,0.0646929849456452,1.339285863770379,2,15,0.2653630336489688,1.0836520592371623,2,18,4.305873423323118,0.44575056433677673,2,28,5.894387032706728,0.2934547830373049,2,36,61.17531460300586,0.07736102988322575,2,42,41.13065107936768,0.07692752281824748,2,45,0.8878998439441814,0.5167529781659445,2,48,16.50428436440484,0.11948581039905548,2,53,24.224763276258393,0.15625417977571487,2,59,0.10915933060997626,0.358346293369929,2,62,40.030963703210105,0.07442079803773335,2,76,0,1.4777833700180054,0,81,1.7310104420761332,1.0608545939127605,2,84,0,1.5164390868610806,0,120,3.4928235857136722,0.6287376979986826,2,123,0,1.3833318293094634,0,143,44.70368648387646,0.14627520442008973,2,158,1.5586388847305526,0.39692068845033646,2,162,0,1.5439987234447314,0,185,41.18024375997086,0.08096077168981235,2,197,14.44993838490757,0.18489168087641397,2,200
12,0,0.6199313253164291,0,4,0,0.7093619902928671,0,7,0,0.9320134222507477,0,11,0,1.0443568097220526,0,20
13,4.019905285508964,0.026528696219126385,2,3,0,0.4222929775714874,0,7,108.79196343186935,0.3400716284910838,2,10,0.04274713170298444,1.7572962045669556,2,13,0.33114046895057136,1.33205246925354,2,16,0,1.021430104970932,0,20
14,12.74255050976905,0.356397058814764,2,8,24.008769474378486,0.31705714464187623,2,13,56.107711516114406,0.34612912535667417,2,18,0.029353429388075416,0.5059977173805237,2,22,75.11056521339152,0.30731867750485736,2,28,0.03698999424967138,0.6439274430274964,2,33,0.6651074105108387,0.7714807192484537,2,36,0.030258997729932267,1.6115224269720225,2,49
15,0,0.7933704257011414,0,8,0,1.3156216144561768,0,12,0,1.494898017247518,0,42,0,1.4900449304019703,0,59,0.03368340220257043,1.4791329304377239,2,62,0,0.7887237469355265,0,65,0,0.5674101660648981,0,71,0,0.6549255053202311,0,74
16,0,0.9540716012318929,0,33,45.38094176612448,0.4333532154560089,2,39
17,0.14452877093051106,0.9066897432009379,2,3,0,1.3900662793053522,0,12,0,1.3239863157272338,0,17,0,1.3049972852071126,0,20
18,53.10322016222645,0.13455390743911266,2,8,29.43793250197819,0.10473017181668963,2,22,46.13255885897952,0.10741068795323372,2,30,71.67805948160336,0.11630743443965912,2,50,0.05808004601764483,0.3181606441736221,2,55,88.26964721894453,0.12914434572060904,2,88,0.023430663858048838,0.3642134189605713,2,93,79.61921935321922,0.1357366076924584,2,104,0.11129468178745333,0.6225405633449554,2,108,85.4105313750133,0.1266150176525116,2,119,0.03140573626604763,0.40699121356010437,2,123,87.0857218629328,0.11105864412254757,2,132,0.04675528618617232,0.6265303095181783,2,135,95.47314456788321,0.08025713264942169,2,143,8.810930354725349,0.43454065918922424,2,146,19.296601716047643,0.3342578649520874,2,151
19,32.30163206234542,0.6937166282108852,2,7,0,1.2681874275207519,0,17,0,1.4604120254516602,0,20
20,0.037582995123411324,0.8801629145940145,2,3,0,1.0885706368614645,0,20
21,0.28327468415434887,0.8893134395281473,2,3,0,1.468858347998725,0,12,0,1.4799985408782959,0,17,0,1.4319193760553997,0,20
22,19.226476639653825,0.7606826821962992,2,3,0,1.5049461126327515,0,6,0,1.6142038865522905,0,17,0,1.5366586049397786,0,20
23,0.3480548043702489,0.9302417039871216,2,3,0,1.3554753214120865,0,11,0,1.304326872030894,0,17,0,1.2383884986241658,0,20
24,9.95770814557953,0.08301354854395895,2,66,20.05842020753154,0.27796042236414825,2,77,12.960480670664127,0.21373004217942557,2,80,3.6424946847748947,0.13806590934594473,2,89,6.5788275315037135,0.10695714379350345,2,113,78.93838158626997,0.5302386060357094,2,121,129.91720940335802,0.4384550601243973,2,129,39.06785654726822,0.2366439886391163,2,133,140.8538567121302,0.13124643514553705,2,139,0.021397474164651105,0.20682185590267183,2,144,9.849743151036343,0.1043989752177839,2,171,0,0.6742195884386698,0,174,67.82921884135135,0.41221511363983154,2,178,0.03780720005435556,1.6339919924736024,2,188,0.020733702135698615,1.618037740389506,2,191
25,26.088798398600932,1.213473618030548,2,24
26,31.612726618675914,1.0610013802846272,2,3,0,1.3389442761739094,0,6,0,1.473018006844954,0,17,0,1.4735757112503052,0,20
27,36.612164139080214,0.49801978739825165,2,11,0,0.7671145995457967,0,14,0,0.5876168211301168,0,17,0,0.7504487037658691,0,20
28,19.202278862944155,0.5006850858529409,2,3,0,1.2623100015852187,0,12,0,1.4242317080497742,0,16,0,1.320035696029663,0,20
29,40.44073300167539,1.207317754626274,2,8,0,0.8432799842622545,0,17,0,1.0378634929656982,0,20
30,13.348637085420672,0.09085164666175842,2,5,7.707824872309022,0.11912709325551987,2,35,0,1.0327309983117239,0,105,0.3462311482025895,0.5704723099867502,2,108,0,0.9729195247996937,0,163,8.639443302233204,0.15419706276484899,2,170,0,0.36417850355307263,0,176,1.24730772153302,0.23106897870699564,2,179
31,0,0.6764740546544393,0,3,0,0.7213659385840098,0,9,0,0.7319044958461415,0,20
32,11.33463765777907,0.3943341448903084,2,4,0,1.2571254968643188,0,17,0,1.3259806235631306,0,20
33,25.571294418817757,0.35317246119181317,2,3,0,1.393677552541097,0,6,0,1.2738160653547808,0,17,0,1.2562460899353027,0,20
34,0,0.8714717825253805,0,3,0,1.1717420101165772,0,8,0,0.9790702561537424,0,20
35,24.93687810182226,0.9440910816192627,2,3,10.893623165731876,0.3406991383364034,2,46,16.67441427562159,0.4812404712041219,2,49
36,26.053071082165015,1.300726979970932,2,4,0,1.3398089500573964,0,17,0,1.412007252375285,0,20
37,0,0.7307603160540262,0,3,0,0.9172964890797933,0,9,0,0.8854253400455822,0,20
38,35.00578296402129,0.7066347665256925,2,9,0,1.1448643207550049,0,12,0,1.2085660696029663,0,17,0,1.3681624333063762,0,20
39,36.42302795319496,0.5368337988853454,2,5,0,1.2439273595809937,0,17,0,1.4676751693089802,0,20
40,39.46595285240352,0.5406127985980775,2,18,0,1.496111234029134,0,21,0,1.579763929049174,0,36,3.8388323892330654,0.47630728284517926,2,39,0.42934658978243107,0.6982487797737121,2,44,0,1.375229686498642,0,48,57.73883274457371,0.4688519404994117,2,57
41,0,0.6847343842188517,0,3,0,0.7384571929772695,0,9,0,0.7026533484458923,0,20
42,5.519622301167237,0.18017420381830448,2,57,0.22978979393510787,0.49948652982711794,2,62,0,0.6777969896793365,0,68,0.32814159605031995,0.827769915262858,2,71,0,0.778066356976827,0,74,3.2291430397011185,0.27802899107337,2,78,0.03567509221337999,0.6436633666356405,2,81,0.020896236804433966,0.8166340986887614,2,84,0,0.6393783688545227,0,87,0,0.64732276648283,0,91,25.034982477055962,0.06866728141903877,2,95,0.23852838178917588,0.37399452924728394,2,101,26.1749092295009,0.050800904631614685,2,104,16.09894118254172,0.08592095375061035,2,114,53.928044433687575,0.017391318784040564,1,131,4.186759749696166,0.25960866423944634,2,155,59.24437775206686,0.1193952535589536,2,161
43,32.084042632793356,0.809130072593689,2,3,0,1.3002993265787761,0,6,0,1.2559870589863171,0,17,0,1.1716350714365642,0,20
44,0,0.833856463432312,0,3,0,1.0750445922215779,0,9,0,1.0143431425094604,0,17,0,1.1163968642552693,0,20
45,14.929507431245572,0.6676705777645111,2,10,0,0.7952822191374642,0,17,0,0.8691001335779825,0,20
46,18.631517371275425,0.7571962305477687,2,7,0,0.9213172992070516,0,10,0,0.9809142691748483,0,17,0,1.1021488507588704,0,20
47,0,0.7978467146555582,0,3,0,1.02601824204127,0,9,0,1.0098591148853302,0,17,0,1.0959877173105876,0,20
48,15.205141446004808,0.6787126362323761,2,6,0,1.453885251825506,0,17,0,1.6535208225250244,0,20
49,25.67328490070309,0.5387827157974243,2,7,0,0.9976734717686971,0,10,0,0.8981782879148211,0,17,0,1.0166464646657307,0,20
50,38.31768790531472,0.547709584236145,2,3,0,0.3491318643093109,0,13,0,0.38858026779931165,0,42,0.670612074117836,0.5130657851696014,2,45
51,24.590410923365123,0.2469323068857193,2,5,0,1.0557399988174438,0,8,51.643869495251565,0.2506170183420181,2,13,0.19411884493920425,0.5268121361732483,2,16,43.777041509389456,0.2977997064590454,2,20
52,26.76779245730477,0.33216920495033264,2,9,0,1.01052192846934,0,12,0,0.7877771019935608,0,17,0,1.0402265787124634,0,20
53,9.992986582273128,0.36077909614588766,2,37,0.5317098535860267,0.6720339854558309,2,40,15.418300698814818,0.20770282298326492,2,52,34.00074253017461,0.1545539695237364,2,80,19.49131522812854,0.14275578781962395,2,84,11.135013928920745,0.11800240239371425,2,107,22.550639969847467,0.09818568329016368,2,110,45.66333103667918,0.07868536426262422,2,132,80.14004265158532,0.07480756532062184,2,143
54,22.417322724084176,0.6399426221847534,2,5,0,1.1269166810171944,0,12,0,1.2188989162445067,0,17,0,1.2793129682540894,0,20
55,7.645152537689691,1.3399293422698975,2,6,0,0.9683120792562311,0,17,0,0.9735761086146036,0,20
56,0,0.8292697469393412,0,3,0,1.0187102158864338,0,9,0,1.0409251126376065,0,20
57,0.17323172650388335,1.0491544405619304,2,3,0,1.3438548892736435,0,11,0,1.3833283583323162,0,17,0,1.3141674598058064,0,20
58,29.765135687456603,0.6176779270172119,2,5,0,1.0944857199986775,0,8,0,1.1864649454752605,0,17,0,1.2692359288533528,0,20
59,0,0.9490265846252441,0,3,0,1.1750595370928447,0,9,0,1.058969497680664,0,17,0,1.1569384733835857,0,20
60,5.957713612976775,0.1876391815021634,2,16,27.061346056307567,0.597629769705236,2,48,272.82161379142934,0.1416575126349926,2,60
61,0,0.8473953008651733,0,3,0,1.0887682437896729,0,8,0,1.044504960378011,0,11,0,1.0970513621966045,0,17,0,1.1749027967453003,0,20
62,0,0.9086560010910034,0,3,0,1.1340625762939454,0,8,0,1.065132247077094,0,17,0,1.2091057300567627,0,20
63,21.566474499724915,0.5214762091636658,2,6,0,1.1410477594895796,0,17,0,1.307195822397868,0,20
64,29.436355409900642,0.5068689131218455,2,23,0.06898396757294364,0.23489172756671906,2,28,0,0.5838072180747986,0,38,0,0.5364925203652218,0,67,23.038964086251905,0.5305699159701666,2,79
65,3.330351735858738,0.4750514030456543,2,3,0,0.2817259021103382,0,7,24.42960839608156,0.33555380751689273,2,19,36.81383582502203,0.5429942111174265,2,22
66,23.841784987143143,0.8129633797539605,2,9,0,0.9425071875254313,0,12,0,0.8492324948310852,0,16,0,0.9964384883642197,0,20
67,0,0.525093572480338,0,7,0.18242457979509047,0.8076385060946146,2,13,0,0.8090943892796835,0,16,0,0.7033150025776455,0,23,0,0.7470507820447286,0,26
68,46.1942557606346,0.6756659150123596,2,3,0,1.4732502698898315,0,6,0,1.5160259116779675,0,17,0,1.5005138715108235,0,20
69,12.974884521781538,0.5558159755122277,2,31,29.73416544118385,0.5890786250432333,2,34
70,36.594810365752295,0.8679826259613037,2,3,0,1.3774897787306044,0,12,0,1.4260006666183471,0,17,0,1.4846669832865398,0,20
71,0,0.8353638251622518,0,3,0,1.0872024297714233,0,9,0,0.9882705970243975,0,20
72,0,0.7407334446907043,0,3,0,0.9234902660051981,0,9,0,0.8805344321511008,0,20
73,16.75527835256362,0.5926898360252381,2,10,0,0.8745917422430856,0,17,0,0.9773359298706055,0,20
74,25.830426698549836,0.6562638553706083,2,11,73.85407969938407,0.30212738215923307,2,21
75,60.58100496395312,0.03018089963330163,2,9,92.754210825528,0.07542742292086284,2,12,0,0.7456301227211952,0,20
76,23.210264976059772,1.256035288174947,2,3,0,1.5320354302724202,0,6,0,1.404368797938029,0,12,0,1.358283805847168,0,17,0,1.3537804285685222,0,20
77,16.321859217385228,0.4454063560281481,2,7,0,1.1895090738932292,0,10,0,1.2060234206063407,0,17,0,1.3008312781651814,0,20
78,20.446127993344923,1.2333177983760835,2,20
79,14.98593539521259,0.48040713866551715,2,3,0,1.3858917270387923,0,17,0,1.3625728686650593,0,20
80,10.20008932879281,0.7489546239376068,2,4,0,0.9231143914736234,0,17,0,1.0731993913650513,0,20
81,0.4322204113782866,0.5396551688512167,2,3,0,1.013970468725477,0,17,0,1.0646683772404988,0,20
82,24.723082724602435,0.6338637709617615,2,5,0,0.6611459404230118,0,17,0,0.8428962230682373,0,20
83,50.31918853514567,0.887053370475769,2,6,0,1.1010985699566929,0,17,0,1.2767545779546101,0,20
84,38.1170543545083,0.45318986069072376,2,11,20.624181019228644,0.6051438252131144,2,14,0,1.1133361458778381,0,20
85,17.191623933367424,0.614405557513237,2,4,0,0.5614930987358093,0,7,17.488689023562532,0.6578904065218839,2,18,0,0.42654285047735485,0,46,58.022316602594266,0.4735223154226939,2,52,82.30616636071895,1.4257764021555583,2,55,324.6616890966396,1.9210378906943582,3,66,271.6020691004014,1.9363355909075055,3,101
86,0,0.8010122179985046,0,3,0,1.010994791984558,0,9,0,0.9566956013441086,0,17,0,1.0518232583999634,0,20
87,33.68115221266884,0.04447539474653161,2,23,8.832363869144793,0.08548378715148339,2,36,18.745333033027304,0.022329831123352052,2,56,3.1174351037715278,0.14894913136959076,2,59,24.73573548914551,0.02051580846309662,2,64,0.021325593372306138,0.3380039811134338,2,69,58.96704692485268,0.09268896281719208,2,77,0.197320580018063,0.39270278811454773,2,80,11.233390428850441,0.20947385877370833,2,100
88,9.276159453680872,1.2283307313919067,2,3,0,1.3302516672346327,0,12,0,1.4310235261917115,0,17,0,1.3746463457743328,0,20
89,23.408926568079668,1.1151493072509766,2,10,0,0.8711406826972962,0,20
90,20.43764281935875,0.6403665145238241,2,3,0,0.9476745128631592,0,6,0,0.9950532696463845,0,17,0,1.1555237372716267,0,20
91,4.868017926480282,0.07237345997880144,2,41
92,0.36330228045415885,0.6385284960269928,2,3,0,1.492614143034991,0,20
93,6.176691316254787,0.5562324921290079,2,3,9.836760706892147,0.5360064655542374,2,7,0,1.1707695325215657,0,10,0,1.2043768508093697,0,17,0,1.3438798586527507,0,20
94,27.700179967462716,0.5174761414527893,2,3,0,1.3978366454442341,0,6,0,1.425212601820628,0,12,0,1.3228634119033813,0,17,0,1.3529921372731526,0,20
95,15.542787749018787,0.5734700560569763,2,7,0,1.187832236289978,0,10,0,1.2419271980013167,0,17,0,1.270003318786621,0,20
96,30.572352730692213,0.6040132301194328,2,7,0,1.1534982323646545,0,17,0,1.290812651316325,0,20
97,4.9355384514826515,0.08872238794962566,2,3,7.358163604680103,0.07912015341795407,2,29,9.290212732196043,0.09676021550382886,2,36,24.046672988838022,0.04793634514013926,2,39,93.7120552312721,0.027953973183265098,2,65
98,41.96037985693161,1.3892056147257488,2,3,0,1.3056850963168674,0,12,0,1.2741900444030763,0,17,0,1.32133948802948,0,20
99,15.696135472614637,0.15665053940833884,2,47,31.7771113048393,0.5226042668024699,2,53,15.068016293114036,0.4735046625137329,2,56,115.22410553378083,0.13434412082036337,2,62,20.563120149922653,0.15722380578517914,2,66,57.47611082179084,0.16106352635792323,2,73
100,17.65820495962541,0.4260106384754181,2,6,0,1.1598078120838513,0,17,0,1.297730803489685,0,20
101,39.412023151623515,0.5722253689399133,2,13,0,0.9989918214934213,0,20
102,10.939324306486947,1.4912772973378499,2,6,0,1.1002410650253296,0,17,0,1.293095588684082,0,20
103,22.996026026445907,1.1405053734779358,2,4,0,1.2598271461633535,0,17,0,1.451287070910136,0,20
104,15.933341579054206,1.2660330136617024,2,3,0,1.4701893329620361,0,12,0,1.510801362991333,0,17,0,1.5168712536493938,0,20
105,0,0.7556864221890768,0,3,0,0.8325773818152291,0,10,0,0.8650975227355957,0,20
106,24.21930026588815,0.6863717635472616,2,3,0,1.3711138566335042,0,6,0,1.4422537088394165,0,17,0,1.4391260544459026,0,20
107,0,0.9041653474171957,0,3,0,1.1517208019892375,0,9,0,1.0446577966213226,0,17,0,1.1490407784779866,0,20
108,36.496679686564995,0.8085217624902725,2,8,0,1.1606953938802083,0,17,0,1.3911731243133545,0,20
109,0,0.8497171401977539,0,3,0,1.0537008762359619,0,8,0,0.9627322620815701,0,17,0,1.118663748105367,0,20
110,19.93828423626679,1.055652658144633,2,3,0,1.5699914296468098,0,6,0,1.6465857744216919,0,11,0,1.6308058301607768,0,17,0,1.5511109034220378,0,20
111,0,0.9818003177642822,0,3,0,1.1897804498672486,0,8,0,1.1100813845793407,0,20
112,17.084252780919492,0.6180073022842407,2,7,0,0.7870114843050638,0,10,0,0.927227224622454,0,17,0,1.0754392544428508,0,20
113,13.3332817827532,1.272635006904602,2,5,0,1.329513818025589,0,17,0,1.5040323336919148,0,20
114,9.401930796980398,0.4908364911874135,2,3,0,1.317735749132493,0,20
115,0,0.8032275040944418,0,3,0,0.9293567339579264,0,9,0,0.8694825822656805,0,20
116,9.359283885376481,0.2595098814261811,2,56
117,26.378717761762786,1.1044204632441204,2,3,0,0.2603783458471298,0,21,24.793217240123862,0.799505869547526,2,24
118,0.30091220833200205,0.8542306224505106,2,3,0,1.5859724945492215,0,12,0,1.5507365942001343,0,17,0,1.4734933376312256,0,20
119,88.12319285548,0.3606445624910552,2,29
120,0.4509412542148043,1.1765481233596802,2,3,0,1.4773505926132202,0,10,0,1.4075841903686523,0,17,0,1.4306607643763225,0,20
121,114.32028963420692,0.0372563579252788,2,7,5.548419950220002,1.0133004784584045,2,11,7.524349129440478,1.2503825306892395,2,21,0,1.0577779129931801,0,40,0,0.9124480485916138,0,45
122,0,0.7336232662200928,0,3,0,0.8036125302314758,0,9,0,0.755170963704586,0,17,0,0.8790079156557719,0,20
123,0,0.9441554745038351,0,3,0,1.1751751899719238,0,8,0,1.1480580965677898,0,17,0,1.2540922959645588,0,20
124,10.778133335581924,1.0514760494232178,2,5,0,0.8881415327390035,0,17,0,1.0216960509618123,0,20
125,17.966480655925743,1.1912592819758825,2,21
126,18.347913229536147,0.42720451205968857,2,16,0,1.0290393233299255,0,20
127,9.231805421868009,0.3242229289478726,2,18,219.50173801654918,0.09112049983097957,2,31
128,23.203732460865638,0.7982227802276611,2,10,0,0.8382700383663177,0,14,0,0.7920391162236532,0,17,0,0.974284291267395,0,20
129,27.71335943022803,0.7051371663808823,2,20
130,8.550929560181899,0.3198758065700531,2,15,6.576111625875217,0.30425920420222813,2,24
131,0,0.8084329962730408,0,3,0,1.0387239933013916,0,8,0,0.9458563327789307,0,11,0,0.9537303249041239,0,17,0,1.0225255886713664,0,20
132,4.2328047896238745,0.660203735033671,2,3,0.060032967492214595,0.8819954792658488,2,9,0.04313469086976776,1.498045136531194,2,21
133,10.60492537957939,0.748379385471344,2,5,0,1.113637924194336,0,8,0,1.1014058589935303,0,17,0,1.1869802474975586,0,20
134,18.43802784764695,0.9247959852218628,2,6,0,0.9389069730585272,0,17,0,1.2210736274719238,0,20
135,0,1.0075918038686116,0,3,0,1.2480710983276366,0,8,0,1.1770214239756267,0,17,0,1.200804074605306,0,20
136,43.87193811555684,0.8429079502820969,2,16,0,0.9864780306816101,0,20
137,0,0.6593968669573466,0,3,0,0.6789749349866595,0,10,0,0.672640347480774,0,20
138,30.264349360428056,0.28979020565748215,2,4,0,1.2857307745860174,0,17,0,1.3790225982666016,0,20
139,36.60791191984246,0.4841644108295441,2,5,0,1.0667431354522705,0,8,0,1.0432977279027302,0,17,0,1.065416971842448,0,20
140,10.699504074425993,0.3648751378059387,2,11,0,0.9122981230417887,0,14,0,0.7644448479016622,0,17,0,0.9537543058395386,0,20
141,0,0.9561192194620768,0,3,0,1.2458189487457276,0,8,0,1.1076575616995494,0,20
142,0.09915889803207843,0.9715768496195475,2,3,0,1.3765890247681563,0,20
143,0.35543008833375933,1.1847176949183147,2,3,0,1.461813661787245,0,12,0,1.426916766166687,0,17,0,1.4220316012700398,0,20
144,0,0.825523296991984,0,3,0,1.0006251335144043,0,9,0,1.0043003667484631,0,20
145,19.180136606384686,0.35590452949206036,2,3,0,1.1525525119569566,0,12,0,1.2474929571151734,0,17,0,1.2031677961349487,0,20
