0,12.815693275657623,0.9171332009136677,2,32
1,0.22011394067247728,0.4497993448201348,2,17,71.0840895320952,0.3687463030219078,2,33,0.040496684349152455,0.34910996854305265,2,73,0.21555830418199606,0.369666188955307,2,77,0.7250644403968574,0.24224581817785898,2,80,49.714835905513915,0.38284335066290465,2,97,0.26852773049331996,0.22667110587159792,2,169,7.8886323781556955,0.9800871440342495,2,176,0.5197496358726921,0.23613454401493073,2,181,0.34652133797738577,0.25977711379528046,2,187,1.5802590863458277,0.7724975228309632,2,192,0.3778992503417562,0.3277474716305733,2,200
2,0.3038214020655691,0.25682870112359524,2,32,17.830351779716473,0.9321384481761766,2,55,0.26858351075900494,0.6303767263889313,2,59,13.720277147789384,1.0520317951838176,2,77
3,0.03007022957695706,0.6447162883622306,2,14,24.74410770108546,1.1711473200056288,2,32,33.889217645782594,1.1264710227648418,2,38
4,0,0.13593376676241556,0,30,17.345967991341123,1.319290243089199,2,78,20.884437775906022,1.2375512619813283,2,90
5,0.6982823919670679,0.3037257320605792,2,26,6.244018168209516,0.9920269421168736,2,33
6,9.361028760362647,0.3616436794400215,2,16,0,1.102440357208252,0,20
7,0,0.1356872950087894,0,22,0,0.15244372288386027,0,37,21.71697096500535,1.0694250795576308,2,46,29.054226583521594,1.0969788312911988,2,51,97.99353556578622,1.0042585531870525,2,54
8,0.050163473049806895,0.2243049591779709,2,5,1.1480395994612895,0.1960939665635427,2,8,0.04037459774905168,0.2853545728656981,2,26,7.47764509405364,0.3703199625015259,2,31,0.6234508675049372,0.3095039625962575,2,34,0,0.287000668545564,0,82,0.03136577817876453,0.42233331004778546,2,85,9.026571990139697,1.235662579536438,2,89,0.27249370929098515,0.1497764331953866,2,96,0.4241357548090758,0.19043412059545517,2,100,3.19622490179211,0.45775003731250763,2,104,1.8893732902852163,0.44290661066770554,2,108,7.867307786070885,0.6536987721920013,2,114
9,0.47272560699585403,0.1867942240308313,2,17,4.001454773830286,0.40810930728912354,2,20,0.35774504859455347,0.18572485364145702,2,38,33.271554331758146,1.708976686000824,2,56,0,0.27791490803162255,0,86,0.7408749673417975,0.33793526515364647,2,94,86.4010359324885,0.322972512420486,2,111,0.021138575419215065,1.434848427772522,2,115,5.03502845513064,1.6224396228790283,2,118,1.4812655744486665,1.5695829221180506,2,125,2.4933519757815468,1.6441192229588826,2,128,27.153099633565,1.827865997950236,2,131,1.349363874771171,1.8835786978403728,3,134,32.92153762955532,1.8493139505386353,2,139,0.10559886278002213,0.9888270616531372,2,144,2.3795335840974294,1.6332525491714478,2,149,10.865004239411034,1.77191158135732,2,152,0.38111649844668216,1.6780171791712444,2,155,36.46351128819313,1.8789955615997314,2,160,1.714130965735926,1.623927265405655,2,164,26.74042735766122,1.9025532007217407,3,178,2.2381470284787977,1.9134724140167236,3,181,28.249362633122317,1.8993242661158243,3,196,5.468756044534057,1.7349232733249664,2,200
10,15.466232456127434,1.5377947290738423,2,18,0.028623604344290135,0.7260671896593911,2,32,0.46800183510188703,0.2546105203554802,2,129,47.08963813215438,0.28460248559713364,2,151,2.6001317676214604,0.41657066345214844,2,155,36.837505328449154,0.24612380862236022,2,160,113.41604696407468,1.5135492384433746,2,164,200.54929483686365,1.9164960497901553,3,185,284.77239885449063,1.8907675743103027,3,188,1.5380549902120009,1.5863868395487468,2,191,340.4980571580936,1.8969503906038072,3,200
11,0.040175063232843054,0.43002754682675004,2,64,10.676134972714497,0.7205165922641754,2,68,0.20622056792668378,0.3250063549388539,2,90,0.03793027129160997,0.4504302910396031,2,139,7.284977556318136,0.9942899147669474,2,145
12,0.04598954566474466,0.23241202620898976,2,17,11.017645302370815,0.9442715644836426,2,20
13,0.6894327474074794,0.4439441476549421,2,7,0.020071444855763967,0.22917842545679637,2,21,0.48794377384147264,0.525054082274437,2,25,0.29228207559235864,0.47819051643212634,2,31,22.8998428185711,0.26217024624347685,2,36,94.84907037228827,0.08205929771065712,2,40,318.8603829310146,0.046591609716415405,2,47,139.19405772483336,0.17389672994613647,2,54,585.5311328895588,0.04305078983306885,2,59,66.41897496938626,0.13719760874907175,2,62,27.809415005233657,0.1607691529724333,2,71,20.34184567173987,0.14281581044197084,2,76,4.359373771517388,0.2221763836485999,2,83,40.00871954590652,0.17140968268116316,2,95,0.6318342513164806,0.2968386007451463,2,182,0.8771982674774655,0.319232314825058,2,185,53.5600089131787,0.1553864734513419,2,192,0.3889559296953034,0.6382153481245041,2,200
14,0,0.11090977256204568,0,51
15,0.0532418628793229,0.2016645446419716,2,46,6.686937813810391,1.2305372476577758,2,56
16,0.029084807841455784,0.18724845823916522,2,66,0.020737514314835136,0.18573693599965838,2,75,11.368009768785903,1.1124089314387395,2,88
17,0.08873969702556363,0.3055608421564102,2,4,0.3587634938831041,0.3396243027278355,2,25,18.6985439642186,0.24745931228001913,2,28,31.766633839708796,0.1997916579246521,2,38,0.1505109873425073,0.2822134178131819,2,46,4.509152212208124,0.1908845067024231,2,51,32.48364606529919,0.1032575626264919,2,73,12.672607791934887,0.14464906752109527,2,78,3.51012816832571,0.13994072874387106,2,81,24.361037614380546,0.0738136221965154,2,84,0.24076860759118188,0.5645622920106959,2,111,0.0202474193237327,0.4990695007145405,2,119,44.39559191138184,0.15894515812397003,2,123,0.02329209881414807,0.7245710015296936,2,128,117.59156159552296,0.21389418674839866,2,137,0,0.36842149909999633,0,173,0.022580431056756632,0.3417784670988719,2,176,30.245153249142646,0.14362100139260292,2,184,0,0.5568066313862801,0,192,17.256983995190893,0.2158116139471531,2,200
18,0.5130607836506271,0.46475138801794785,2,39,0.780626344871511,0.42782154083251955,2,44,0.533457840839787,0.4660222123206501,2,115,0.4400701459185295,0.4400276196630378,2,153,0.16223345863521066,0.3552698294321696,2,159,19.586617610738774,1.6176709532737732,2,165
19,0.07599868165183044,0.27107684314250946,2,4,0,0.1915056755145391,0,10,0.07753033314546554,0.31228090325991315,2,13,0.05124252274945394,0.2792256573836009,2,22,0,0.3102826376756032,0,25,0,0.12980593740940094,0,29,0.06869002300353502,0.2425609663128853,2,59,0.050599956366841545,0.25342887948299275,2,88,0.6248314437512367,0.28267331918080646,2,91,115.37474987155883,0.3056999124013461,2,104,0.030746182484814363,0.5383076543609301,2,116,663.6833554065838,0.069282711793979,2,128,15.367376846144742,0.07692541182041168,2,131,0.1740655718041173,0.35449551939964297,2,136,716.3872347617829,0.06821271777153015,2,142,40.87895580465509,0.14098279923200607,2,146,0.8587695925714549,0.46729202071825665,2,149,1.3877717501037394,0.4189269045988719,2,152,724.09069677681,0.03130479653676351,2,164,1.2107216674692334,0.27907750755548477,2,168,630.2786156110571,0.01631155361731847,1,174,299.66563799605956,0.018354982137680054,1,178,0.8632843814766061,1.3358242511749268,2,181,0.5213103490411561,1.3885591506958008,2,186,259.61868694068085,0.18936516450984137,2,200
20,10.893533293642433,0.5176158964633941,2,5,0.05310625029248592,0.3408288285136223,2,17,9.081224485279387,0.34022121876478195,2,25,0.024173477600671456,0.7286150412900108,2,53,0.19236089308548118,0.12538762390613556,2,56,0.27070961890885986,0.0489263582442488,2,84,4.690794094034312,0.4436064312855403,2,87
21,0.3638215914287152,0.30263398587703705,2,3,0.06296852288579603,0.18753196050723395,2,9,0.13199788244128535,0.11520048479239146,2,12,31.724173987041905,0.16433854587376118,2,20,0.11857103283509077,1.04912868142128,2,24,0.21943486179550709,1.2162952423095703,2,29,28.61277400134201,0.3286802428109305,2,43,0.17996356056525692,1.2527348353312566,2,56,0.9196380269525262,0.3862997740507126,2,66,0.13909509277433965,0.2823888858159383,2,72,0.9558709889129895,0.2955171267191569,2,78,0.7384015514791065,0.15095923759349406,2,151,16.44714308075679,1.13070410490036,2,155,0,0.12603101353434956,0,189,0.024789828343398615,0.1272362917661667,2,192
22,14.213431929826138,0.6737101177374522,2,6,0,1.1916248148137873,0,17,0,1.3561966021855671,0,20
23,11.915572591761954,0.8610263109207154,2,5,0,1.3337175051371257,0,17,0,1.472502628962199,0,20
24,10.637148673204601,1.3063441912333171,2,3,0.03263628729132843,0.465360152721405,2,13,7.1996533513393794,0.983845035235087,2,16,0,0.9210523664951324,0,20
25,0.0650574440097706,0.6840372085571289,2,13,0.047539001920483714,0.666948296807029,2,24,0.11601008959211959,0.7182248830795288,2,27,21.477716041351446,0.7665232568979263,2,31
26,27.95687942271195,0.9951892495155334,2,8,0,0.6367991359337516,0,31,31.23352981742235,0.3330014571547508,2,35,43.24543392235485,0.24642123417420822,2,46,0.030325436057113814,0.3410733907311051,2,181
27,0.25225028560420937,0.9767696062723795,2,3,0,1.48167003525628,0,12,0,1.4681147336959839,0,15,0,1.4304202795028687,0,18,0.1029404063755505,0.3000824600458145,2,21,0,0.3334183692932129,0,25,0,0.2980071842670441,0,30,0.0810348321178618,0.18103631772100925,2,38,0,0.4990548988183339,0,41,0.6471675526055437,0.02456612139940262,2,49,0.9557283393200166,0.021142406123025075,2,63,0,0.8990443150202433,0,66,0,0.9827768802642822,0,69,0,0.8194586932659149,0,73,0,0.9349234104156494,0,77,0.24191854001829668,0.4690629318356514,2,81,0.4356332257574386,0.3018712153037389,2,93,0.6190166492868314,0.22973065078258514,2,96,25.504408586136073,0.3587191055218379,2,102,0.6560125598642543,0.5257971088091532,2,105,0,0.5647461911042532,0,111,8.005331506973533,0.7676671296358109,2,115,1.1956785692611498,0.5124432593584061,2,119,8.050920216775193,0.5099780062834421,2,122,47.228097956763136,0.12850741048653921,2,125,2.052971552526071,0.3165568510691325,2,128,209.64801976358956,0.3670421755976147,2,137,337.3769190393731,1.5600860357284545,2,147,0.18037363368796927,1.2949955066045125,2,150,0.8542560312494757,1.360050082206726,2,154,374.56825867164827,1.8952685445547104,3,162,643.1798302764887,1.8441270192464192,2,171
28,13.689894806583492,1.1371833309531212,2,16,23.514149645846235,0.9850027859210968,2,20,0.06734235556465228,0.5251829226811727,2,29,0.3845805203846952,0.927746384374557,2,60,7.089883474184137,1.091658890247345,2,68
29,29.13819049908906,0.9735225737094879,2,4,0,1.296502452630263,0,17,0,1.454368789990743,0,20
30,21.504717125331094,1.1414112533841814,2,7,0,0.913613518079122,0,10,0,0.8952869687761579,0,17,0,0.9939046303431193,0,20
31,16.155640764923312,1.2079994866722508,2,38,14.780036639271492,0.7891331979861627,2,64
32,8.73487896591888,1.1297347979112105,2,11,0,1.03055911593967,0,20
33,0.6323492252339641,0.21667842216351452,2,17,0,0.8011395931243896,0,20
34,17.7477819742422,0.8709548179139482,2,47,0.5702458505132726,0.20203835449435495,2,69,1.837609926734102,0.12752387126286824,2,84,0.03229695893161967,0.10007805625597636,2,87,0,0.10298469290137291,0,123,0.03981633279369621,0.2226633826891581,2,126
35,13.390616886400972,1.3174880027770997,2,10,9.059627168571895,1.2146539688110352,2,13,0.44353270991782995,0.3162332346310487,2,50,0.04619646320807719,0.3485169505727464,2,119
36,0,0.7310918172200521,0,3,0,0.9030448794364929,0,9,0,0.8590516718951139,0,20
37,18.43558605481918,0.9568092425664266,2,3,0,1.3626238505045574,0,6,0,1.4270730217297871,0,12,0,1.358337688446045,0,17,0,1.3793343702952068,0,20
38,19.8352576749996,0.46057987213134766,2,4,0,1.2008126423909113,0,17,0,1.3489474455515544,0,20
39,17.835415382172442,0.6785746574401855,2,10,0.28541057595831265,0.3030181262228224,2,46,2.2976257452592637,0.653306265672048,2,49
40,0.1958915719122993,0.7615915934244791,2,3,0,1.2130423273359026,0,10,0,1.2097343921661377,0,20
41,19.0660575970074,0.9662282367547353,2,12,0.02123255038228664,0.1475345500641399,2,66,0.06663612674372997,0.13917015108370012,2,97
42,19.239617622365635,1.3740007678667705,2,6,0,1.0907737883654507,0,17,0,1.3666295210520427,0,20
43,13.54170752691854,1.0869133046695165,2,14,0,0.9567555785179138,0,20
44,0,0.5925335362553596,0,4,0.22014906377940502,0.47366269926230115,2,10,0,1.2508589426676433,0,13,0,1.2003912925720215,0,16,0,1.0786252915859222,0,20,0,1.277977466583252,0,23,0.232914000219307,0.3066563427448273,2,28
45,22.119485067884025,1.8117557764053345,2,7,0,1.7584766057821422,0,20
46,0.30086797013627326,0.27807103906358993,2,35
47,12.430720922506636,1.4634130464659796,2,18,2.0587862735204245,1.4332019488016765,2,21
