0,37.63884904596603,0.533377967774868,2,16,54.33688726798937,0.49026210606098175,2,20
1,11.421937106660504,0.3587794502576192,2,6,0,1.2562900998375632,0,17,0,1.4144690036773682,0,20
2,22.419442027817926,1.01836101214091,2,9,0,0.9180940389633179,0,12,0,0.8640009164810181,0,16,0,0.9270191192626953,0,20
3,60.1667299231582,0.16289209872484206,2,10,0,0.8224474430084229,0,20
4,25.698131764062794,0.9556856103565382,2,23,15.862162556389418,1.2070531249046326,2,33
5,12.966506606349382,0.9354730010032654,2,10,0,1.0438304742177327,0,13,0,0.8336916863918304,0,17,0,1.0705968538920085,0,20
6,2.209940431239201,0.510979543129603,2,3,78.36917430005522,0.015712923329809437,1,26,0.07106777991290458,0.6656886041164398,2,32,61.03182492975796,0.017660220464070637,1,35,0.10692548048406272,0.8357129842042923,2,39,80.9781465885306,0.0033558234572410583,1,45,162.7128604220224,0.012233425947752867,1,67,27.905431203746602,0.14382980432775286,2,76,79.5531927448017,0.06843280461099413,2,85
7,10.687193884059006,0.5598907470703125,2,6,0,1.1404574314753215,0,12,0,1.0756017208099364,0,17,0,1.218015472094218,0,20
8,15.153481160772545,0.3346053399145603,2,8,0,1.213803917169571,0,12,0,1.2263634204864502,0,17,0,1.3679136037826538,0,20
9,27.511122333299717,0.6263263171369379,2,11,64.04392555955747,0.5639117558797201,2,14,0,1.0324773987134297,0,20
10,27.735400422966112,0.1388731263577938,2,4,42.61618696471923,0.12390112682529118,2,27,59.134064572598646,0.15767624229192734,2,33,99.79647211835855,0.16975214793568566,2,54
11,21.07060842310599,0.7482191721598307,2,9,0,0.9771935194730759,0,17,0,1.171087344487508,0,20
12,4.2601227829138715,0.35925763845443726,2,5,12.61878424447678,0.20391912013292313,2,11,44.69677146011613,0.22940261662006378,2,15,73.57668416324081,0.2723684124648571,2,23,41.777601840811734,0.3495094875494639,2,26
13,25.73045370758522,0.9515924283436367,2,7,0,1.553925211612995,0,20
14,23.882840095126866,0.6827555696169535,2,3,0,1.2050682306289673,0,6,0,1.2219774723052979,0,17,0,1.1633195877075195,0,20
15,11.52845423575622,0.6220562309026718,2,8,0,0.9664224982261658,0,12,0,0.9223456978797913,0,16,0,1.0793928802013397,0,20
16,16.901743996627427,0.7100815077622732,2,6,0,1.3379550630396062,0,17,0,1.5066041549046834,0,20
17,23.672316353131254,0.3642295375466347,2,8,0,1.0978009104728699,0,12,0,1.0845008790493011,0,16,0,1.166071504354477,0,20
18,0,0.8901851971944174,0,3,0,1.1785452365875244,0,8,0,1.049467404683431,0,11,0,1.0794760187466939,0,17,0,1.2043619553248088,0,20
19,14.780898814137602,1.5780385902949743,2,7,0,0.9329545497894287,0,10,0,1.030049511364528,0,17,0,1.1363945404688518,0,20
20,22.093204157406607,1.2628273169199626,2,3,0,1.4219447771708171,0,6,0,1.278390347957611,0,12,0,1.3280022144317627,0,17,0,1.3559780915578206,0,20
21,0,0.6528592507044474,0,3,0,0.6642248630523682,0,9,0,0.6634528691118414,0,20
22,0.08700617796289728,0.11524895008872538,2,17,44.00734184237395,0.1480284035205841,2,26
23,0,0.9005292057991028,0,3,0,1.2081258058547975,0,8,0,1.0333254138628643,0,20
24,26.833056436508407,0.06777289509773254,2,5,5.412671247031656,0.177864541610082,2,8,3.1385525926327476,0.23339891704646024,2,30,5.324166121167001,0.1854330668082604,2,43,0.22866856055439488,0.24512246499458948,2,49,48.516059364802,0.16828888654708862,2,53,0.6280001750574816,0.3190000851949056,2,56,12.52139233333082,0.15265418745969472,2,75
25,27.80569113727185,1.1870384949904222,2,13,0,0.6189608375231425,0,16,0,0.6751796305179596,0,20
26,109.3896838867859,0.4883828639984131,2,15,19.2372573303496,0.6381196654759921,2,28
27,14.020662520103727,0.6291266594614301,2,7,0,1.2962495883305867,0,10,0,1.3436051777430944,0,17,0,1.4275123675664265,0,20
28,20.41916524727031,1.030156546168857,2,9,0,0.8266383012135824,0,12,0,0.7011884649594625,0,15,0,0.8416207790374756,0,20
29,0,0.7714370091756185,0,3,0,0.9900042613347372,0,9,0,0.9224777330051769,0,20
30,0.22193379208267008,1.0030227502187092,2,3,0,1.4790042042732239,0,11,0,1.5594928860664368,0,17,0,1.4228612184524536,0,20
31,25.59443851388525,0.28376539051532745,2,4,0,1.297419392145597,0,17,0,1.3876572847366333,0,20
32,0,0.8927589654922485,0,3,0,1.2170851945877075,0,8,0,1.1061758001645405,0,20
33,10.62267708303466,0.611951470375061,2,7,0,0.9837553103764852,0,10,0,0.7957016570227486,0,17,0,0.978375236193339,0,20
34,0.3483735993558772,0.8305650154749552,2,3,0,1.4463046342134476,0,11,0,1.4236678679784138,0,17,0,1.382379690806071,0,20
35,54.337370406583034,1.1140928268432617,2,7,0,1.467506353671734,0,20
36,52.956196056487414,0.12600114530530468,2,29,102.18353823902531,0.2717689077059428,2,32,10.66251287521516,0.36061859130859375,2,35,4.377167504063342,0.34864409267902374,2,39,9.151984745276431,0.3613484700520833,2,48
37,23.600015971476317,0.5998488893875709,2,13,0,0.8881930112838745,0,20
38,14.398593446949693,0.7572332620620728,2,7,0,1.0436631838480632,0,10,0,1.0747129917144775,0,17,0,1.2006625731786091,0,20
39,9.046118075798107,0.21409203112125397,2,5,0,0.9321142832438151,0,17,0,0.9708179235458374,0,20
40,22.528523682663074,0.7686328589916229,2,8,65.0519019833185,0.5031973620255789,2,11,98.98876429802384,0.41495348448338715,2,34,70.30300618530812,0.49324389298756915,2,37
41,34.62318598481265,0.8991926908493042,2,7,0,1.1484440962473552,0,10,0,1.152360303061349,0,17,0,1.241282304128011,0,20
42,24.926511641433503,0.13662562891840935,2,8,41.23071862580553,0.11203665534655254,2,11,129.30915907308173,0.15089279413223267,2,14,278.2519516024933,0.15542120167187282,2,21,23.29820122584164,0.3368755545881059,2,30,32.84830241911768,0.36397617757320405,2,40
43,15.018395629734483,1.040331013062421,2,17,2.014768981574105,0.945367177327474,2,20
44,0,0.5911960005760193,0,3,0,0.623469625200544,0,10,0,0.6218847692012787,0,20
45,24.468369061570346,1.1294451475143432,2,5,0,1.2915968298912048,0,17,0,1.477388580640157,0,20
46,0,0.6696126262346903,0,3,0,0.6837028861045837,0,9,0,0.6826147816397927,0,20
47,15.010248501048675,0.7367867310841878,2,15,0,1.0517318725585938,0,20
48,0,0.8145651817321777,0,3,0,1.0025571925299508,0,10,0,1.0215725660324098,0,20
49,67.067542993205,0.5423090010881424,2,8,30.880035208032343,0.7539665699005127,2,11,8.086956697257307,1.1784351170063019,2,15,0,1.1094510316848756,0,20
50,10.702006206861416,1.084113665989467,2,7,0,0.9091099898020426,0,10,0,1.029110142162868,0,17,0,1.1555068095525105,0,20
51,44.574325140737926,0.18772313222289086,2,20
52,14.68280873930114,0.5756726811329523,2,12,0,0.9978031665086746,0,20
53,0,0.8255658944447836,0,3,0,1.0576080560684205,0,8,0,1.040663441022237,0,11,0,1.0793514053026836,0,17,0,1.1410019397735596,0,20
54,13.923251050736136,1.013782302538554,2,3,0,1.3705129226048787,0,6,0,1.4383799235026042,0,12,0,1.4462090730667114,0,17,0,1.4430839618047078,0,20
55,16.415869509553474,0.17579250931739807,2,5,0,0.6214772214492162,0,17,0,0.7055707573890686,0,20
56,17.955051292373952,0.9061269958813986,2,6,0,1.1866071982817217,0,17,0,1.3676948149998982,0,20
57,11.454422368295935,1.3252013524373372,2,3,0,1.4259770313898723,0,6,0,1.4182468454043071,0,12,0,1.380520725250244,0,17,0,1.4178368250528972,0,20
58,43.5210069887217,0.39497894421219826,2,8,0,0.9611207246780396,0,11,0,0.8890474796295166,0,16,0,1.0418550670146942,0,20
59,0,1.0052659114201863,0,3,0,1.2393733263015747,0,9,0,1.154512719674544,0,20
60,17.014669258255896,0.636573076248169,2,22
61,0,0.7682650486628214,0,3,0,0.860843368938991,0,10,0,0.8855410218238831,0,20
62,13.241536548502218,0.16793810427188874,2,5,0,1.5415101902825492,0,12,0,1.5878485679626464,0,17,0,1.583324948946635,0,20
63,37.33599584865541,1.496890703837077,2,3,0,1.3571182489395142,0,6,0,1.2673927545547485,0,17,0,1.3437275091807048,0,20
64,15.291651835844844,0.7408497532208761,2,3,0,1.1221345663070679,0,6,0,1.1759093602498372,0,12,0,1.1154752254486084,0,17,0,1.1293909947077434,0,20
65,0,0.7491302490234375,0,3,0,0.834466814994812,0,10,0,0.857100248336792,0,20
66,19.181068489195297,0.874530037244161,2,3,0,1.6187243121010917,0,10,0,1.6306279727390833,0,17,0,1.5294011036554973,0,20
67,18.081802691776645,0.9088113705317179,2,3,0,1.2386932373046875,0,6,0,1.350736399491628,0,12,0,1.396836280822754,0,17,0,1.3761615753173828,0,20
68,20.571357373935886,0.5654229974746704,2,25
69,0,0.748242179552714,0,3,0,0.8675462961196899,0,8,0,0.788956986533271,0,17,0,0.9275922775268555,0,20
70,0,0.7587796052296957,0,3,0,0.9807412226994833,0,9,0,1.0031683444976807,0,20
71,14.524447452961168,0.8259512583414713,2,9,0,0.9633475144704183,0,12,0,0.8566349029541016,0,17,0,1.0442086060841878,0,20
72,11.958736729832692,0.6647895659719195,2,7,0,1.0291504462560017,0,10,0,1.1224140439714705,0,17,0,1.2738385597864788,0,20
73,0,0.9279394944508871,0,3,0,1.1550455888112385,0,9,0,1.0882956832647324,0,17,0,1.1068065166473389,0,20
74,21.369762807839514,0.13771656776467958,2,12,0,0.7607734084129334,0,17,0,0.8371907075246176,0,20
75,8.386273821426462,0.9527603685855865,2,4,0,1.3520026803016663,0,12,0,1.3241026401519775,0,17,0,1.341341535250346,0,20
76,0,0.8777340253194174,0,3,0,1.1195640802383422,0,8,0,1.111368735631307,0,20
77,11.166113441141784,0.8023777484893799,2,5,0,1.1934083302815754,0,8,0,1.344285289446513,0,17,0,1.369793216387431,0,20
78,0,1.0205109516779582,0,3,0,1.2291142702102662,0,8,0,1.103392137421502,0,17,0,1.156428615252177,0,20
79,15.613903714370215,0.3807709352536635,2,11,0,0.9332095781962076,0,17,0,1.0699182748794556,0,20
80,45.191433638187995,0.36184896528720856,2,10,0.08452351351293143,0.24257509741518232,2,19,43.771965901496465,0.5938449104626974,2,22,86.06733361340821,0.5837071493268013,2,42,16.067954929914407,0.05286171204513974,2,51,6.062183291942242,0.09961121568554326,2,70,15.33923831616907,0.4596785604953766,2,75
81,0,0.9443285862604777,0,3,0,1.1106632232666016,0,8,0,1.0014968911806743,0,20
82,12.888525005248544,0.5871858398119608,2,15,0,1.128367304801941,0,20
83,29.190818755611854,0.9435705596750433,2,11,0,0.8868267138799032,0,20
84,0,0.7094529867172241,0,3,0,0.8345500230789185,0,9,0,0.8374894965778698,0,20
85,25.086858992126142,0.34599623415205216,2,9,0,1.006029764811198,0,12,0,0.8525292873382568,0,17,0,1.0899479389190674,0,20
86,0,0.7607359886169434,0,3,0,0.9785797357559204,0,8,0,0.97713902592659,0,20
87,13.26436466908733,0.9775780588388443,2,8,0,1.0543192360136244,0,17,0,1.2193195819854736,0,20
88,0,0.7523158192634583,0,3,0,0.8847279151280721,0,9,0,0.9054450013420798,0,20
89,0,0.9374490777651469,0,3,0,1.141470452149709,0,9,0,1.0941590395840732,0,20
90,0,0.7761966387430826,0,3,0,0.9674756526947021,0,8,0,0.88517693678538,0,20
91,65.9346253239845,0.7408350134889284,2,24,534.3489815542412,0.34374053925275805,2,44,397.0393589088394,0.40422904917172026,2,51
92,0,0.6596859097480774,0,3,0,0.6692047516504923,0,9,0,0.656484229998155,0,20
93,21.025235681400435,0.3844101627667745,2,6,0,1.1770842292092063,0,17,0,1.3004472255706787,0,20
94,0,0.7385677893956503,0,3,0,0.898451586564382,0,9,0,0.8452748927203092,0,20
95,0,0.7928449511528015,0,3,0,0.9352183512278965,0,10,0,0.9097928285598755,0,20
96,0,0.7428078452746073,0,3,0,0.8304287876401629,0,10,0,0.8175150394439697,0,20
97,19.569252088861685,0.7007883846759796,2,10,116.14217749791206,0.5808130701382955,2,13,25.93840819568236,0.7272407561540604,2,17,0,1.212868054707845,0,20
98,0.3365911931531361,0.7988727490107218,2,3,0,1.6759719053904216,0,12,0,1.6093727827072144,0,17,0,1.5918923219045003,0,20
99,39.24379054036829,0.3604068617026011,2,15,0,1.046205472946167,0,20
100,8.14646863594063,1.098192532857259,2,9,0,1.2515010436375935,0,12,0,1.225076937675476,0,17,0,1.4250107208887737,0,20
101,0.10525391880286747,0.8271451592445374,2,3,0,1.1428478558858235,0,12,0,1.1009665727615356,0,17,0,1.1095375219980876,0,20
102,16.300563681378815,0.71186006353015,2,21
103,10.812103219562683,1.1453872044881186,2,15,0,1.0728457689285278,0,20
104,34.59916226635144,0.24340498745441436,2,15,0,1.2167109489440917,0,20
105,21.234464733829515,0.7673033326864243,2,12,0,0.9008904546499252,0,20
106,24.059568989502182,0.9493211805820465,2,8,0,1.065188142988417,0,17,0,1.3216985861460369,0,20
107,18.24493792574576,0.18441905613456452,2,14,0,1.0903727610905964,0,20
108,12.277274857249187,0.8020227636609759,2,7,0,1.3235055208206177,0,10,0,1.3609710591179984,0,17,0,1.4458887179692586,0,20
109,38.73804045138936,0.8919134763154116,2,22,132.0198499415348,0.3108282685279846,2,26,375.47957011842385,0.06853461265563965,2,29,615.2954722203302,0.008778821676969528,1,45,303.63646434986134,0.004638845721880595,1,48,183.46067199975306,0.020149625837802887,2,56,124.80371205508202,0.02362101823091507,2,76,82.64317104262179,0.18577198684215546,2,80,53.51800804045602,0.2977019582475935,2,115
110,13.607408197779566,0.9947650134563446,2,8,121.46710301333208,0.2738981781636967,2,42
111,20.114560450896374,0.7971792370080948,2,8,0,1.033500115076701,0,11,0,1.063608189423879,0,17,0,1.2231478691101074,0,20
112,25.858423622687916,0.9691325145609239,2,17,298.7008246076236,0.12275743236144383,2,59,186.43556769233487,0.1302725486457348,2,79,244.9790688109664,0.07973325164879069,2,96,53.909311968412524,0.25158986874989103,2,103,39.211409959787346,0.44851450622081757,2,113
113,13.877475533986173,1.2774172723293304,2,4,0,1.1238561410170336,0,17,0,1.2853312492370605,0,20
114,18.85060442517707,0.5027694129026853,2,13,0.1184481748797359,0.5739911079406739,2,18,16.92244585390081,0.5958240826924642,2,21,105.8062633222865,0.511040618022283,2,24,198.40841372975137,0.4256993152878501,2,35,156.22235102297526,0.4563290402293205,2,47
115,18.077214627037588,0.5633644539376964,2,23,25.46854127617233,0.5478307902812958,2,31
116,22.159624143909372,1.2224310806819372,2,7,0,1.3058807849884033,0,20
117,20.129182905127866,0.7389822602272034,2,25
118,25.10398884991824,0.3554868454282934,2,11,0,0.7954513231913248,0,14,0,0.6314544081687927,0,17,0,0.763751228650411,0,20
119,22.89686900570985,1.3816969527138605,2,9,0,0.9728217422962189,0,17,0,1.1006614367167156,0,20
120,14.670923318345064,0.7018306634642861,2,11,0,0.8194619417190552,0,14,0,0.6886196235815684,0,20
121,27.942894140648335,0.3863706759044102,2,7,0,0.9206897815068563,0,10,0,0.8872159889766148,0,17,0,0.9740134874979655,0,20
122,24.160835794534506,0.9008914709091187,2,5,0,1.107388695081075,0,8,0,1.243079662322998,0,17,0,1.3488592306772869,0,20
123,29.215666848551365,0.5202057551253926,2,11,0,1.031040628751119,0,20
124,0,0.8534006277720133,0,3,0,1.0420639316240947,0,9,0,1.055084304376082,0,20
125,0,0.924002448717753,0,3,0,1.194869041442871,0,9,0,1.0801402628421783,0,17,0,1.1666784683863323,0,20
126,12.05285780785148,0.9461987614631653,2,4,0,1.1614099591970444,0,12,0,1.1844812870025634,0,17,0,1.224547545115153,0,20
127,14.784302966727907,0.273281118273735,2,10,0,0.9400521814823151,0,14,0,0.7737379471460978,0,17,0,1.0234313408533733,0,20
128,22.92812862554821,0.6188408533732096,2,3,0,1.552901497909001,0,17,0,1.4831308921178181,0,20
129,0,1.0134654641151428,0,3,0,1.2619840621948242,0,8,0,1.1663582026958466,0,20
130,0,0.7437726259231567,0,3,0,0.8364988565444946,0,10,0,0.8326057434082031,0,20
131,7.922611900724699,0.8052840232849121,2,4,0,1.2994969338178635,0,12,0,1.1902740240097045,0,17,0,1.2354807058970134,0,20
132,0,0.758087158203125,0,3,0,0.8482156821659633,0,10,0,0.8876259565353394,0,20
133,0,0.8019770383834839,0,3,0,1.0243115226427715,0,9,0,0.955725138837641,0,20
134,0,0.8093551198641459,0,3,0,1.0411102573076885,0,9,0,0.9653375907377764,0,20
135,0,0.9598071575164795,0,3,0,1.1270496050516765,0,9,0,1.0489725768566132,0,17,0,1.1069238980611165,0,20
136,15.135471667850215,0.37458712404424493,2,11,0,0.8065825700759888,0,14,0,0.6413196722666422,0,17,0,0.767963171005249,0,20
137,0,0.7799028555552164,0,3,0,0.970186996459961,0,8,0,0.8668886721134186,0,20
138,14.514043948491704,0.6101870536804199,2,4,0,1.2022012838950524,0,17,0,1.287864367167155,0,20
139,0.1545647295407338,0.7286195357640585,2,3,0,1.1274251587250654,0,20
140,24.111212592775036,1.0215891599655151,2,5,0,1.4438913265864055,0,17,0,1.6655851205190022,0,20
141,3.3938593412954168,0.5636810262997946,2,3,0,0.9476119412316216,0,12,0,1.0174931585788727,0,20
142,14.46953290092247,1.244863748550415,2,5,0,1.3401623964309692,0,17,0,1.611729343732198,0,20
143,0.04234370492656037,0.6901378035545349,2,3,0,1.1699324145036585,0,20
144,0.21507321550890557,1.1562402248382568,2,3,0,1.5090920395321317,0,12,0,1.4673221349716186,0,17,0,1.4143292506535847,0,20
145,0.08369994657464801,1.1517829895019531,2,3,0,1.4346130385118372,0,20
146,22.08629955530991,0.847897219657898,2,5,0,1.1836377680301666,0,17,0,1.4470125436782837,0,20
147,25.981576847087748,0.7837997078895569,2,8,0,0.9912122752931383,0,17,0,1.2854710817337036,0,20
148,25.227158194397425,0.14798305023993766,2,28
149,0,0.8228195110956827,0,3,0,1.0757460792859395,0,9,0,0.9928527745333585,0,20
150,0,0.7935959895451864,0,3,0,0.9431096826280866,0,10,0,0.9129644513130188,0,20
151,0.2674143207826679,0.9987975358963013,2,3,0,1.4719634354114532,0,11,0,1.5160900354385376,0,17,0,1.4336470762888591,0,20
152,10.800036218182479,0.8516118923823038,2,3,0,1.5048683484395344,0,6,0,1.488163153330485,0,12,0,1.3752933740615845,0,17,0,1.3274790048599243,0,20
153,16.629351296487144,0.9822225073973337,2,24
154,28.001039339645036,0.49633775899807614,2,24
155,0,0.7787294387817383,0,3,0,0.992805540561676,0,9,0,0.9331796169281006,0,20
156,0,0.8866632978121439,0,3,0,1.1937053442001342,0,8,0,1.060614635547002,0,20
157,0,0.7959810098012289,0,3,0,0.9147867475237165,0,10,0,0.8808198213577271,0,20
158,20.568513274518168,0.5811833089048212,2,11,0,0.7419128020604452,0,14,0,0.5940987666447958,0,17,0,0.7042572895685831,0,20
159,0,0.7026719053586324,0,3,0,0.7151263058185577,0,9,0,0.7008771137757734,0,20
160,0,0.7340937256813049,0,3,0,0.8174316372190203,0,10,0,0.8102742493152618,0,20
161,0,0.8204537232716879,0,3,0,1.0803231398264568,0,9,0,1.0352687944065442,0,20
162,0,0.880335251490275,0,3,0,1.1579531908035279,0,8,0,1.1824927429358165,0,20
163,23.220683857622674,1.4807463884353638,2,3,14.92610047502811,1.4772310654322307,2,6,0,1.301490382714705,0,17,0,1.5505518913269043,0,20
164,22.61977462494511,0.4521483729283015,2,6,0,1.2194164991378784,0,9,0,1.251869723200798,0,17,0,1.322522719701131,0,20
165,32.19225927903626,0.4759658416112264,2,30
166,49.800349361362464,0.30798272490501405,2,5,28.67792366320557,0.33907289306322735,2,8,0,1.2660798496670194,0,17,0,1.3742457230885823,0,20
167,0,1.1338353554407756,0,3,0,1.334679058619908,0,10,0,1.188057267665863,0,20
168,15.793676155161018,0.9877735376358032,2,3,0,1.3049137989679973,0,6,0,1.5133552768013694,0,17,0,1.5164577960968018,0,20
169,13.369995268909623,0.7818263258252826,2,14,0,0.8524053494135538,0,20
170,11.961793485301008,0.6389644145965576,2,3,0,1.2376527935266495,0,11,0,1.2494859099388123,0,17,0,1.2684193849563599,0,20
171,0,0.6383243004480997,0,3,0,0.653106153011322,0,9,0,0.6332416480237787,0,20
172,33.26396053366499,0.6187918890606273,2,11,41.44914664913266,0.6091928283373514,2,23
173,23.071269523571388,0.7190819978713989,2,7,0,1.2560483455657958,0,17,0,1.4559574524561565,0,20
174,11.503478429440282,0.7834110856056213,2,6,0,1.2533206072720615,0,17,0,1.354428807894389,0,20
175,12.914463964114729,1.1451110780239104,2,20
176,0.2144310058208732,0.7759515245755514,2,3,0,1.497696932624368,0,20
177,24.70416905605412,0.8099157412846884,2,3,0,1.229410966237386,0,6,0,1.2693254351615906,0,12,0,1.2328171491622926,0,17,0,1.2052226066589355,0,20
178,16.01824739640875,0.3795100620814732,2,7,0,1.2329585909843446,0,17,0,1.39335831006368,0,20
179,0.1400157767330306,1.0083587964375813,2,3,0,1.0967732667922974,0,20
180,0,0.8254905343055725,0,3,0,0.9990831954138619,0,10,0,1.0268574833869935,0,20
181,12.536986801113361,0.8046021461486816,2,3,0,1.3250456651051838,0,6,0,1.3816506663958232,0,12,0,1.3029327869415284,0,17,0,1.2148581345876057,0,20
182,17.196717583110363,0.8419148325920105,2,8,0,1.1469413836797078,0,17,0,1.3493235508600872,0,20
183,7.726357226344069,0.38782255351543427,2,4,0,1.157713770866394,0,7,0,1.1818966468175252,0,10,0,1.0462275743484497,0,14,0,0.9100818634033203,0,20
184,0.04966654452828495,0.9809353351593018,2,3,0,1.3352697807199814,0,20
185,0,0.9057835340499878,0,3,0,1.1256388425827026,0,8,0,1.1658770044644673,0,20
186,18.677656518438024,0.6818184480071068,2,8,0,1.2774238851335313,0,17,0,1.4434602657953899,0,20
187,0.5612860433115595,0.15232014283537865,2,4,0,1.0588863492012024,0,10,0,0.9428750276565552,0,13,0,0.6964355366570609,0,20
188,19.343610024351527,1.3311283588409424,2,3,0,1.2965858379999797,0,9,0,1.378930076956749,0,17,0,1.4497978687286377,0,20
189,0,0.8125942150751749,0,3,0,0.9748332262039184,0,8,0,0.8982119957605997,0,17,0,1.043813427289327,0,20
190,0.27312193725309303,0.5559628556172053,2,3,0,1.2073499304907662,0,10,0,1.1096872568130494,0,20
191,0.2320242787682497,1.005873719851176,2,3,0,1.4000792900721233,0,9,0,1.3794218748807907,0,17,0,1.3302425940831502,0,20
192,18.65115145841389,0.6573508892740522,2,7,42.28649789830086,0.5934192091226578,2,11,65.4451255413321,0.6361408233642578,2,20
193,28.967455411462474,1.3112514813741047,2,6,0,1.4547020955519243,0,17,0,1.6567460298538208,0,20
194,16.00055515311518,0.4249534010887146,2,13,0,0.9609614440373012,0,20
195,0.12038240867048605,0.7600932121276855,2,3,0,1.1962246232562594,0,12,0,1.2073390781879425,0,16,0,1.1096705496311188,0,20
196,3.9918907414872886,1.0405020316441853,2,3,0,1.4483335812886555,0,12,0,1.520349907875061,0,17,0,1.437488079071045,0,20
197,16.682343746763905,0.6932263255119324,2,5,0,1.2628933021000452,0,12,0,1.284668779373169,0,17,0,1.3361621300379436,0,20
198,0,0.8253300189971924,0,3,0,1.1065010229746501,0,9,0,1.0508226871490478,0,14,0,0.9690997997919718,0,17,0,1.0235615173975627,0,20
199,27.811285692033376,0.6867550715156223,2,23
200,40.64173795099641,0.4971362253030141,2,3,0,1.1249983708063762,0,6,0,1.2445316531441428,0,17,0,1.2752043008804321,0,20
201,56.24369830939925,0.20069018006324768,2,3,88.99780830449154,0.20397753020127615,2,21,34.72503869395239,0.30638623237609863,2,25,15.455216971521258,0.38751578629016875,2,45
202,45.84806594648753,0.29598069190979004,2,5,0,0.9618110656738281,0,8,0,1.033469279607137,0,17,0,1.0785984992980957,0,20
203,0.20625628430160886,0.9733295440673828,2,3,0,1.3139616913265653,0,12,0,1.2070379257202148,0,17,0,1.1910910209019978,0,20
204,18.024147212523935,0.9742610454559326,2,4,0,1.238015211545504,0,17,0,1.2746258179346721,0,20
205,51.012416719900536,0.2726762776865679,2,17,0.9320734045712727,0.4086384077866872,2,20
206,0,0.9102513790130615,0,3,0,1.212550163269043,0,8,0,1.0895944833755493,0,11,0,1.114997923374176,0,17,0,1.2366642951965332,0,20
207,22.478992287005365,0.6341604739427567,2,4,0,1.297847555233882,0,17,0,1.316274086634318,0,20
208,24.071259434475067,0.6474928657213846,2,3,0,1.316925088564555,0,6,0,1.3850658265027134,0,17,0,1.3951985438664753,0,20
209,47.37303149176707,0.25653256826541004,2,17,0,1.2237303654352825,0,20
210,26.646257288469368,0.6781247481703758,2,8,0,1.06293609407213,0,17,0,1.3043769200642903,0,20
211,56.06234379712979,0.07771648108959198,2,25,178.78722277334944,0.023268356919288635,2,35,29.213599618928733,0.13810628155867258,2,38,213.3999210154173,0.028344119174612895,2,74
212,44.30283493686239,0.9539280414581299,2,10,0,0.7710939560617719,0,17,0,0.8620888392130533,0,20
213,12.29439088734808,0.9824608167012533,2,3,0,1.5018984874089558,0,6,0,1.5736284255981445,0,12,0,1.525285243988037,0,17,0,1.3781132300694783,0,20
214,64.72865613475028,0.125300790304723,2,23,117.7150376777832,0.2316692045756749,2,30,1.6251197778396829,0.8146782716115316,2,33,0.699625747695654,0.8029078841209412,2,37,13.361899876681528,1.106696653366089,2,42
215,12.305220186273985,1.1179275682994299,2,7,0,1.159400224685669,0,10,0,1.3111385901769002,0,13,0,1.2519517242908478,0,17,0,1.3720067342122395,0,20
216,14.617804032240832,0.5952921748161316,2,5,0,0.9603413740793864,0,8,0,0.959248317612542,0,17,0,1.0099552075068157,0,20
217,21.640271041469887,1.2622790469063654,2,9,0,1.1112557216124102,0,20
218,28.36533803824992,0.45274041295051576,2,15,0,1.1784461259841919,0,20
219,10.12572477543313,1.0328473647435505,2,6,0,1.2123969793319702,0,9,0,1.3142106235027313,0,17,0,1.4092779954274495,0,20
220,29.778142776560486,0.6127890541273004,2,34,0.4213210505419307,0.5192486643791199,2,38,29.73534891372765,0.6739428838094076,2,41,17.120715029262694,0.6737037301063538,2,44,34.22629992987022,0.6227073901229434,2,62,560.8478855176339,0.0076110752468759365,1,150,52.95477005166168,0.16251859813928604,2,154
221,25.915177727007038,1.1416429923130915,2,13,508.15279644903904,0.010373524824778239,1,43,28.79345122097035,0.8355361372232437,2,51,68.87552289428842,0.404338937997818,2,61,32.4851364927436,0.3668499648571014,2,76
222,0,0.9740524291992188,0,3,0,1.1757288455963135,0,8,0,1.0840197304884593,0,20
223,16.727784617998708,1.0689434088193452,2,13,0,1.0406582525798254,0,20
224,0,0.8805253505706787,0,3,0,1.1641717433929444,0,8,0,1.0975833733876545,0,11,0,1.1234906514485676,0,17,0,1.2199429670969646,0,20
225,0,0.6914551258087158,0,3,0,0.8029650364603315,0,10,0,0.8200028657913208,0,20
226,16.27706133003518,0.37840765342116356,2,8,0,1.0041916072368622,0,12,0,0.8481590747833252,0,17,0,1.0894402265548706,0,20
227,0,1.0205109516779582,0,3,0,1.2291142702102662,0,8,0,1.103392137421502,0,17,0,1.156428615252177,0,20
228,0,0.8999331394831339,0,3,0,1.2096128940582276,0,8,0,1.0412820279598236,0,20
229,0,0.7235175371170044,0,3,0,0.8060821379934039,0,10,0,0.8433366179466247,0,20
230,34.507464056876216,1.3708927631378174,2,3,0,1.1549211889505386,0,11,0,1.2401057084401448,0,17,0,1.3114758729934692,0,20
231,24.48681972839484,0.2861707015679433,2,13,0,1.0083781310490199,0,20
232,0.3793878018134933,0.716847687959671,2,3,0,1.2221618379865373,0,17,0,1.1624161799748738,0,20
233,22.10763515633124,0.46059469183286034,2,15,0,1.0644361972808838,0,20
234,0,0.9187115033467611,0,3,0,1.2691352367401123,0,8,0,1.164864871237013,0,17,0,1.241388201713562,0,20
235,37.38170954502714,0.3387029469013214,2,10,0,1.11409330368042,0,14,0,1.0003421306610107,0,17,0,1.1665603717168171,0,20
236,48.0723451343812,0.13142113222016227,2,9,0,0.8987152973810831,0,12,0,0.7460761904716492,0,17,0,0.938099185625712,0,20
237,24.282308201362092,0.507228609919548,2,10,34.32287785319948,0.4810446898142497,2,13,0,1.0351154804229736,0,20
238,18.946575716271383,0.6612666646639506,2,6,0,1.0038198124278674,0,17,0,1.0602001746495564,0,20
239,0,0.854624072710673,0,3,0,1.099679946899414,0,8,0,1.0342059135437012,0,11,0,1.0853506525357564,0,17,0,1.172562559445699,0,20
240,0,0.8216248750686646,0,3,0,0.9882511893908182,0,9,0,1.0139762921766802,0,20
241,17.14873887124812,0.7390128374099731,2,4,0,1.4289791882038116,0,12,0,1.408660626411438,0,17,0,1.4162031412124634,0,20
242,12.614564979374489,0.9708995521068573,2,4,0,1.4670508733162513,0,17,0,1.5906060536702473,0,20
243,22.753973940127878,0.5175704828330449,2,14,0,0.8852546314398447,0,20
244,20.902029807574063,0.6009792387485504,2,4,0,1.2942339640397291,0,17,0,1.3456119696299236,0,20
245,0,0.767460028330485,0,3,0,0.9666020393371582,0,8,0,0.8716210325558981,0,20
246,21.08851967699015,0.7959663073221842,2,3,0,1.2983901103337605,0,6,0,1.300481637318929,0,12,0,1.287134552001953,0,17,0,1.2835830847422283,0,20
247,0.21365642986039257,0.9820283055305481,2,3,0,1.5584496392144098,0,12,0,1.5043632745742799,0,17,0,1.4483487606048584,0,20
248,0,0.8062411546707153,0,3,0,0.9206153665270124,0,10,0,0.8794296860694886,0,20
249,0.2130267148103219,0.8686300913492838,2,3,0,1.3936774598227606,0,12,0,1.317046856880188,0,17,0,1.2408451636632283,0,20
250,0.048209833179941076,0.7634672522544861,2,3,0,1.2300443719415104,0,20
251,12.722911489245336,0.49136400818824766,2,5,0,1.2787194550037384,0,17,0,1.333869218826294,0,20
252,0.0945081909623845,0.826340913772583,2,3,0,1.4002479655402047,0,10,0,1.3966581225395203,0,20
253,0.21522372957103536,0.721471349398295,2,3,0,1.253063480059306,0,12,0,1.2670461416244507,0,17,0,1.1711103518803914,0,20
254,32.08052857148347,0.4101029336452484,2,8,23.08073948781993,0.4218022972345352,2,14,11.284203833191226,0.4888445834318797,2,17,0,1.2901313702265422,0,20
255,0.2304466320102214,1.1026413838068645,2,3,0,1.4539289474487305,0,12,0,1.4129530429840087,0,17,0,1.35089910030365,0,20
256,0.2281229189034855,0.7844737768173218,2,3,0,1.4479873180389404,0,17,0,1.3744577169418335,0,20
257,16.709456338547906,0.9342901110649109,2,4,0,1.5303317457437515,0,12,0,1.6251741409301759,0,17,0,1.6680954694747925,0,20
258,219.62530675938783,0.2062460117869907,2,9,14.108545730981465,0.3972581128279368,2,12,23.133726615330087,0.5436287197199735,2,23
259,4.109647184419227,0.608414908250173,2,3,31.527683746234334,0.43740664422512054,2,7,0.12648962177676745,0.468943290412426,2,11,33.39839975914159,0.42347217351198196,2,15,10.405132079385629,0.4481314520041148,2,18,35.99488131821571,0.4223563266651971,2,32
260,19.568726578799847,0.9625625689824422,2,15,31.698225106825767,0.9574029743671417,2,19,55.93062464494963,1.1128096183141072,2,22
261,52.27866662540479,0.25114261441760594,2,9,0,1.1073680371046066,0,17,0,1.2719392379124959,0,20
262,31.850337065602574,0.4820132315158844,2,5,0,1.0925994217395782,0,17,0,1.3359897931416829,0,20
263,19.935338920176903,0.44843219965696335,2,8,53.705906194329366,0.2622386246919632,2,13,206.65892197976996,0.08921399842137875,2,36
264,30.761900427102624,0.6568418351503519,2,26,86.36986419691128,0.7025471925735474,2,30
265,14.24655418701227,0.27787930179725995,2,11,0,0.5388726741075516,0,17,0,0.5540439089139303,0,20
266,14.355480774511967,0.43137038179806303,2,7,0,1.0614457726478577,0,17,0,1.1866875092188518,0,20
267,33.05874619339667,1.1559512774149576,2,15,0,1.0499685525894165,0,20
268,17.527912131616272,0.7434840947389603,2,4,0,1.2071816325187683,0,12,0,1.14822359085083,0,17,0,1.2181401252746582,0,20
269,11.900694316251828,0.7512192726135254,2,5,0,1.0703142484029133,0,8,0,1.1846061017778184,0,17,0,1.258466641108195,0,20
270,31.81963369187643,0.8976800008253618,2,22
271,0,0.8021383285522461,0,3,0,1.0028673171997071,0,8,0,0.941918949286143,0,20
272,26.650303656433632,0.6546211385726929,2,25,82.35784747483682,0.579402202909643,2,36
273,0,0.9134475787480673,0,3,0,1.1179045637448628,0,9,0,0.9695008546113968,0,17,0,0.9151871601740519,0,20
274,17.990211068579693,0.351752245426178,2,10,0,0.6439172476530075,0,14,0,0.4126029759645462,0,17,0,0.49372342228889465,0,20
275,22.26060183198876,0.7423485716183981,2,6,0,1.0493309497833252,0,9,0,0.9885805398225784,0,17,0,1.0965476036071777,0,20
276,18.217062246295047,1.3598887359394747,2,17,0,1.0013796091079712,0,20
277,36.836238715117965,0.35691991448402405,2,3,0,1.4810784459114075,0,17,0,1.4660139083862305,0,20
278,9.196995757498794,1.0749113048825945,2,7,0,1.257773768901825,0,17,0,1.4231634140014648,0,20
279,0.19560253760015267,1.1170001029968262,2,3,0,1.46667832798428,0,12,0,1.4080434083938598,0,17,0,1.353368600209554,0,20
280,0.22644618649881815,0.9169845183690389,2,3,0,1.4758446613947551,0,6,0,1.5405786687677556,0,17,0,1.4612442255020142,0,20
281,21.79878500926312,0.8602469325065613,2,10,0,0.7166225016117096,0,14,0,0.6134383281071981,0,17,0,0.6646910111109415,0,20
282,8.040684977747768,1.2194863160451253,2,3,0,1.137251655260722,0,6,0,1.3483643640171399,0,17,0,1.3235570987065632,0,20
283,36.83425512706869,0.204179285466671,2,20
284,74.64344398489337,0.3627441212534904,2,20
285,25.084795548288778,0.8604050477345785,2,3,0,1.328819751739502,0,6,0,1.3954483270645142,0,12,0,1.3175594806671143,0,17,0,1.2260866165161133,0,20
286,0,0.8590869108835856,0,3,0,1.094770622253418,0,8,0,1.1171704232692719,0,20
287,16.41763064283551,0.9582311047448052,2,9,3.507500822288104,0.8444284995396932,2,12,21.633880362962724,0.7634970133121197,2,25,31.50292927243227,0.677126427491506,2,28,391.1856292302837,0.19458623925844828,2,43,15.659141624067226,1.1095646619796753,2,47,0.1977167737378947,0.5455363790194193,2,50,29.713570362357046,0.2209569290280342,2,54,50.86075178598586,0.12561245560646056,2,59,128.9611716198396,0.3021235391497612,2,67
288,28.29546143320048,0.7540055314699808,2,3,0,1.2213387091954548,0,6,0,1.2350777586301167,0,12,0,1.201417660713196,0,17,0,1.2583369414011638,0,20
289,10.38507567029806,1.2613238990306854,2,4,0,1.3525762466283946,0,17,0,1.4579527775446575,0,20
290,29.778625243376275,0.6005840532241329,2,31
291,14.012694050021762,0.5646827220916748,2,5,0,0.7271980494260788,0,17,0,0.8242750962575277,0,20
292,53.599538199689796,0.16951089799404145,2,5,70.56449773452022,0.23948538055022559,2,23
293,29.479920290494235,0.5630403020802666,2,17,0.4117272005364381,0.688743015130361,2,20
294,0,1.22427499294281,0,3,0,1.3484995996250826,0,20
295,0,0.8569998343785604,0,3,0,1.1066493034362792,0,8,0,1.106369415918986,0,11,0,1.1301604906717937,0,17,0,1.1965529521306355,0,20
296,35.79858745213561,0.48199349880218506,2,25
297,0,0.901466985543569,0,3,0,1.1914462804794312,0,8,0,0.9935875435670217,0,20
298,0,1.0205109516779582,0,3,0,1.2291142702102662,0,8,0,1.103392137421502,0,17,0,1.156428615252177,0,20
299,0,0.9105415940284729,0,3,0,1.1545471668243408,0,8,0,1.096091177728441,0,17,0,1.2074459393819172,0,20
300,0,0.7212702830632528,0,3,0,0.8949448721749442,0,10,0,0.8574519217014313,0,20
301,0,0.8871878385543823,0,3,0,1.0739020586013794,0,8,0,1.0571442345778148,0,20
302,27.224079363434548,0.7056525296635098,2,45
303,0,0.7899575630823771,0,3,0,0.8835477999278477,0,10,0,0.8784746408462525,0,20
304,0,0.6620574593544006,0,3,0,0.6676934020859855,0,10,0,0.6441643238067627,0,20
305,27.149608461506833,0.34397215127944947,2,25
306,0,0.6037557125091553,0,3,0,0.6588129826954433,0,10,0,0.6484212577342987,0,20
307,27.347179208819902,0.441554993391037,2,6,0,1.219071865081787,0,10,0,1.2766394785472326,0,17,0,1.3631466229756672,0,20
308,56.6517601653649,0.5536803018588287,2,52
309,48.944953803371064,0.6728582143783569,2,10,24.272259100243417,0.7119204699993134,2,14,0,0.728531668583552,0,20
310,13.74685521645719,0.4918909966945648,2,5,0,1.2001103560129802,0,8,0,1.2535924116770427,0,17,0,1.265937050183614,0,20
311,25.16819840248592,0.4631901755928993,2,8,33.37741199182462,0.6968089921606911,2,26,395.57137364036873,0.132649444937706,2,51,569.4860509315324,0.033430758863687515,2,55,34.32914985206015,1.3492019176483154,2,58,16.18372184951462,1.3553278701645988,2,72
312,0,0.724587619304657,0,3,0,0.9136520425478617,0,9,0,0.8668107444589789,0,20
313,17.287155397212388,0.43643052048153347,2,9,0,1.0613831679026287,0,12,0,0.9809727668762207,0,17,0,1.1910188992818196,0,20
314,12.684236912671254,1.052595443195767,2,9,0,1.0115155776341755,0,12,0,0.8807769616444906,0,15,0,0.9526057243347168,0,20
315,22.949035822704563,0.18645764514803886,2,4,0,1.279328804749709,0,17,0,1.2630434433619182,0,20
316,10.842726613329425,1.0812365412712097,2,6,0,1.1397342681884766,0,9,0,1.1683066487312317,0,17,0,1.2232095003128052,0,20
317,13.513483497704765,0.5246257558465004,2,16,0,1.2941007912158966,0,20
318,13.045190542510039,0.33977745845913887,2,8,0,0.9685642719268799,0,12,0,0.8702729225158692,0,17,0,1.10086456934611,0,20
319,0,1.041329602400462,0,3,0,1.2442761262257893,0,9,0,1.0998560637235641,0,17,0,1.095126748085022,0,20
320,11.207985301321,1.0842710316181183,2,20
321,15.929119321863052,0.38626383818112886,2,13,0,0.8579930237361363,0,20
322,0,0.762693444887797,0,3,0,0.8940450974873134,0,10,0,0.884559178352356,0,20
323,0.2566846550786048,0.8870077133178711,2,3,0,1.5996782439095634,0,10,0,1.5989934035709925,0,17,0,1.4492059548695881,0,20
324,0.07667212408298955,0.9751289288202921,2,3,0,1.2812090410905725,0,20
325,15.888964623246117,0.441772644008909,2,7,0,0.9290481011072794,0,10,0,0.8503662347793579,0,17,0,0.9614402055740356,0,20
326,32.159491161698206,0.9638842344284058,2,4,0,1.4236882008039033,0,17,0,1.502790927886963,0,20
327,5.932448407676554,1.2116005420684814,2,3,0,1.2701650195651584,0,12,0,1.2853572368621826,0,17,0,1.2523126204808552,0,20
328,0.23923898041593483,0.7113589644432068,2,3,0,1.3710396748322706,0,16,0,1.2917464673519135,0,20
329,0,0.8061284224192301,0,3,0,0.9450100183486938,0,8,0,0.8912792503833771,0,20
330,44.94415921700837,0.22590936223665872,2,15,56.057259043012486,0.22603490352630615,2,25
331,0,0.7458346287409464,0,3,0,0.935816764831543,0,8,0,0.9311084151268005,0,20
332,0,0.7627188960711161,0,3,0,0.9058502231325422,0,10,0,0.9135350823402405,0,20
333,20.514241722002517,0.5287097215652465,2,5,0,1.0953463912010193,0,17,0,1.1930222113927205,0,20
334,0.13455371714784473,1.0243310928344727,2,3,0,1.4591774278216891,0,12,0,1.4580206871032715,0,17,0,1.3545881907145183,0,20
335,16.576309004804845,0.5080325841903687,2,5,0,0.9709401528040568,0,17,0,1.1643367211023967,0,20
336,0.2753418242032538,0.9694186449050903,2,3,0,1.4408004681269329,0,6,0,1.4446555773417156,0,12,0,1.3774417161941528,0,17,0,1.3409748077392578,0,20
337,13.520584672643825,1.1226988633473713,2,3,0,1.181328574816386,0,6,0,1.3379943587563254,0,17,0,1.3827632268269856,0,20
338,0.3281871603468909,0.913578192392985,2,3,0,1.6678443849086761,0,11,0,1.7019810875256856,0,17,0,1.6075371106465657,0,20
339,29.982653905254683,0.698716913952547,2,51
340,18.272460459364797,0.4269223180082109,2,9,0,0.975454847017924,0,12,0,0.8355213880538941,0,17,0,1.0369350910186768,0,20
341,55.323386144570016,0.24329477627026408,2,19,170.812579093981,0.7572729252278805,2,35
342,15.71226962517649,1.040404748916626,2,5,0,1.2765039006869,0,17,0,1.4314771095911663,0,20
343,32.4415364720336,0.471192608277003,2,12,48.436100350495884,0.5185621653993925,2,48,24.4784761744746,0.3512695487588644,2,56
344,0,0.8669838507970175,0,3,0,1.162025237083435,0,8,0,1.0229308207829793,0,20
345,17.155050227546013,0.5070536070399814,2,9,0,1.1333526770273845,0,12,0,1.0735178232192992,0,17,0,1.2575899362564087,0,20
346,20.751845976852213,0.9622915585835775,2,21
347,18.20839676414056,1.3263250589370728,2,3,0,1.4229762703180313,0,11,0,1.4038545687993367,0,17,0,1.372941295305888,0,20
348,0,0.6707392930984497,0,3,0,0.7450945803097316,0,10,0,0.7605827212333679,0,20
349,8.283723350084816,0.7760952413082123,2,4,0,1.3382807523012161,0,12,0,1.2670634269714356,0,17,0,1.2939236164093018,0,20
350,0.263579475995437,0.8191084166367849,2,3,0,1.5827618572447035,0,12,0,1.5624048471450807,0,17,0,1.5049859682718914,0,20
351,0.25177701270669506,0.7279309431711832,2,3,0,1.3042140568003935,0,20
352,15.83698771257924,0.5295881815254688,2,8,0,0.9780102968215942,0,12,0,0.8839366912841797,0,17,0,1.0719165007273357,0,20
353,23.312510489856702,1.3529725790023803,2,5,0,1.1719766060511272,0,17,0,1.4009310007095337,0,20
354,20.87603307840002,0.50334546821458,2,7,0,1.0958811044692993,0,10,0,1.1433862050374348,0,13,0,1.0602754354476929,0,17,0,1.2558794021606445,0,20
355,0,0.6282342672348022,0,3,0,0.6983120342095693,0,9,0,0.708161169832403,0,20
356,0.18847595747235435,0.6222513715426127,2,3,0,1.3851275444030762,0,8,0,1.2610370814800262,0,12,0,1.3219794511795044,0,17,0,1.1729222536087036,0,20
357,9.345214200955562,0.5460702975591024,2,3,0,1.0740065839555528,0,12,0,1.0547306776046752,0,17,0,1.0145899852116902,0,20
358,8.121740402167033,0.5862164914608001,2,10,0,0.8625308871269226,0,14,0,0.7134802937507629,0,17,0,0.8068373600641886,0,20
359,47.604858671057215,1.778006374835968,2,20,561.10551528615,1.939415156841278,3,24,330.71120986970806,1.7463732825385199,2,33,184.28562242667778,0.22690775295098622,2,63,104.5997632698571,0.2379806935787201,2,83,67.19815847648054,0.38311081131299335,2,86
360,10.120979821083102,1.0163664685355291,2,9,0,1.0371441841125488,0,12,0,0.9470840692520142,0,15,0,1.0082953691482544,0,20
361,0.1631808286298479,0.7359286149342855,2,3,0,1.3211469517813788,0,12,0,1.317294418811798,0,16,0,1.1566516160964966,0,20
362,0,0.7709385355313619,0,3,0,0.9524436235427857,0,8,0,0.8648268183072408,0,20
363,0,0.9344727794329325,0,3,0,1.1208619117736816,0,8,0,1.045526534318924,0,20
364,0,0.9762076139450073,0,3,0,1.2417215347290038,0,8,0,1.2243660688400269,0,20
365,27.406822233072983,0.8269893884658813,2,20
366,10.939257120609048,0.8577037453651428,2,4,0,1.188949927687645,0,12,0,1.1860110282897949,0,17,0,1.2116934855779011,0,20
367,23.979460796706533,0.6438921830233406,2,17,0,1.139077067375183,0,20
368,0,0.734455943107605,0,3,0,0.8728002139500209,0,10,0,0.891525661945343,0,20
369,78.71524524160624,0.22771377632251152,2,13,39.79991601700092,0.7188611328601837,2,17,0.7463673623874961,0.8292404413223267,2,20
370,45.12111476603976,0.3364961385726929,2,10,0,0.9023746592657906,0,17,0,1.0715470711390178,0,20
371,12.962086158613062,0.6325475454330445,2,5,0,0.8403709133466085,0,17,0,1.103123148282369,0,20
372,19.265380750468488,0.07868167757987976,2,8,0,1.1142275631427765,0,12,0,1.034157943725586,0,17,0,1.133548418680827,0,20
373,23.649676927331882,0.4996127684911092,2,6,0,1.1668839852015178,0,9,0,1.1842983216047287,0,17,0,1.219740390777588,0,20
374,0.46734743727759664,0.8035033543904623,2,3,0,1.4293593083109175,0,17,0,1.377495288848877,0,20
375,13.226005661209738,0.7951079607009888,2,5,0,1.143200198809306,0,8,0,1.2414451307720609,0,17,0,1.1975603898366292,0,20
376,2.2472876346536137,0.5070701440175375,2,3,11.0126242116994,0.3020380636056264,2,9,0,1.0450489123662312,0,12,0,1.014404797554016,0,17,0,1.183100700378418,0,20
377,0,0.9008777340253195,0,3,0,1.0498799562454224,0,8,0,0.9641208350658417,0,20
378,34.77525757139116,0.3964783400297165,2,6,13.739253479664027,0.3623231053352356,2,9,30.811763182287915,0.38299440273216795,2,23
379,14.33284726609992,0.55148979028066,2,6,0,1.2398902475833893,0,10,0,1.1829979079110282,0,17,0,1.2910242875417073,0,20
380,0,1.0205109516779582,0,3,0,1.2291142702102662,0,8,0,1.103392137421502,0,17,0,1.156428615252177,0,20
381,0,0.8892078002293905,0,3,0,1.1907407283782958,0,8,0,1.0755389630794525,0,20
382,0,0.8353643218676249,0,3,0,0.9817916631698609,0,8,0,0.9234230816364288,0,20
383,24.1051596896148,0.8140857219696045,2,18,125.24817492036698,1.0541064739227295,2,21
384,7.311823042944255,0.5905908842881521,2,6,0,1.2708218639547175,0,17,0,1.364593505859375,0,20
385,20.05580764407952,0.6901631243526936,2,16,0,1.048286646604538,0,20
386,0,0.7900385061899821,0,3,0,0.9312010662896293,0,10,0,0.9484755992889404,0,20
387,10.256235611099628,1.2232695659001669,2,15,0,0.915831196308136,0,20
388,30.206340137871518,0.710779125491778,2,12,0,0.88439040184021,0,17,0,1.1155962546666462,0,20
389,0,0.8527331352233887,0,3,0,1.079732100168864,0,9,0,1.0537339557300915,0,20
390,2.453940776120106,1.0216423670450847,2,3,0,1.289838923348321,0,12,0,1.2373533248901367,0,17,0,1.1769081354141235,0,20
391,0,0.7443891763687134,0,3,0,0.9473264614741007,0,9,0,0.943734884262085,0,20
392,15.089619683569856,0.4260307500759761,2,6,31.890253886476817,0.3486926853656769,2,9,154.1593444678353,0.08658774835722786,2,16,82.48123931120718,0.1370882292588552,2,40
393,8.380521413815512,0.5476269622643789,2,6,0,1.3084608316421509,0,17,0,1.4173613389333088,0,20
394,22.143605800817056,0.35219161709149677,2,3,0,1.3725469963891166,0,17,0,1.2936406930287678,0,20
395,24.988898205509397,0.6385963303702218,2,7,0,1.1792850494384766,0,17,0,1.4558913707733154,0,20
396,17.591051067113618,1.3178163369496663,2,3,0,1.5878476699193318,0,6,0,1.5339055856068928,0,12,0,1.5569743871688844,0,17,0,1.4784321387608845,0,20
397,0,0.8230863014856974,0,3,0,1.0768311023712158,0,9,0,1.0043973922729492,0,20
398,0.3149573272148586,0.5833525160948435,2,3,0,1.24977445602417,0,20
399,0,0.8570088346799215,0,3,0,1.0981767654418946,0,8,0,1.0330358743667603,0,11,0,1.0837525328000386,0,17,0,1.1715279817581177,0,20
400,10.76794499055012,0.40691418051719663,2,5,72.40633849987259,0.4728698059916496,2,9,101.69037950888043,0.4997716248035431,2,34
401,30.079339589629615,0.7626099638316942,2,23
402,0,0.7015828490257263,0,3,0,0.7387773990631104,0,9,0,0.7313449057665738,0,20
403,48.576733588245524,0.5388265192508698,2,10,111.69356662228752,0.4771633118391037,2,20,21.829732023227848,1.0996256627534564,2,39
404,12.036687912800302,0.8417302767435709,2,3,0,1.5227828820546467,0,6,0,1.5305703083674114,0,12,0,1.4288723945617676,0,17,0,1.3718533515930176,0,20
405,0,0.7542119026184082,0,3,0,0.8744464635848999,0,8,0,0.7885457939571805,0,17,0,0.9178176323572794,0,20
406,5.464388944977826,0.8013145208358765,2,5,0,1.234799521309989,0,12,0,1.2743944644927978,0,17,0,1.3410642544428508,0,20
407,15.63325340354876,0.8590185550542978,2,13,0,0.9614485161645072,0,20
408,0,0.8336818615595499,0,3,0,1.0037705421447753,0,8,0,0.9177678823471069,0,17,0,1.0762381951014202,0,20
409,53.11088966033034,0.13260187581181526,2,4,73.81251780756526,0.10984546371868678,2,25,98.77774647078459,0.09261806160211564,2,35
410,0,0.8983001708984375,0,3,0,1.1794919490814209,0,8,0,1.1987366179625194,0,20
411,0,0.7951814929644266,0,3,0,0.9493980918611798,0,10,0,0.9142694473266602,0,20
412,5.699762599805705,1.0101163238286972,2,8,45.64557423100461,0.4034210840861003,2,17,0.36486169024579795,0.5869357784589132,2,20
413,15.140855666750364,0.244025606662035,2,8,0,1.1944384276866913,0,12,0,1.1553184270858765,0,17,0,1.3578418095906575,0,20
414,14.763412226692852,0.8894046825521132,2,17,0.6533206108600776,0.857151468594869,2,20
415,13.389697554115003,0.6314676891673695,2,11,0,0.850805660088857,0,14,0,0.711500883102417,0,17,0,0.8434757391611735,0,20
416,18.18697722069548,0.5279859781265259,2,5,0,0.8669834534327189,0,17,0,1.055633544921875,0,20
417,16.25678207753181,0.7909273862838745,2,10,0,0.919627206666129,0,17,0,1.116779367129008,0,20
418,14.06993823304223,0.45937930485781503,2,17,22.742698883568227,0.4604737460613251,2,23,137.45812548679902,0.2673177351554235,2,38
419,21.56190365203901,1.1367669360978263,2,14,0,0.7975090444087982,0,20
420,0,0.7133551041285197,0,3,0,0.8335936069488525,0,9,0,0.8367277925664728,0,20
421,11.070382609742383,0.3597748950123787,2,4,0,1.3275378942489624,0,17,0,1.3389224608739216,0,20
422,18.946691430791795,0.36344288289546967,2,4,27.936253520064934,0.33237049860112805,2,21
423,11.281657544906194,1.049282709757487,2,3,0,1.2858721315860748,0,11,0,1.3904063900311787,0,17,0,1.3037940661112468,0,20
424,8.44320577049256,1.167860468228658,2,3,22.44548199099295,1.159903605779012,2,9,0,0.9186041355133057,0,12,0,0.795737236738205,0,16,0,0.8906523287296295,0,20
425,20.05642791236683,0.5437349677085876,2,7,0,0.8976437250773112,0,10,0,0.8361453499112811,0,17,0,0.9964197476704916,0,20
426,5.416176982451634,0.7924555689096451,2,8,0,1.038487434387207,0,11,0,1.0363811453183491,0,17,0,1.1345758040746052,0,20
427,20.806337694291013,0.7881236653174123,2,31
428,29.76087491726988,0.7624171487987041,2,16,38.65723272298901,0.7888582348823547,2,22
429,0.08739213544461907,0.8395171761512756,2,3,0,1.1669566631317139,0,12,0,1.1359510719776154,0,16,0,1.0634556412696838,0,20
430,16.204105303435334,1.2050395693097795,2,7,0,1.1355637192726136,0,17,0,1.357744852701823,0,20
431,18.822177117612494,0.4282946288585663,2,4,0,1.1241936591955333,0,17,0,1.245148777961731,0,20
432,19.954917689917753,0.9766314824422201,2,6,0,0.9091241251338612,0,17,0,1.0701553026835124,0,20
433,0,0.8384270668029785,0,3,0,1.0916831692059834,0,9,0,0.9971017945896495,0,20
434,0,0.9389632145563761,0,3,0,1.1029552050999232,0,10,0,0.9643840108598981,0,17,0,0.9415045181910197,0,20
435,0,0.8450714945793152,0,3,0,1.1104031403859456,0,9,0,0.9928012219342318,0,20
436,0,0.8204094171524048,0,3,0,1.061446766058604,0,9,0,0.9668825431303545,0,20
437,0,0.9654466509819031,0,3,0,1.1587878266970317,0,9,0,1.0871115922927856,0,17,0,1.1385000149408977,0,20
438,14.543807663136796,0.7753093043963114,2,3,0,1.3845263719558716,0,12,0,1.313913106918335,0,17,0,1.2988075415293376,0,20
439,10.832019265892313,0.4578039000431697,2,6,0,1.2475451664491133,0,17,0,1.3383346796035767,0,20
440,0,0.7289760510126749,0,3,0,0.8276157208851406,0,10,0,0.8191315233707428,0,20
441,30.92997436051418,0.636943519115448,2,10,9.484020258873857,0.7156699001789093,2,14,0,0.7499742954969406,0,20
442,18.474507634143972,1.1161011457443237,2,3,0,1.3693290551503499,0,6,0,1.3819147890264338,0,17,0,1.2804081042607625,0,20
443,39.12381387719477,0.17298706940242223,2,7,54.38152895254169,0.17277801277176028,2,38,34.229533446210425,0.247103417913119,2,41
444,0,0.7438403765360514,0,3,0,0.8626855952399117,0,10,0,0.8642653942108154,0,20
445,53.03775536093486,0.4904257456461589,2,15,40.65849146864706,1.3978739551135473,2,29
446,4.190032359536411,0.3527951240539551,2,3,0,0.9562505218717787,0,12,0,0.8852222681045532,0,17,0,0.8582861423492432,0,20
447,16.50168390187842,0.8308438062667847,2,3,0,1.4583650827407837,0,6,0,1.534529447555542,0,12,0,1.4842494249343872,0,17,0,1.4255999724070232,0,20
448,0.2689510933270806,1.0218327442804973,2,3,0,1.5502251651551988,0,12,0,1.5514078378677367,0,17,0,1.4956406752268474,0,20
449,0,1.0274128119150798,0,3,0,1.2774229049682617,0,8,0,1.1948071817557018,0,20
450,23.82830400950106,0.6806698362032573,2,15,0,0.9564941644668579,0,20
451,14.58305418684962,0.7679844498634338,2,4,0,1.106178384560805,0,17,0,1.2704484860102336,0,20
452,28.874401809369665,1.2714124917984009,2,3,0,1.2014614211188421,0,12,0,1.344506072998047,0,17,0,1.330853780110677,0,20
453,45.57969925560577,1.3933367371559142,2,10,457.30820621352797,0.032203818360964455,2,43,24.808313768473326,1.1651952816889837,2,56
454,28.515648387376846,1.0143656969070434,2,5,0,0.921468836920602,0,12,0,0.943093991279602,0,17,0,1.029540777206421,0,20
455,0,0.7913056413332621,0,3,0,0.9151126827512469,0,10,0,0.8912343502044677,0,20
456,21.744536381009723,0.6263244710862637,2,16,0,1.0223866701126099,0,20
457,13.29177797940985,1.2141823938914709,2,14,0,1.0224726001421611,0,20
458,0,0.7431977589925131,0,3,0,0.7979988058408102,0,9,0,0.7793282703919844,0,20
459,16.373205760823733,1.142933468023936,2,6,0.08077551946717719,0.2500130943953991,2,14,0,0.588316003481547,0,17,0,0.5633555849393209,0,20
460,23.022549261815477,1.0213937362035115,2,3,0,1.3971541325251262,0,6,0,1.409176533872431,0,17,0,1.4149188995361328,0,20
461,0.1136972999925555,0.9632519086201986,2,3,0,1.2797409560945299,0,12,0,1.2886762619018555,0,17,0,1.1875451405843098,0,20
462,23.5844338443952,0.5448378697037697,2,8,44.42289591914647,0.8053152561187744,2,15,62.05183558338556,0.7955060175486973,2,22,37.94355584775322,1.0755105583291305,2,41
463,0,0.9045347770055135,0,3,0,1.0931957721710206,0,8,0,1.0652825435002644,0,20
464,5.584905051599456,0.7238528927167257,2,3,3.3850897837663587,0.7665302753448486,2,6,0,1.1503800868988037,0,11,0,1.2134413917859395,0,17,0,1.287574013074239,0,20
465,110.50288293808347,0.3286700665950775,2,5,165.44949913994049,0.2973515808582306,2,10,106.68004868710342,0.2902275025844574,2,13,14.61705482966423,0.3306257911026478,2,17,0,0.7569990356763204,0,20
466,24.51431595159243,0.4831616207957268,2,8,0,1.1206652190950182,0,17,0,1.3065508206685383,0,20
467,18.14730000115407,0.4419440222637994,2,14,21.735187243675735,0.4484514125755855,2,35,17.31028370945272,0.5038949817419052,2,55
468,51.82930147394127,0.15447759763761001,2,11,0,0.8803733189900717,0,14,0,0.8337259689966837,0,20
469,24.21233991872619,0.7820932779993329,2,7,36.794802903022806,0.7112391392389933,2,10,139.7410615705795,0.14645381851328743,2,46,80.79453237647016,0.21158496042092642,2,49,0.0498538328673828,0.3836781059702237,2,61,71.00539675623355,0.1767228901386261,2,71
470,0,0.9001408418019613,0,3,0,1.1106594999631245,0,9,0,1.0447526574134827,0,17,0,1.056959827740987,0,20
471,11.04422701744011,0.12637007733186087,2,3,6.964964267591694,0.204587921500206,2,6,0,1.2767010602084072,0,17,0,1.4824762344360352,0,20
472,10.001051742343769,0.8554955380303519,2,7,0,0.8027419249216715,0,10,0,0.732018232345581,0,17,0,0.879468043645223,0,20
473,0.09710511848183218,1.077370007832845,2,3,0,1.4513452410697938,0,13,0,1.4650472104549408,0,17,0,1.3847729365030925,0,20
474,0.16499700082829574,0.8798445065816244,2,3,0,1.0415529012680054,0,12,0,0.9560476243495941,0,16,0,0.9566619694232941,0,20
475,21.811039841865433,0.8381388124666715,2,19,310.6998729210126,0.1799796266215188,2,33,33.30453283868696,0.6696407571434975,2,41,60.70552655169411,0.7543721079826355,2,46
476,28.196630932406734,1.2295444905757904,2,4,0,1.2554306708849394,0,17,0,1.3621716499328613,0,20
477,0,0.9290182590484619,0,3,0,1.2203737258911134,0,8,0,1.133923848470052,0,11,0,1.15715891122818,0,17,0,1.2722782293955486,0,20
478,22.328146355985893,1.0216119766235352,2,10,0,1.1183501958847046,0,20
479,19.652480736980188,0.5700623020529747,2,8,0,1.0100990004009671,0,17,0,1.1605299711227417,0,20
480,9.341000373899082,0.9739689429601034,2,6,0,0.9027824835343794,0,17,0,0.9424707094828287,0,20
481,19.75933833006473,0.5467347055673599,2,10,92.53909075853925,0.20705875295859116,2,23
482,11.954937002676894,0.5038693149884542,2,6,8.217951799893802,0.5115621785322825,2,9,0,1.108681321144104,0,12,0,0.9815707206726074,0,17,0,1.150063196818034,0,20
483,14.354779845559051,0.2652412414550781,2,5,0,0.8651086091995239,0,8,0,0.7434452109866672,0,17,0,0.8635143041610718,0,20
484,0,0.8917280236879984,0,3,0,1.1224380016326905,0,8,0,1.0456545882754855,0,17,0,1.171077569325765,0,20
485,0.23368312381287915,1.0052544673283894,2,3,0,1.5587281650967069,0,12,0,1.5193718910217284,0,17,0,1.4261644681294758,0,20
486,22.953989158330916,0.6990357438723246,2,12,0,0.8079629182815552,0,17,0,0.997071107228597,0,20
487,0.20858472060103606,0.7380886077880859,2,3,0,1.2761256694793701,0,12,0,1.271849662065506,0,16,0,1.2495256662368774,0,20
488,9.36377532105129,1.185889999071757,2,6,0,1.122152025049383,0,17,0,1.2502838373184204,0,20
489,0,0.8557636737823486,0,3,0,1.0865387678146363,0,8,0,1.1239942610263824,0,20
490,42.662670464746455,0.42699165554607615,2,17,0,1.0950076182683308,0,20
491,16.433065911722206,1.0327243208885193,2,4,0,1.4102975875139236,0,12,0,1.4578416109085084,0,17,0,1.4893277883529663,0,20
492,3.050624883457879,0.6421555082003275,2,3,0,1.087329559855991,0,12,0,1.130540207028389,0,20
493,14.050496369865009,0.9283830225467682,2,12,0,0.7742645144462585,0,17,0,0.9238600730895996,0,20
494,16.753639756071067,0.36446032921473187,2,6,0,0.9734595363790338,0,17,0,1.1209910313288372,0,20
495,21.40050504475701,1.271779751777649,2,5,0,1.3395163019498189,0,17,0,1.5279673337936401,0,20
496,8.867284279255946,0.6941566008787888,2,13,0,0.8845840181623187,0,20
497,61.903818294146,0.4340393864191495,2,13,134.33122606667075,0.3933139145374298,2,20,61.24040414847555,0.6457956830660502,2,26
498,34.704437359272646,0.4580702483654022,2,11,0,0.9076656500498453,0,14,0,0.7429075241088867,0,17,0,0.924748420715332,0,20
499,72.41546656885413,0.2736320123076439,2,4,0,1.266494319989131,0,17,0,1.4283452828725178,0,20
500,2.478762943770119,0.6167266766230265,2,3,0,0.842216968536377,0,12,0,0.9539677500724792,0,20
501,20.469703917581985,1.4685977952820914,2,14,36.619663168359885,0.09837917735179265,2,20,46.545874713333674,0.12006692452864214,2,31
502,0,0.8151946862538656,0,3,0,1.04732506275177,0,8,0,1.022015372912089,0,11,0,1.0897016127904255,0,17,0,1.1510626077651978,0,20
503,34.94569574319548,1.012543519337972,2,9,0,0.9543885737657547,0,17,0,1.170771837234497,0,20
504,44.499442093292394,0.328461699684461,2,30
505,4.651328454705949,0.35761221249898273,2,3,0,1.1971673170725505,0,12,0,1.1658576488494874,0,17,0,1.0908831357955933,0,20
506,24.12173075877344,1.0520468950271606,2,7,0,1.1565209746360778,0,17,0,1.3525174856185913,0,20
507,15.384479492518775,1.071506142616272,2,3,0,1.2419327050447464,0,11,0,1.3606017231941223,0,17,0,1.3106731176376343,0,20
508,0.08014016597157521,0.8246284127235413,2,3,0,1.2643205987082586,0,12,0,1.1952816545963287,0,20
509,0.37830582661923046,0.8819536765416464,2,3,0,1.2773327976465225,0,11,0,1.215630312760671,0,17,0,1.0651395718256633,0,20
510,21.42259831887544,1.2022496557235718,2,25,25.31238502510287,0.6954608162244161,2,28,39.989802809021526,0.5287120044231415,2,38,65.23941041654717,0.48197587331136066,2,41,287.8257311931134,0.5935661606490612,2,57
511,0.1434194671772334,0.8584916989008585,2,3,0,1.399394052369254,0,10,0,1.4289042949676514,0,20
512,10.810834357750945,0.39746232827504474,2,3,0,1.1532424290974934,0,12,0,1.1998646557331085,0,16,0,1.0787537693977356,0,20
513,11.804813350540698,0.49316012021154165,2,32,52.66672344074243,0.4623541086912155,2,54
514,0.26464218842706433,1.0458956956863403,2,3,0,1.6666318045722113,0,12,0,1.6944864988327026,0,17,0,1.5915533304214478,0,20
515,0,0.7643440365791321,0,3,0,0.9078872203826904,0,10,0,0.9115891814231872,0,20
516,28.495690369922517,1.029283369288725,2,17,0,1.1197248697280884,0,20
517,22.075658041699796,0.3565307733687488,2,22
518,21.8242550461899,0.9662867784500122,2,4,0,1.0658814173478346,0,17,0,1.1404150327046711,0,20
519,0.07683227698416839,0.9116564989089966,2,3,0,1.3010580274793837,0,12,0,1.3419822931289673,0,17,0,1.2629810571670532,0,20
520,56.365260002709476,0.4395514045442854,2,35,8.664002922284176,0.5419060389200846,2,38,487.68901699791047,0.14821318536996841,2,44,21.74927687432083,0.5916193773349127,2,56
521,28.71555580884719,0.8496970931688944,2,6,76.3281184220006,0.26198142568270366,2,21,110.99525431479562,0.24989679499584086,2,55
522,0,0.8725826740264893,0,3,0,1.081346909205119,0,9,0,1.0321577787399292,0,17,0,1.0691163937250774,0,20
523,16.590818322964815,0.9334933519363403,2,20
524,38.80738787886402,0.5620891891774678,2,21
525,0,0.7893862326939901,0,3,0,0.9035171781267438,0,10,0,0.890894639492035,0,20
526,16.013782147235244,0.7886978149414062,2,10,0,1.04363329069955,0,17,0,1.3570417960484822,0,20
527,48.01785162729271,0.17148312488022974,2,17,0.6343830841307586,0.4293150305747986,2,20
528,34.37891056348813,0.5013462730816433,2,7,0,1.1760776042938232,0,17,0,1.3822203874588013,0,20
529,35.547361577423395,0.39351770654320717,2,8,62.78909799445802,0.31217666084949786,2,21,82.84571305980859,0.3494371883571148,2,53
530,8.483914789263865,0.5106250594059626,2,6,0,1.1682433865287087,0,17,0,1.2317864100138347,0,20
531,17.21769093884809,0.4575539479653041,2,12,0,0.7785770148038864,0,20
532,16.575312181544405,0.6604324504733086,2,16,0,1.167657196521759,0,20
533,27.99448516111769,0.6258699788766748,2,17,0,1.3406033913294475,0,20
534,25.63607987664336,1.1146235391497612,2,16,0,1.0422391891479492,0,20
535,20.971143740436517,0.3860280188647183,2,22
536,13.212278874055146,0.9818850205494807,2,13,0,0.8229644554001945,0,20
537,43.525880258880626,0.16709613800048828,2,24
538,9.966782130111786,0.7336561481157938,2,3,0,0.982584211561415,0,12,0,0.8864816427230835,0,17,0,0.9217478434244791,0,20
539,17.106595331183076,0.26972849501503837,2,18,10.676705672192119,0.30332007774939906,2,31,133.05385159797626,0.1936974972486496,2,34,218.42480518075288,0.12887904461887148,2,52
540,19.800580052514327,0.8575449245316642,2,14,0,0.6018537431955338,0,20
541,18.12258149273469,0.6394820898137195,2,47,1.6074536599292448,0.46847499410311383,2,50
542,8.32501458594213,1.2505436340967815,2,3,0,1.0630563497543335,0,6,0,1.2797021215612239,0,17,0,1.2951118151346843,0,20
543,9.971232865466629,1.3464446067810059,2,3,0,1.2654844522476196,0,6,0,1.4310611378062854,0,17,0,1.4268453121185303,0,20
544,13.464836811733287,0.6955670515696207,2,3,0,1.4339886052267892,0,10,0,1.4957277604511805,0,17,0,1.3676689863204956,0,20
545,20.365144530010955,0.2904539667069912,2,16,0,1.0914941132068634,0,20
546,14.864641799066675,0.4419323070482774,2,11,21.013361891202198,0.4450853268305461,2,14,0,0.8437879582246145,0,20
547,4.879557054044575,1.2692427237828572,2,3,0,1.478788509088404,0,20
548,26.3880864539116,0.6203833560148875,2,30
549,0,0.6584975123405457,0,3,0,0.6717604313577924,0,10,0,0.6680042445659637,0,20
550,0,1.0205109516779582,0,3,0,1.2291142702102662,0,8,0,1.103392137421502,0,17,0,1.156428615252177,0,20
551,0.1403675326660302,0.965690811475118,2,3,0,1.3865715195150936,0,20
552,4.775675279404053,0.21976829071839651,2,3,75.64122663057867,0.48497107845765575,2,30
553,33.73861225605894,0.29971319978887384,2,11,0,0.6908386747042338,0,20
554,6.181726272349905,0.2845691069960594,2,4,0,1.0409251543191762,0,17,0,1.0796318451563518,0,20
555,12.837536907474812,0.9491204023361206,2,4,0,1.2253358547504132,0,17,0,1.3904916445414226,0,20
556,13.981786364571565,0.4780448962140966,2,27
557,13.95170398522837,0.850119392077128,2,3,0,1.210287054379781,0,6,0,1.3645385178652676,0,17,0,1.354644497235616,0,20
558,2.047107231214451,0.8765596866607666,2,5,188.05068314640576,0.34257329255342484,2,9,0,1.0476747426119717,0,20
559,22.885741900266275,0.2535680592060089,2,5,54.81263034622525,0.1721118837594986,2,18,67.21399025013228,0.17246900141239166,2,43,13.229636075440789,0.3334796229998271,2,46
560,9.90346524093386,0.2106725126504898,2,11,0,0.9005541801452637,0,14,0,0.7094225684801737,0,17,0,0.8791195948918661,0,20
561,17.769047881168675,0.37875064462423325,2,4,2.9638608220747797,0.4318492611249288,2,7,0,1.4475243488947551,0,10,0,1.0932103991508484,0,14,0,0.8361515502134959,0,20
562,21.806969033813594,0.7967187285423278,2,20
563,0,0.8136306206385294,0,3,0,1.0333816051483153,0,8,0,0.9974131683508555,0,20
564,0,0.8811629414558411,0,3,0,1.1415319204330445,0,8,0,1.038804531097412,0,11,0,1.0805887977282207,0,17,0,1.1830832958221436,0,20
565,0,0.7632267276446024,0,3,0,0.9001849889755249,0,9,0,0.9146406867287376,0,20
566,0,1.0068264206250508,0,3,0,1.2959944248199462,0,8,0,1.2599926988283794,0,20
567,0,0.6968283653259277,0,3,0,0.7449405690034231,0,9,0,0.7355570847337897,0,20
568,0,0.8251561721165975,0,3,0,1.04051833152771,0,8,0,1.0161617696285248,0,20
569,18.389245811599558,0.4576537549495697,2,5,0,0.974604586760203,0,17,0,1.1684130430221558,0,20
570,0,1.0505509972572327,0,3,0,1.2978582978248596,0,9,0,1.1509127400138162,0,20
571,16.593960917209806,0.9643951995032174,2,7,0,1.0147128502527873,0,10,0,1.0678413936070033,0,17,0,1.1586170196533203,0,20
572,14.933566694321506,0.9703351940427508,2,7,0,1.10901939868927,0,10,0,1.1809240920203072,0,17,0,1.294600208600362,0,20
573,0,1.0272708137830098,0,3,0,1.2200998266537983,0,9,0,1.0921581238508224,0,17,0,1.0913386344909668,0,20
574,0,0.71107017993927,0,3,0,0.8034051299095154,0,8,0,0.7625259459018707,0,20
575,4.592850241781697,1.172844648361206,2,6,0,1.2018904577602039,0,17,0,1.3178735574086506,0,20
576,29.521647176951408,0.9838793644538293,2,13,0,0.8836057186126709,0,20
577,20.63338616991131,0.9875055948893229,2,3,47.66644050252959,1.0591188271840413,2,6,0,1.0359712362289428,0,16,0,1.416171908378601,0,20
578,34.13945350924529,0.3700844475201198,2,7,51.10925971892597,0.30313817660013836,2,10,140.70467975024883,0.244548170654862,2,37,193.94001882116447,0.17465870579083762,2,40
579,0,0.8999331394831339,0,3,0,1.2096128940582276,0,8,0,1.0412820279598236,0,20
580,20.662737173927095,1.136760910352071,2,3,0,1.3952855666478474,0,6,0,1.2485110362370808,0,12,0,1.289512300491333,0,17,0,1.3462096452713013,0,20
581,31.44991916595303,0.619831132888794,2,5,0,1.481237490971883,0,11,0,1.630183458328247,0,17,0,1.6661064227422078,0,20
582,20.806559194885608,0.27943101674318316,2,10,0,0.9802311062812805,0,14,0,0.7165359457333883,0,17,0,0.9690022071202596,0,20
583,6.417768978866023,0.8621264934539795,2,10,0,0.6389371007680893,0,14,0,0.5274073680241903,0,17,0,0.598509689172109,0,20
584,45.78036588367707,0.41229328513145447,2,25,56.79055938520466,0.4574946661790212,2,37
585,4.323281894612764,1.3257970809936523,2,3,0,1.4440644449657865,0,12,0,1.4651773929595948,0,17,0,1.4376927614212036,0,20
586,30.67611861365463,1.7184690117836,2,10,44.97866669662381,1.5563368717829387,2,25,87.10349723445157,1.2847526290199973,2,36
587,14.582934100472025,0.6892542243003845,2,4,0,1.2723802419809194,0,17,0,1.3855931361516316,0,20
588,56.910402079489494,1.0538170784711838,2,8,173.099460400699,0.13854938248793283,2,11,0,0.7770165668593513,0,20
589,14.033335609588256,0.8263311386108398,2,5,0,1.2238183319568634,0,17,0,1.365229606628418,0,20
590,17.9456231342729,0.6007935206095377,2,3,0,1.2685082753499348,0,6,0,1.4347645261070945,0,17,0,1.366497000058492,0,20
591,9.874483118334489,0.6182390706879752,2,7,0,1.1307930151621501,0,10,0,1.082803760256086,0,17,0,1.1871444384257,0,20
592,22.689442819451234,0.813392389904369,2,11,0,1.0762912432352703,0,14,0,0.8628019491831461,0,17,0,1.1287381251653035,0,20
593,0,0.7944734891255697,0,3,0,0.9460602147238595,0,10,0,0.9601864099502564,0,20
594,0.4348928981402205,0.8964502811431885,2,3,0,1.5187218636274338,0,11,0,1.472330927848816,0,17,0,1.3819443384806316,0,20
595,19.741733074404106,0.7890272906848362,2,14,0,0.9828570087750753,0,20
596,40.32501350660261,0.4184929224951514,2,29
597,43.602856050471125,0.8040755601490245,2,17,8.52893163237303,0.5260481735070547,2,20
598,0.2467144964147697,0.8575622240702311,2,3,0,1.401888648668925,0,12,0,1.360141897201538,0,17,0,1.2937686443328857,0,20
599,28.011084491099144,0.9583020955324173,2,8,0,0.8140618801116943,0,11,0,0.8281833529472351,0,15,0,0.9324650526046753,0,20
600,0,0.6299513379732767,0,3,0,0.7244213564055306,0,10,0,0.7386703431606293,0,20
601,0,0.970898707707723,0,3,0,1.2845163345336914,0,9,0,1.2368101924657822,0,17,0,1.3512495358784993,0,20
602,0,0.7861796021461487,0,3,0,0.9227314710617065,0,8,0,0.8374159203635322,0,17,0,0.9772526025772095,0,20
603,21.790654099667908,0.7889143625895182,2,3,0,1.4425583680470784,0,6,0,1.5362114039334385,0,17,0,1.4593942960103352,0,20
604,0,0.7324538826942444,0,3,0,0.7919901907444,0,9,0,0.7969666177576239,0,20
605,0,0.8238990306854248,0,3,0,1.0283369302749634,0,8,0,0.9438283178541396,0,17,0,0.965561032295227,0,20
606,0,0.7291571299235026,0,3,0,0.7920186916987101,0,9,0,0.741773746907711,0,17,0,0.863037109375,0,20
607,7.6519071399971565,1.2664539019266765,2,3,0,1.4783208199909754,0,10,0,1.612988999911717,0,17,0,1.5170040527979534,0,20
608,0,0.8237836360931396,0,3,0,1.0684767007827758,0,8,0,1.0130200783411663,0,11,0,1.028611183166504,0,17,0,1.0617512464523315,0,20
609,0,0.7485404014587402,0,3,0,0.8954355120658875,0,9,0,0.8973933133212003,0,20
610,13.015351632453589,0.5951117493889548,2,11,0,0.7970410784085592,0,14,0,0.6616730690002441,0,17,0,0.7755812009175619,0,20
611,39.73994934788032,0.9342450300852457,2,3,0,1.0847554604212444,0,6,0,1.2054758722131902,0,17,0,1.2121220429738362,0,20
612,8.444597586948152,0.6523361404736837,2,3,0,1.4282227754592896,0,12,0,1.4222854375839233,0,17,0,1.355604926745097,0,20
613,11.969273189762875,0.5551610191663107,2,3,0,1.3946522606743708,0,12,0,1.377515697479248,0,17,0,1.3746319611867268,0,20
614,0.2266175770350417,0.8575035929679871,2,3,0,1.125436782836914,0,20
615,0.2590434621442229,0.5524021983146667,2,3,0,1.0270792245864868,0,8,0,0.9267056087652842,0,20
616,0.07180297545795805,1.071631908416748,2,3,0,1.4472781419754028,0,20
617,30.470822709503278,0.5434470492250779,2,17,0,1.0740151007970173,0,20
618,0,0.9049018522103628,0,3,0,1.241117572784424,0,8,0,1.1162189543247223,0,20
619,34.487446189040824,0.2540442297856013,2,6,56.1557285191194,0.19925720824135673,2,24
620,84.54352433272936,0.14902181116243204,2,24
621,27.20054738425487,0.560673326253891,2,8,0,1.124386151631673,0,17,0,1.2381018002827961,0,20
622,32.64127566468341,0.9537764340639114,2,8,0,1.1480701565742493,0,12,0,1.2306415736675262,0,16,0,1.3237285614013672,0,20
623,12.106152205624324,0.7455491102658786,2,13,0,0.8978390608515058,0,20
624,28.032372792582105,1.4666752070188522,2,24
625,9.571776200741219,0.7944637537002563,2,3,0,1.1632957607507706,0,11,0,1.2488580703735352,0,16,0,1.0988838970661163,0,20
626,0.34221823618956865,0.6210866272449493,2,3,0,1.1869697570800781,0,17,0,1.1552870273590088,0,20
627,0.28047442213299417,0.9331186016400655,2,3,0,1.4773025115331013,0,6,0,1.5500261783599854,0,17,0,1.4393651088078816,0,20
628,0.3706186316844773,1.1782726446787517,2,3,0,1.536631787524504,0,20
629,0.11725975369139921,0.8547616402308146,2,3,0,1.334576474295722,0,12,0,1.3797180652618408,0,16,0,1.2983214557170868,0,20
630,28.657825895117977,0.611242002248764,2,10,0,0.796562910079956,0,14,0,0.6948564847310384,0,17,0,0.7756398518880209,0,20
631,0.2578341714768376,0.8391556342442831,2,3,0,1.1052112649468815,0,20
632,66.01933877393884,0.10260330411520871,2,22
633,23.18900158201336,0.6216874122619629,2,14,37.3379191700118,0.6061846216519674,2,17,0,1.139160434405009,0,20
634,53.70914688830558,0.39945051198204357,2,24
635,15.532783575956966,0.5438452760378519,2,3,0,1.3405128320058186,0,12,0,1.2397335052490235,0,17,0,1.240600347518921,0,20
636,0,0.8229637145996094,0,3,0,1.0516167879104614,0,8,0,1.0427038669586182,0,11,0,1.0809731682141621,0,17,0,1.144019325574239,0,20
637,0,0.9819501241048177,0,3,0,1.2094295223553975,0,9,0,1.1163438558578491,0,17,0,1.1372969150543213,0,20
638,0,0.9957079490025839,0,3,0,1.2916765213012695,0,8,0,1.2934205035368602,0,20
639,0,0.7880431413650513,0,3,0,0.9593851764996847,0,9,0,0.9654380624944513,0,20
640,0,1.0096736351648967,0,3,0,1.2752716779708861,0,8,0,1.2428530951340993,0,20
641,0,0.7173411846160889,0,3,0,0.908016300201416,0,8,0,0.866280605395635,0,20
642,0,0.8789831399917603,0,3,0,1.1527934074401855,0,9,0,1.1374683231115341,0,17,0,1.2195117870966594,0,20
643,0,0.7317728201548258,0,3,0,0.791069575718471,0,10,0,0.8321400225162506,0,20
644,0,0.9239238699277242,0,3,0,1.2562455415725708,0,8,0,1.099172592163086,0,20
645,0,0.9032571315765381,0,3,0,1.195813202857971,0,8,0,1.1434942881266277,0,11,0,1.1594348748524983,0,17,0,1.2512614727020264,0,20
646,0,0.6625285943349203,0,3,0,0.682907692023686,0,10,0,0.6682223677635193,0,20
647,0,0.75896155834198,0,3,0,0.9669103225072225,0,9,0,0.976553125814958,0,20
648,0,0.7095249891281128,0,3,0,0.8346103032430013,0,9,0,0.8375079415061257,0,20
649,54.441430586908794,1.0440217786365085,2,9,0,1.1374524434407551,0,12,0,1.103244996070862,0,17,0,1.304322083791097,0,20
650,23.709079626698575,0.27331707933369803,2,17,0,1.1807015339533489,0,20
651,16.697063435487305,0.2935639023780823,2,6,0,1.2892296530983665,0,17,0,1.3391858736673992,0,20
652,8.800584915848411,1.4089421530564625,2,12,0,0.8402578632036845,0,15,0,0.8937529444694519,0,20
653,26.813050835801935,0.6993848867714405,2,16,0,0.9191970229148865,0,20
654,16.624639602866367,0.24098407849669456,2,4,0,1.1022996352269099,0,17,0,1.2106342713038127,0,20
655,8.66557613083178,0.7913202047348022,2,4,0,1.0940705446096568,0,17,0,1.1628450949986775,0,20
656,5.923095664939829,0.6225112915039063,2,5,0,1.107110063234965,0,8,0,1.239404519399007,0,17,0,1.2746775150299072,0,20
657,66.00247469304412,0.4029337676132427,2,17,0.40287589478424035,0.7100283702214559,2,20
658,15.868448361646022,0.364300799369812,2,5,0,0.8784447759389877,0,17,0,1.1189100344975789,0,20
659,16.089607289576268,1.2833778086830587,2,17,0,1.0557283163070679,0,20
660,10.1373605345986,0.7539029955863953,2,5,0,1.3566105862458546,0,17,0,1.4870387713114421,0,20
661,12.854384523702523,0.5725911557674408,2,4,0,1.2010702261557946,0,17,0,1.310182770093282,0,20
662,14.342234538164874,0.6638646655612521,2,9,0,0.9987700382868449,0,12,0,0.8390312790870667,0,16,0,0.9918127059936523,0,20
663,19.026281963511405,1.2459943532943725,2,15,0,0.9554638028144836,0,20
664,20.00624539792931,0.7445433681661432,2,11,0,0.9430092573165894,0,20
665,23.601303326206562,0.2221738487482071,2,5,0,0.9962122837702433,0,8,0,1.1308069229125977,0,17,0,1.186684528986613,0,20
666,9.941928993549855,0.8601057767868042,2,15,0,1.0327408075332642,0,20
667,0.2053652983789082,0.740587075551351,2,3,0,1.160748928785324,0,11,0,1.1200383305549622,0,17,0,1.0324116150538127,0,20
668,13.242363526284098,0.8359880664131858,2,11,0,0.8157210747400919,0,14,0,0.7312875986099243,0,17,0,0.9395625193913778,0,20
669,6.384500792006466,0.7448679208755493,2,3,0,1.5299195713467069,0,12,0,1.5194589614868164,0,17,0,1.4384558995564778,0,20
670,75.04684007051695,0.32521621309793913,2,13,0,0.8925318717956543,0,17,0,1.1260406970977783,0,20
671,20.794717287517567,0.3532927831013997,2,12,32.58259771129359,0.3146215081214905,2,15,0,0.9999792814254761,0,20
672,0,0.7754580974578857,0,3,0,0.8775659458977836,0,10,0,0.8978467226028443,0,20
673,11.105435122406858,0.1448037587106228,2,8,0,1.104115903377533,0,12,0,0.9631057024002075,0,17,0,1.1607266664505005,0,20
674,0,0.729037880897522,0,3,0,0.813668932233538,0,10,0,0.8058602929115295,0,20
675,9.869416327294097,0.9439009428024292,2,4,0,1.2584426219646747,0,17,0,1.4035982688268025,0,20
676,0,0.8489243189493815,0,3,0,1.107856035232544,0,8,0,1.1466130216916401,0,20
677,0,0.7190131743748983,0,3,0,0.7487003973552159,0,10,0,0.7725516974925994,0,20
678,32.57905326441749,0.4672296345233917,2,3,65.76853773705524,0.1694922372698784,2,13,0,1.1591364315577917,0,20
679,0,0.787669857343038,0,3,0,0.923077917098999,0,8,0,0.8794975082079569,0,20
680,30.955306866321713,0.11776798591017723,2,4,50.96292846188201,0.16410045538629806,2,11,0,0.934183657169342,0,14,0,0.7912023464838663,0,17,0,0.948744018872579,0,20
681,25.580942756619187,0.34509763663465326,2,11,0,0.8803357680638632,0,14,0,0.6748207410176595,0,17,0,0.814888079961141,0,20
682,3.8889536122333177,0.7299634019533793,2,3,11.12454312984889,0.7293490767478943,2,8,0,1.2733790874481201,0,12,0,1.3376338243484498,0,17,0,1.5077895323435466,0,20
683,13.253732250449257,0.41038707324436735,2,7,0,1.0418567657470703,0,10,0,1.0731370789664132,0,17,0,1.2049285173416138,0,20
684,0.0626440343026217,0.6619780361652374,2,3,0,1.109026831739089,0,20
685,18.827643627798665,0.22566122313340506,2,9,0,1.0658668279647827,0,12,0,0.9382844686508178,0,17,0,1.1700886090596516,0,20
686,16.52363958446298,0.16851001481215158,2,3,0,1.0205031718526567,0,17,0,1.079829732577006,0,20
687,27.274617277614166,0.8596926927566528,2,8,0,0.9873847166697184,0,11,0,1.0382679224014282,0,16,0,1.149979144334793,0,20
688,0,0.7987048427263895,0,3,0,0.9470070600509644,0,8,0,0.9127211769421896,0,20
689,45.321468357691494,0.786541759967804,2,4,0,1.3387946287790935,0,7,0,1.3563715934753418,0,12,0,1.3061484098434448,0,17,0,1.3442020018895466,0,20
690,23.71959847718321,0.4521573670208454,2,8,0,0.927988201379776,0,12,0,0.7030446052551269,0,17,0,0.8905776143074036,0,20
691,53.345868435164824,0.28338345140218735,2,8,0,1.2797703444957733,0,12,0,1.2912419140338898,0,16,0,1.4430863857269287,0,20
692,0.1278016695987069,0.9142000873883566,2,3,0,1.3150214517817778,0,20
693,14.615798755181041,0.6781378269195557,2,5,0,0.9253664215405782,0,17,0,1.016310493151347,0,20
694,7.04347508744004,0.8191675146420797,2,6,0,1.0536167838356711,0,17,0,1.211224357287089,0,20
695,11.850156910920552,0.6019840737183889,2,6,0,1.458653298291293,0,17,0,1.6224066019058228,0,20
696,25.41362628398609,0.9439680874347687,2,4,0,1.622208567766043,0,17,0,1.670056660970052,0,20
697,21.122394599501327,0.8303245902061462,2,4,0,1.292100965976715,0,12,0,1.2992295503616333,0,17,0,1.3936159213383992,0,20
698,26.745182716194392,0.4631869435310364,2,5,0,0.9948652585347494,0,17,0,1.1877714395523071,0,20
699,0,0.852275013923645,0,3,0,1.0130723237991333,0,8,0,0.9651397963364919,0,20
700,9.985285844947377,0.7684959411621094,2,5,0,1.2067259053389232,0,17,0,1.337993860244751,0,20
701,0.19576281672569568,0.7875756223996481,2,3,0,1.363741887940301,0,12,0,1.382101821899414,0,17,0,1.2764883836110432,0,20
702,0,0.8872628609339396,0,3,0,1.1989612340927125,0,8,0,1.1183530886967976,0,20
