0,7.08331928275358,1.1935637891292572,2,4,0,1.3149836521882277,0,17,0,1.4162294069925945,0,20
1,13.905921919878828,0.8987065851688385,2,8,0,0.9265228112538656,0,11,0,0.8973376512527466,0,16,0,1.028041273355484,0,20
2,11.036617661910796,0.9518643660204751,2,14,94.49805070440677,0.18199301568361428,2,27,21.74484205252534,0.8445180296897888,2,37
3,23.86938395068272,0.2765325665473938,2,5,0,0.8941198190053304,0,17,0,1.0252857605616252,0,20
4,19.385246409369618,1.2403742263191624,2,19,88.1942351523512,0.14438558879651522,2,38
5,15.458783951432887,0.9208163022994995,2,3,22.34433512398484,0.9145979583263397,2,11,11.915734383484898,0.9199765125910441,2,14,0,0.6374099254608154,0,20
6,23.20995627542485,0.6299000355330381,2,22
7,0,0.6567467252413431,0,3,0,0.7044967072350639,0,10,0,0.7203036367893219,0,20
8,48.07252136600863,1.3047579288482667,2,5,0,0.9666845699151357,0,17,0,1.3444254000981648,0,20
9,27.972942004894364,0.8902142889359418,2,17,2.3695171488750026,0.8414313395818075,2,20
10,13.35984282117895,0.2492591142654419,2,5,0,0.5577629046006636,0,16,0,0.6949709206819534,0,20
11,17.70444592724289,0.7380672097206116,2,4,0,1.5681305481837347,0,17,0,1.6665935913721721,0,20
12,13.259173813612279,0.6267561561921063,2,17,1.54541941172706,0.6697247425715128,2,20
13,52.67321650193412,0.662481626868248,2,20
14,18.87454012913035,0.5995537956555684,2,15,0,0.9250922799110413,0,20
15,61.52993567524302,0.2668893337249756,2,6,80.28770778459369,0.25843074830139384,2,57
16,0,0.813238799571991,0,3,0,1.0535044074058533,0,9,0,1.0175019353628159,0,17,0,1.110219677289327,0,20
17,14.714593213966657,1.226015067100525,2,5,0,1.16592342654864,0,17,0,1.3109832604726155,0,20
18,7.677752034226249,1.067888045310974,2,5,0,1.248357789857047,0,12,0,1.3848078966140747,0,17,0,1.4548309246699016,0,20
19,0,0.9386951526006063,0,3,0,1.222911775112152,0,9,0,1.1725632846355438,0,17,0,1.2904962301254272,0,20
20,15.848275322982538,0.6954466303189596,2,3,0,1.4177223841349285,0,6,0,1.4668796062469482,0,12,0,1.410530948638916,0,17,0,1.3124427795410156,0,20
21,18.9662026768592,0.7204576581716537,2,4,0,1.088729372391334,0,17,0,1.222746213277181,0,20
22,13.32331334481096,0.7971308529376984,2,4,0,1.1522955619371855,0,17,0,1.3029684623082478,0,20
23,5.784221428044511,0.19003871455788612,2,4,0,1.1400051712989807,0,16,0,1.2114893198013306,0,20
24,30.34025299991774,0.6631894409656525,2,10,0,1.3863269488016765,0,13,0,1.5767502614430018,0,20
25,0,0.7800896167755127,0,3,0,0.9563916524251302,0,9,0,0.9078052043914795,0,17,0,1.0153284470240276,0,20
26,11.746416389960496,0.26398802016462597,2,7,0,1.1719582080841064,0,10,0,1.1848534005028861,0,17,0,1.2713075081507366,0,20
27,43.875353682201265,0.24480391775860505,2,17,0.5788066944356516,0.46712203820546466,2,20
28,0,0.7941591342290243,0,3,0,0.9030550519625345,0,9,0,0.8440210548314181,0,20
29,6.967481301244346,0.24873734638094902,2,4,0,1.1280381404436552,0,17,0,1.1109040975570679,0,20
30,59.2005467761523,0.39363753147747205,2,23,25.50272380828756,0.4661673406759898,2,26
31,67.6667963868518,0.17554657856623332,2,15,0,0.9838562846183777,0,20
32,13.690433816997666,0.9632750749588013,2,4,0,1.4049470608051007,0,17,0,1.4847005605697632,0,20
33,0,0.710369348526001,0,3,0,0.8688544631004333,0,9,0,0.8138716329227794,0,20
34,13.707475130104005,0.4246034175157547,2,6,0,1.0076559023423628,0,17,0,1.093259334564209,0,20
35,12.284276629619614,0.6306058764457703,2,3,0,1.2914583853312902,0,17,0,1.2341738939285278,0,20
36,21.210453158622283,0.6660863161087036,2,10,0,0.8875953129359654,0,17,0,1.0855092604955037,0,20
37,16.538816053004133,0.32032115161418917,2,10,0,0.9721117615699768,0,14,0,0.7670456171035767,0,17,0,0.9082786639531454,0,20
38,13.961989512459127,0.562634996005467,2,7,0,0.9980653921763102,0,10,0,0.9392587968281337,0,17,0,1.0074530839920044,0,20
39,12.572147308360208,0.34286468227704364,2,6,0,0.6301762082360007,0,17,0,0.7536110281944275,0,20
40,0,0.617687443892161,0,3,0,0.6755584478378296,0,10,0,0.6681480407714844,0,20
41,7.424337350257202,1.1983067393302917,2,4,0,0.9749293694129357,0,17,0,1.0435227155685425,0,20
42,32.673340209200234,1.3866806775331497,2,8,0,1.053482386800978,0,17,0,1.2712283929189045,0,20
43,0,0.9390207926432291,0,3,0,1.2051414728164673,0,8,0,1.1685010890165966,0,20
44,12.833580324156639,0.31642644852399826,2,4,0,1.3878529988802397,0,17,0,1.2958180109659831,0,20
45,23.878992274015502,0.6758579254150391,2,10,0,0.9803736686706543,0,20
46,0,0.8578900694847107,0,3,0,1.13217560450236,0,9,0,1.0692699670791626,0,14,0,0.9761348962783813,0,17,0,1.0268303950627644,0,20
47,58.4066471797015,0.21233501533667246,2,12,19.175695429309236,0.32459936539332074,2,15,84.75304548511936,0.26673223823308945,2,27,49.173083169818085,0.4916737576325734,2,30,30.56394611151807,0.6488077839215597,2,36
48,2.9045262779156014,1.4062954982121785,2,3,1.904164052607536,1.4166788339614869,2,8,213.76209779371936,0.3485700918568505,2,17,67.38542858262724,0.5045912464459738,2,20,255.93016243338238,0.4428800372850327,2,41
49,12.77998957211953,0.9251233577728272,2,5,0,1.0409969602312361,0,12,0,1.130424165725708,0,17,0,1.2733654181162517,0,20
50,11.415857565131308,0.0788022991683748,2,9,0,1.1212218205134075,0,12,0,0.8541560471057892,0,16,0,0.9814565479755402,0,20
51,40.30306147725325,0.4225716255605221,2,16,62.85006080850207,0.48653447031974795,2,21
52,95.17779783909504,0.24860787888367972,2,3,342.99709515492987,0.07801038811081334,2,22
53,15.322089441249506,0.8415833711624146,2,4,0,1.2580293267965317,0,12,0,1.1435956478118896,0,17,0,1.2208162943522136,0,20
54,0.2572737420082423,0.7749679485956827,2,3,0,1.3177883905522965,0,20
55,11.377798010756159,0.5531723499298096,2,7,0,1.1934253374735515,0,10,0,1.2522279705320085,0,17,0,1.366127610206604,0,20
56,48.09860739760638,0.7872862368822098,2,12,34.18329531042482,1.272322588496738,2,21
57,17.10248685892072,0.7147913141684099,2,11,0,0.8698335289955139,0,14,0,0.7638652125994364,0,17,0,1.0287038882573445,0,20
58,23.827839193970398,0.9904427528381348,2,5,0,1.4548661708831787,0,17,0,1.6293892860412598,0,20
59,23.581451471552437,0.3689298492211562,2,13,0,0.8381834966795785,0,20
60,11.559376003662225,1.1322904507319131,2,15,0,1.1547372341156006,0,20
61,46.087817201813415,0.3156640648841858,2,5,70.66017421547572,0.4448926108224051,2,12,131.4213889567001,0.5226178069909414,2,18,73.6673837693295,0.6671668120792934,2,32
62,14.724266839803002,0.5668631990750631,2,6,0,1.011116927320307,0,17,0,1.097442905108134,0,20
63,0,0.909675399462382,0,3,0,1.121808409690857,0,8,0,1.1209100352393255,0,17,0,1.2228323618570964,0,20
64,0,0.9072858691215515,0,3,0,1.1975404262542724,0,8,0,1.006876826286316,0,20
65,23.21697549253904,0.2884805713381086,2,7,0,0.8345710396766662,0,12,0,0.755890154838562,0,17,0,0.8428760369618734,0,20
66,29.946596636227937,0.9683462778727213,2,9,0,1.1342827528715134,0,17,0,1.422262191772461,0,20
67,20.789720878586614,0.5927032709121705,2,5,0,1.0063431014617283,0,17,0,1.1984601815541585,0,20
68,33.18074534038989,1.2401036421457927,2,21
69,0,0.7669952114423116,0,3,0,0.9965022325515747,0,8,0,0.9866344630718231,0,20
70,26.196437967043835,0.4471162259578705,2,9,0,0.9588036934534708,0,12,0,0.7854323625564575,0,17,0,1.0015633900960286,0,20
71,6.672801614422617,0.08624306072791417,2,18,21.86277155711392,0.43519600555300714,2,58
72,13.998829864997177,0.699357932806015,2,10,0,0.9239796698093414,0,14,0,0.8337534666061401,0,17,0,1.1092111666997273,0,20
73,14.975549367708153,0.4798412024974823,2,4,0,0.8322427089397724,0,17,0,0.9130900303522745,0,20
74,17.814206743122153,0.9963805675506592,2,13,0,0.8986474786485944,0,20
75,23.396035565945525,0.48540643909398246,2,17,0.7414711871799716,0.5740089217821757,2,20
76,20.19101069378144,0.0744556983311971,2,9,0,1.106275200843811,0,12,0,1.0367510557174682,0,17,0,1.2076682647069295,0,20
77,27.806028529265152,1.1675146023432414,2,3,0,1.3050642907619476,0,11,0,1.3919508059819539,0,17,0,1.3925856351852417,0,20
78,18.87965678415033,0.45184591954404657,2,11,151.82237980647426,0.1214557913493137,2,60,27.867069488302636,0.35786159170998466,2,69
79,11.552710758765146,1.0738479495048523,2,6,0,1.214691768993031,0,17,0,1.322637677192688,0,20
80,12.19305363917881,0.6912849023938179,2,8,0,0.9384567737579346,0,12,0,0.7363968044519424,0,16,0,0.8612940609455109,0,20
81,14.917985726232697,1.3518418073654175,2,3,0,1.519497447543674,0,12,0,1.5369558334350586,0,17,0,1.515777349472046,0,20
82,19.60706034136068,0.45012275661740986,2,7,0,1.2936209042867024,0,10,0,1.3307138000215804,0,17,0,1.4425785541534424,0,20
83,49.40066578680251,0.33323555257585313,2,45,64.76074749759559,0.4094560772180557,2,55
84,9.169660244373746,0.9469696283340454,2,4,0,1.2900448739528656,0,12,0,1.2370322227478028,0,17,0,1.198761264483134,0,20
85,0.12496133348072382,1.0656263430913289,2,3,0,1.4156710704167683,0,12,0,1.4607552766799927,0,17,0,1.3914146025975545,0,20
86,0.1187936114272728,0.8429895043373108,2,3,0,1.3566027217441134,0,12,0,1.239769959449768,0,17,0,1.220055063565572,0,20
87,17.116993687535846,1.0651866367885046,2,7,0,1.1608763138453166,0,10,0,1.191011565072196,0,17,0,1.3079855839411418,0,20
88,0.18735423473344812,0.8383475343386332,2,3,0,1.2885422044330173,0,12,0,1.2065721035003663,0,17,0,1.2008252143859863,0,20
89,0,0.898548424243927,0,3,0,1.160411548614502,0,8,0,1.1283320718341403,0,17,0,1.2200295130411785,0,20
90,0.37988187612791446,0.9120641350746155,2,3,0,1.5304350405931473,0,11,0,1.4932597279548645,0,17,0,1.475307861963908,0,20
91,0.2459484819904205,0.8720976511637369,2,3,0,1.4995782673358917,0,11,0,1.4302868048350017,0,17,0,1.3729714155197144,0,20
92,17.445631440703885,1.0374912023544312,2,14,40.72543715811608,0.4236867055296898,2,18,87.70688379789684,0.12449954628944397,2,43
93,43.189963515414156,0.3211650240178011,2,49
94,22.258197557919146,1.1712718804677327,2,9,0,0.9385280609130859,0,20
95,91.82765530250195,0.5298955291509628,2,12,0,0.848568893969059,0,20
96,12.252842428244344,0.7410353620847067,2,3,0,1.1976122856140137,0,6,0,1.3045279383659363,0,12,0,1.2350197315216065,0,17,0,1.1820835669835408,0,20
97,20.39054323387985,0.4205966554582119,2,8,0,0.9663213491439819,0,12,0,0.6802143931388855,0,17,0,0.7542210419972738,0,20
98,0,0.804589033126831,0,3,0,1.0168677767117817,0,9,0,1.0860205672004006,0,20
99,0,0.7799028555552164,0,3,0,0.970186996459961,0,8,0,0.8668886721134186,0,20
100,8.336097693279632,1.456803485751152,2,8,0,0.8670138120651245,0,11,0,0.8375906745592753,0,17,0,1.0457836389541626,0,20
101,10.59245962072323,0.6592727104822794,2,3,0,1.2215140925513372,0,12,0,1.1734679222106934,0,17,0,1.212869644165039,0,20
102,18.439122331252804,0.48888274654746056,2,8,0,0.9724473290973239,0,17,0,1.112991730372111,0,20
103,40.541987018735945,0.9095372358957926,2,3,0,1.2146419684092205,0,6,0,1.2899159987767537,0,12,0,1.3059625148773193,0,17,0,1.357316215833028,0,20
104,0.12840878463087407,0.8097501794497172,2,3,0,1.382822699016995,0,12,0,1.4008824229240417,0,16,0,1.313287228345871,0,20
105,19.072325227162217,1.071653112769127,2,8,0,0.9441811905966865,0,17,0,1.113676905632019,0,20
106,14.748404113292416,1.0513301849365235,2,10,0,1.0351001024246216,0,13,0,0.8709266185760498,0,17,0,1.0937466621398926,0,20
107,13.89016064017703,0.45064584414164227,2,3,0,1.3341729376051161,0,12,0,1.316992211341858,0,17,0,1.3502854108810425,0,20
108,22.93115916114258,0.7597546279430389,2,4,0,1.327860557115995,0,17,0,1.4210283358891804,0,20
109,6.40254859724933,1.3584019541740417,2,4,0,1.143759086728096,0,12,0,1.236236310005188,0,17,0,1.3003907601038616,0,20
110,24.57393405183083,0.8807127021607899,2,21
111,29.051095558181633,0.652608745627933,2,9,77.59919516009387,0.31222012952754374,2,28,1.4965355389619333,0.5983018775780996,2,31
112,17.939622766887084,0.775139053662618,2,3,0,1.223107933998108,0,6,0,1.3626370429992676,0,12,0,1.3290621280670165,0,17,0,1.3626662095387776,0,20
113,3.429357804518106,0.8073630332946777,2,4,0,1.1528089940547943,0,12,0,1.1675371170043944,0,17,0,1.2409275372823079,0,20
114,0.11236854188874364,0.8507558504740397,2,3,0,1.3405808342827692,0,12,0,1.363661241531372,0,17,0,1.2526768048604329,0,20
115,18.90290904124728,0.8564278841018677,2,5,0,1.3283295730749767,0,17,0,1.5505564212799072,0,20
116,13.410699763199855,0.7520570357640585,2,3,0,1.2364492416381836,0,6,0,1.2709724307060242,0,12,0,1.2814945459365845,0,17,0,1.2540707190831502,0,20
117,0,0.5712416172027588,0,3,0,0.6086233939443316,0,10,0,0.6003072082996368,0,20
118,15.527913902469681,0.6171133617560068,2,6,0,1.3489496816288342,0,17,0,1.4980400800704956,0,20
119,0,0.921207586924235,0,3,0,1.2045574585596721,0,9,0,1.1266551166772842,0,17,0,1.247220516204834,0,20
120,0,0.7727616230646769,0,3,0,0.9922694365183512,0,9,0,0.921465971253135,0,20
121,0,0.8130306601524353,0,3,0,1.0614652236302693,0,9,0,1.0202657851305874,0,20
122,31.899495171194253,0.6036491513252258,2,10,0,1.0244276693889074,0,17,0,1.3532230059305828,0,20
123,0.27182563365224155,0.7523585458596548,2,3,0,1.6202877627478705,0,12,0,1.5852466821670532,0,17,0,1.4743338028589885,0,20
124,0.22013496925645792,0.7348314523696899,2,3,0,1.3050081168904024,0,20
125,0,0.9367385307947794,0,3,0,1.2059865474700928,0,8,0,1.1967233618100483,0,20
126,0.04110907509226898,0.897871732711792,2,3,0,0.8869770765304565,0,10,0,0.9342491030693054,0,20
127,17.43480888939482,0.3917714005166834,2,11,0,0.7750258445739746,0,14,0,0.6015754739443461,0,17,0,0.7077584862709045,0,20
128,23.529483814969748,1.3476436138153076,2,4,0,1.3328063212908232,0,17,0,1.4749991099039714,0,20
129,0.29017898362860883,1.1303062041600545,2,3,0,1.5187284151713054,0,6,0,1.4980437755584717,0,12,0,1.4609893321990968,0,17,0,1.415298581123352,0,20
130,0.3593246710809462,1.1357276439666748,2,3,0,1.541216293970744,0,6,0,1.4901668032010396,0,12,0,1.4965543031692505,0,17,0,1.4933568239212036,0,20
131,2.248086683511437,1.0786389509836833,2,3,1.0237473641483084,1.121200394630432,2,8,36.103022185190056,0.4061342834257612,2,59,26.172677265871727,0.42644492785135907,2,65
132,0.280991688569637,0.7077255646387736,2,3,0,1.1698554009199142,0,11,0,1.082891623179118,0,17,0,1.1138184865315754,0,20
133,0.27546000386621505,0.8683016498883566,2,3,0,1.5017096144812447,0,10,0,1.5032516888209753,0,17,0,1.4035741885503132,0,20
134,0,0.9108686844507853,0,3,0,1.158171582221985,0,8,0,1.09197821882036,0,17,0,1.2320808966954548,0,20
135,0.20896183270385232,1.0696158806482952,2,3,0,1.4827761385175917,0,12,0,1.4981456518173217,0,17,0,1.4423444668451946,0,20
136,0,0.8209560116132101,0,3,0,1.0861682891845703,0,8,0,1.0050134261449177,0,11,0,1.0141613483428955,0,17,0,1.0685660044352214,0,20
137,0,0.9987305204073588,0,3,0,1.24116108417511,0,8,0,1.182044956419203,0,17,0,1.2146479686101277,0,20
138,20.745549940944425,0.5196911171078682,2,16,28.75366616367264,0.5686851342519125,2,19,241.03664591263674,0.5594019208635602,2,26,158.97156735048907,0.5437331795692444,2,29
139,13.128171334895686,0.534844023840768,2,7,0,1.069301923116048,0,10,0,1.004098926271711,0,17,0,1.1128518184026082,0,20
140,11.96528067700192,1.2882195909818013,2,12,0,0.7495669052004814,0,20
141,0.1499199715161084,0.9188337326049805,2,3,0,1.125902122921414,0,12,0,1.0777935981750488,0,17,0,1.013323704401652,0,20
142,22.138477461146774,0.7464271421017854,2,23
143,0,0.6365758975346884,0,3,0,0.7301561321531024,0,10,0,0.7442829847335816,0,20
144,0.1252912309490904,0.820230225721995,2,3,0,1.2407105650220598,0,10,0,1.2892641067504882,0,20
145,22.52122777386299,0.4143447935581207,2,15,0,1.0349528789520264,0,20
146,21.387052058445384,0.5306749553592117,2,27
147,22.703242255062,1.4170138438542683,2,3,0,1.4025146166483562,0,6,0,1.4764371568506414,0,17,0,1.490028699239095,0,20
148,51.30537638740288,0.7609483202298483,2,3,0,1.4229981899261475,0,6,0,1.4198636683550747,0,17,0,1.4615609645843506,0,20
149,55.63939491821455,0.005593691021203995,1,4,84.8308773669248,0.01979149381319682,1,10,0,1.0491046607494354,0,14,0,0.9442197879155477,0,17,0,1.2714747587839763,0,20
150,11.281083122253367,1.3592907985051472,2,3,0,1.5506337682406108,0,9,0,1.702078863978386,0,17,0,1.5647532939910889,0,20
151,36.62378041442483,0.4320958691338698,2,24
152,46.39196645235072,0.878303050994873,2,4,82.1821986157723,0.7327609459559122,2,7,181.49613580609542,0.27592699974775314,2,13,0,1.1367512260164534,0,20
153,35.75256627194763,0.6395384669303894,2,8,292.12070735861494,1.913025140762329,3,11,545.1826498649704,1.9353563918007746,3,29,712.7862363680098,1.89737472931544,3,53,448.0488888729891,1.590946614742279,2,57,66.90886531235024,1.6898552179336548,2,65
154,22.675765512853577,0.858128490447998,2,25
155,19.246254435856077,0.6828242540359497,2,3,0,1.225467363993327,0,6,0,1.2772471904754639,0,12,0,1.2441983699798584,0,17,0,1.2582557598749797,0,20
156,0,0.77103058497111,0,3,0,0.8690931286130633,0,10,0,0.8951502323150635,0,20
157,10.130642505887796,1.28409942984581,2,4,42.387443825082684,0.19620440238051945,2,13,0,1.1390284981046404,0,20
158,20.478497342053654,0.45930009621840256,2,13,0,0.883864871093205,0,20
159,16.44507140045746,0.4865156908830007,2,3,23.722181318223242,0.45215218100282883,2,21
160,20.613537555206797,0.24553844581047693,2,12,0,0.8781767010688781,0,17,0,0.9931466182072958,0,20
161,19.35383494813027,0.893508873202584,2,22
162,18.049263057052336,0.4771363574724931,2,13,0,0.6823077883039202,0,20
163,32.846667164516646,0.9934941371281941,2,15,50.87209196631528,0.8279972076416016,2,20,232.7828541503984,0.010827405112130302,1,27,322.455867293077,0.019465945661067963,1,45,114.982760123088,0.06967609822750091,2,50,77.23999428650822,0.13446618368228277,2,74,179.77170753190447,1.3680044114589691,2,78
164,0,0.7342516183853149,0,3,0,0.8353896339734396,0,9,0,0.8329832878979769,0,20
165,23.562494772408428,0.5331181685129801,2,6,0,1.2346085743470625,0,17,0,1.3852662642796834,0,20
166,0,0.8124931653340658,0,3,0,0.9771515641893659,0,10,0,0.9989593267440796,0,20
167,7.855453233102349,1.0814267992973328,2,8,0,0.9625439908769395,0,17,0,1.1519414981206257,0,20
168,27.188625438333588,1.1013099253177643,2,8,42.72143884403707,1.0394620100657146,2,11,173.08892922585315,0.00853275544032818,1,93,13.44505900997355,0.3816778719425201,2,98,3.923694839724585,1.489840805530548,2,104,197.771052371915,0.02864252563033785,2,118,251.7955041915284,0.04890145030286577,2,127
169,0,0.7741177280743917,0,3,0,0.9916187524795532,0,9,0,0.9692935076626864,0,20
170,15.926368906442896,0.6398634693839333,2,11,0,0.7564398050308228,0,14,0,0.664370616277059,0,17,0,0.7686101595560709,0,20
171,0,0.7279353539148966,0,3,0,0.8266614198684692,0,8,0,0.7930631240208944,0,20
172,41.700998003833604,0.37021531279270464,2,13,57.05409693774656,0.5063689351081848,2,18,98.97911160443694,0.6846299499273301,2,28,300.024001944892,0.008255790580402721,1,50,426.9626927733662,0.011292294315669847,1,73,7.982750820061009,0.28581875562667847,2,76
173,10.291556018446332,1.3758528573172433,2,7,0,0.9731795072555542,0,17,0,1.021115779876709,0,20
174,10.948167465661893,0.5649936154484749,2,20
175,22.319826999695266,0.22677796537225897,2,11,0,0.9558924436569214,0,14,0,0.7551721135775248,0,17,0,0.8971104224522909,0,20
176,31.105126061507377,0.30679522636460094,2,41
177,32.37809995924466,0.18284061551094055,2,11,0,0.9570996562639872,0,17,0,0.937494953473409,0,20
178,32.74648226278734,1.0118674172295465,2,9,0,1.2744246179407293,0,20
179,10.61803299904192,0.8172173857688904,2,10,0,0.7505953907966614,0,17,0,0.9267846743265787,0,20
180,9.571217685709813,1.008980651696523,2,6,0,1.278880390253934,0,17,0,1.3581500848134358,0,20
181,0.14170176960845704,0.789010763168335,2,3,0,1.2751375171873305,0,12,0,1.3382203817367553,0,17,0,1.2402982711791992,0,20
182,19.5464445778886,0.24238095184167227,2,9,0,0.963358998298645,0,12,0,0.7738921046257019,0,17,0,0.9486198027928671,0,20
183,32.79112891938925,0.47816670934359234,2,3,0,1.5550327433480158,0,12,0,1.5983571767807008,0,17,0,1.5226112604141235,0,20
184,33.05604640292544,0.668099582195282,2,3,0,1.2247534195582073,0,6,0,1.2267044132406062,0,17,0,1.261078119277954,0,20
185,7.3643067305708865,0.23766851673523584,2,12,0,0.5608184218406678,0,17,0,0.5307116806507111,0,20
186,0,0.8851178288459778,0,3,0,1.1614580750465393,0,9,0,1.1391328573226929,0,17,0,1.226651628812154,0,20
187,16.02575999697603,0.5387914250878727,2,17,0.33138160916832493,0.6982578039169312,2,20
188,50.00032234795528,1.2314998081752233,2,7,0,1.1304821173350017,0,10,0,1.1888835259846278,0,17,0,1.371305783589681,0,20
189,41.162017866258914,0.2071319818496704,2,21,40.62588056979901,0.7755824208259583,2,36
190,22.83395961921037,0.12471726943146098,2,11,0,0.7758209307988485,0,14,0,0.6424256364504496,0,17,0,0.7879030903180441,0,20
191,28.77419457309413,0.4659601492541177,2,7,0,1.013479193051656,0,10,0,1.034928321838379,0,17,0,1.1130285660425823,0,20
192,0,1.0205109516779582,0,3,0,1.2291142702102662,0,8,0,1.103392137421502,0,17,0,1.156428615252177,0,20
193,0,0.8285531997680664,0,3,0,0.9811818122863769,0,8,0,0.9355142215887705,0,20
194,10.54504604312893,0.7723340511322021,2,15,0,0.8197421312332154,0,20
195,23.352317558254356,1.0929902301115149,2,17,0,1.2198066314061482,0,20
196,33.485966592633034,0.8946137703382052,2,13,48.42597157326582,0.8886807759602865,2,16,0,0.9905444979667664,0,20
197,14.328378168428106,0.9642419338226318,2,5,0,1.1161212126413982,0,17,0,1.2778780460357666,0,20
198,5.654419949739089,0.6174393892288208,2,5,0,1.0090656280517578,0,8,0,0.9878537125057645,0,17,0,1.1540855566660564,0,20
199,22.92602038948769,0.7823415100574493,2,4,0,1.3472565137423003,0,17,0,1.4725533326466878,0,20
200,23.836691186932548,0.8503696545958519,2,16,0,1.0688917636871338,0,20
201,10.794476624025506,1.2763303816318512,2,8,53.74156642910746,0.24858542851039342,2,15,36.97944582627665,0.6611794020448413,2,22,49.447829054790326,0.8381991485754648,2,28,389.6993430841875,0.15290308992067972,2,82,3.004029606824509,0.04508744409451118,2,95,15.037729405050813,0.11899585809026446,2,102,31.569160632068453,1.0396082533730402,2,111,22.074493447757522,0.9981290499369303,2,114
202,0.05361800999847149,1.0341686010360718,2,3,0,1.4007891486672794,0,20
203,33.44509412077153,0.44517634923641497,2,26
204,13.338101756355515,0.908357247710228,2,8,0,1.0644550621509552,0,12,0,0.9883768558502197,0,17,0,1.2169487873713176,0,20
205,39.06410342635923,0.8847810328006744,2,8,0,1.0674470961093903,0,12,0,1.045846152305603,0,17,0,1.2106538613637288,0,20
206,17.200516443327245,0.6220127165317535,2,10,0,0.9633093178272247,0,14,0,0.7871347665786743,0,17,0,0.9581235647201538,0,20
207,28.689817779627404,0.7532067075371742,2,8,0,1.2753634585274591,0,17,0,1.5203820864359539,0,20
208,12.783314460801181,0.6281945194516864,2,7,0,1.2528146505355835,0,10,0,1.2695499147687639,0,17,0,1.3559815088907878,0,20
209,35.51372877121079,0.36243784924348194,2,24
210,9.361508199338292,0.5351173977057139,2,6,0,1.3197356137362393,0,17,0,1.4909668763478596,0,20
211,15.152964528498885,1.2427725632985434,2,15,0,0.850729250907898,0,20
212,33.94651663961809,0.4338456988334656,2,3,51.57044553408941,0.49236348643898964,2,19,31.477838641978046,0.6433209734303611,2,33
213,33.32732719850121,0.38874825835227966,2,9,67.71597058755576,0.37434770592621397,2,23
214,17.025314967272447,1.0066490438249376,2,9,0,1.1216361125310261,0,12,0,1.0134135723114013,0,17,0,1.1673950751622517,0,20
215,24.259444703314777,0.742952307065328,2,24
216,7.767404874813941,1.1800838708877563,2,5,0,0.8550889492034912,0,8,0,0.8347634606891208,0,17,0,0.9673581520716349,0,20
217,27.559930172882428,0.577930341164271,2,6,0,1.2545711669054898,0,17,0,1.4626949230829875,0,20
218,0.09895828171990326,0.8233390053113302,2,3,0,1.2961854802237616,0,12,0,1.3487946689128876,0,16,0,1.3139500617980957,0,20
219,10.256168233499126,0.9771093924840292,2,3,15.395019887550967,0.9060764759778976,2,11,0,1.0162194040086534,0,20
220,40.723383122647014,0.37621128830042755,2,11,0.5840910230033908,0.5122929066419601,2,15,0.9207847654946858,0.48488152027130127,2,18,30.45913151363842,0.13599416241049767,2,26,2.1415339234689874,0.4632776752114296,2,30,3.8573021906465064,0.4678197006384532,2,33,36.69590372155394,0.33582001732241723,2,64
221,15.589378477690248,0.3795638316207462,2,9,0,1.28267769018809,0,12,0,1.1590262055397034,0,16,0,1.3504102528095245,0,20
222,25.299737449670396,0.21516725338167614,2,18,68.60511251282965,0.35890618960062665,2,21,98.10422530906217,0.3372703540325165,2,46
223,19.687346642626032,1.403373082478841,2,6,0,1.3502831025557085,0,17,0,1.564659595489502,0,20
224,0.19707172979225995,1.0462549130121868,2,3,0,1.5085083378685846,0,12,0,1.5201485872268676,0,17,0,1.3911901315053303,0,20
225,10.880415786947708,0.48376460870107013,2,3,0,1.1181672943962946,0,12,0,1.1097361326217652,0,17,0,1.1253625949223836,0,20
226,0.26875459574696686,1.0489837328592937,2,3,0,1.5523700032915388,0,10,0,1.520119036946978,0,17,0,1.5140797694524128,0,20
227,14.157218320541169,0.8556629021962484,2,6,24.87098037363925,0.9398817718029022,2,30
228,0,0.8259819348653158,0,3,0,1.0620436271031697,0,9,0,0.9510677727785978,0,20
229,0,0.8622897267341614,0,3,0,1.0419004678726196,0,8,0,1.0306716362635295,0,20
230,15.265871783927155,0.37081895981516155,2,7,0,1.132765257358551,0,17,0,1.2539486090342205,0,20
231,13.512589686645885,0.8866595957014296,2,9,0,1.0659439166386921,0,12,0,0.9964041233062744,0,17,0,1.187779386838277,0,20
232,12.50905247430942,0.9378229379653931,2,3,0,1.408165733019511,0,6,0,1.4425225853919983,0,12,0,1.4084385633468628,0,17,0,1.3575914303461711,0,20
233,0,0.6719055573145548,0,3,0,0.7625735998153687,0,9,0,0.7611451148986816,0,20
234,26.781487169752754,0.8339616507291794,2,16,0,1.1545304656028748,0,20
235,15.943830581360164,1.031680017709732,2,4,0,1.3535776321704571,0,17,0,1.4206247329711914,0,20
236,0,0.691331168015798,0,3,0,0.8482836286226908,0,9,0,0.8132324543866244,0,20
237,4.279394716576372,0.9683063427607218,2,3,0,1.416327294181375,0,20
238,24.485024239023105,0.5874424576759338,2,6,0,0.845254123210907,0,10,0,0.7814585963884989,0,16,0,0.9031824022531509,0,20
239,0,0.7774442235628763,0,3,0,0.946182390054067,0,9,0,0.9312475052746859,0,20
240,0.13383334839487798,0.9204356670379639,2,3,0,1.5143778853946261,0,12,0,1.5735642910003662,0,17,0,1.5074856281280518,0,20
241,0.2721972128705239,0.8611146807670593,2,3,0,1.336748719215393,0,11,0,1.3265812873840332,0,16,0,1.2611108124256134,0,20
242,0.24050026307127656,1.0103942553202312,2,3,0,1.3436304463280573,0,12,0,1.2489522218704223,0,17,0,1.2061010996500652,0,20
243,5.933560162818472,0.5324363311131796,2,3,17.96037514897182,0.5736599472852854,2,16,0,1.1045370697975159,0,20
244,10.387520580444512,0.6656104723612467,2,3,6.815959617337695,0.7101920048395792,2,6,0,1.1675666245547207,0,17,0,1.2387518485387166,0,20
245,0.1086410696794221,0.9911512931187948,2,3,0,1.4006273597478867,0,11,0,1.4554590980211894,0,17,0,1.3676416476567586,0,20
246,0,0.8214614490667979,0,3,0,1.1007340749104817,0,9,0,1.0252560485493054,0,20
247,0,0.9811360836029053,0,3,0,1.2025526762008667,0,9,0,0.993537881157615,0,20
248,0,0.7932617465655009,0,3,0,1.0005659103393554,0,8,0,0.9611889521280924,0,11,0,1.0304908156394958,0,17,0,1.0968075195948284,0,20
249,0,1.0548195838928223,0,3,0,1.2871214151382446,0,9,0,1.0043815266002307,0,20
250,44.88720087626192,0.18341195831696191,2,18,63.83046400414851,0.21062989036242166,2,21,149.52755223328185,0.14642983887876784,2,35
251,35.91666569247607,1.069054058619908,2,7,0,1.0801018714904784,0,17,0,1.3248716592788696,0,20
252,24.474914982278676,0.5428706377744674,2,20
253,14.578851418479353,0.4905301382144292,2,6,0,1.168637990951538,0,9,0,1.1576242744922638,0,17,0,1.2121556202570598,0,20
254,22.463598163848037,0.29577946476638317,2,16,0,1.0871535241603851,0,20
255,0,1.0291927854220073,0,3,0,1.2650975942611695,0,8,0,1.176538477341334,0,20
256,12.866762793355218,1.0722586909929912,2,6,85.34908414129845,0.1370886042714119,2,10,130.59915215059954,0.06503596666612123,2,29
257,0,0.7101111809412638,0,3,0,0.8162399530410767,0,8,0,0.7878906726837158,0,20
258,17.080997340967393,1.1797476768493653,2,10,0,1.0042687773704528,0,20
259,19.346211912381268,0.9295974671840668,2,4,0,1.0985027551651,0,17,0,1.250288724899292,0,20
260,14.340496111884526,0.755420371890068,2,4,0,1.3340037694344153,0,17,0,1.4854602018992107,0,20
261,0,0.749448299407959,0,3,0,0.8425443371136984,0,9,0,0.8335702852769331,0,20
262,0,0.9333752791086832,0,3,0,1.2065821170806885,0,8,0,1.2172986567020416,0,20
263,15.83968313609574,0.5028735995292664,2,3,0,0.9502657916810777,0,12,0,0.9133006632328033,0,16,0,0.8703234493732452,0,20
264,16.711323941682227,1.1791308720906575,2,3,0,1.5264978011449177,0,6,0,1.5625428503209895,0,17,0,1.418865442276001,0,20
265,73.07977853534646,0.3351357225328684,2,24
266,29.944539416720005,0.9812857508659363,2,18,43.137351996606164,0.7138346582651138,2,22,99.35893103568385,0.1976439893245697,2,37
267,107.47970181693756,0.46881819764773053,2,3,0,1.360403021176656,0,12,0,1.4372457981109619,0,17,0,1.453331470489502,0,20
268,50.40398326388023,0.33435289727316964,2,9,0,0.8984600702921549,0,12,0,0.8100682020187377,0,17,0,1.0089816649754841,0,20
269,0,0.6428328156471252,0,3,0,0.6525053083896637,0,9,0,0.6325617866082625,0,20
270,18.14204823719354,0.5478207468986511,2,9,24.79126550567944,0.5496118545532227,2,14,41.081975528617555,0.5344628597560682,2,33
271,34.88301688429054,0.6243892128650959,2,13,0,0.9736753872462681,0,20
272,22.91606709965107,0.20078089833259583,2,3,37.917975647954705,0.19309118151664734,2,28
273,0,0.6914889017740885,0,3,0,0.8065502047538757,0,9,0,0.838025076822801,0,20
274,0,0.8708898822466532,0,3,0,1.1556931535402934,0,9,0,1.1193578459999778,0,20
275,28.761820355221463,0.1634986334376865,2,9,0,1.023067792256673,0,12,0,0.9121762990951539,0,17,0,1.0930485725402832,0,20
276,6.794882411049256,0.9520953297615051,2,4,0,1.2228297820458045,0,17,0,1.4154777526855469,0,20
277,11.35030929427427,1.099316567182541,2,4,0,1.0846247397936308,0,17,0,1.206860065460205,0,20
278,5.119510410553424,0.6142508387565613,2,7,0,1.287819242477417,0,12,0,1.1063775777816773,0,17,0,1.2365107536315918,0,20
279,26.153432084761032,0.6571476608514786,2,20
280,15.005384209066158,0.5869836449623108,2,5,0,1.4482603243419103,0,12,0,1.503389835357666,0,17,0,1.5508968830108643,0,20
281,22.379726116579764,1.326022704442342,2,3,207.29445566893995,1.8990066528320313,3,8,377.3803699917188,1.9045710861682892,3,20,276.4220221322268,1.8575772179497614,2,38,184.98380687559356,0.7514795235225132,2,45
282,0,1.0309956669807434,0,3,0,1.2499289751052856,0,8,0,1.105499843756358,0,20
283,0,0.9491322835286459,0,3,0,1.1079802513122559,0,9,0,1.0290780609304255,0,20
284,0,0.7452042500178019,0,3,0,0.8729609052340189,0,9,0,0.8779499097303911,0,20
285,0,0.6517691016197205,0,3,0,0.738773022379194,0,10,0,0.736374169588089,0,20
286,0,0.9854147036870321,0,3,0,1.2601247072219848,0,8,0,1.2979672451814015,0,20
287,25.648641329744095,0.34285320043563844,2,5,0,1.0094651132822037,0,13,0,1.1473697821299236,0,16,0,1.224313199520111,0,20
288,52.871146795043096,0.15515678624312082,2,21
289,16.8356630037608,0.688549796740214,2,3,0,1.1839183171590169,0,6,0,1.2106155482205478,0,17,0,1.2045185565948486,0,20
290,8.703907086608897,0.7904684874746535,2,9,3.2902040928529845,1.235699971516927,2,18,216.562439759538,0.1980393659323454,2,42,18.577010990113184,0.6745555718739827,2,57
291,17.569197716593735,0.9517186880111694,2,3,0,1.3287848631540935,0,6,0,1.2933741211891174,0,12,0,1.157444167137146,0,17,0,1.2026340166727703,0,20
292,14.093315087504132,0.8954792320728302,2,4,0,1.454227245770968,0,17,0,1.5762519836425781,0,20
293,19.216778097793405,0.5573751245226178,2,7,0,1.1658179879188537,0,17,0,1.2524354457855225,0,20
294,21.394898254063765,1.406006097793579,2,5,0,1.2393523156642914,0,17,0,1.4883238871892293,0,20
295,0.16187441402306785,0.7809501886367798,2,3,0,1.2665683031082153,0,11,0,1.3002241253852844,0,17,0,1.2179711262385051,0,20
296,15.858715218055876,1.0961842238903046,2,4,0,1.3979221284389496,0,12,0,1.4328157663345338,0,17,0,1.4767995675404866,0,20
297,117.85850394953019,0.28049461949955334,2,11,72.78507730266358,0.34513882795969647,2,14,0,0.8429152170817057,0,20
298,0,0.7776282827059428,0,3,0,0.8823148012161255,0,9,0,0.8609010197899558,0,20
299,52.33338767474161,0.18468312256866032,2,9,69.65777765650817,0.1460444056070768,2,35,35.28225389120635,0.15789700547854105,2,38,16.405977799926134,0.3510519564151764,2,41
300,26.865867210481294,0.6539108395576477,2,5,0,1.3529939750830333,0,17,0,1.5271902481714885,0,20
301,22.799769472469233,0.7428007807050433,2,7,0,1.0785096089045207,0,10,0,1.1247094018118722,0,17,0,1.2283647060394287,0,20
302,18.245309240251473,1.413289155278887,2,7,0,1.0605076551437378,0,17,0,1.3095130523045857,0,20
303,7.964006213799297,0.668106734752655,2,3,0,1.2714399546384811,0,11,0,1.4029715657234192,0,17,0,1.3508463303248088,0,20
304,0,0.86461474498113,0,3,0,1.1433682640393574,0,9,0,1.1000106483697891,0,17,0,1.2068376938501995,0,20
305,28.197892528479123,0.4539634684721629,2,3,0,1.5607978105545044,0,6,0,1.5470742420716719,0,17,0,1.4623924891153972,0,20
306,24.767427010352158,0.6809338569641114,2,5,0,1.3158265550931294,0,17,0,1.4484051863352458,0,20
307,0,0.7850529551506042,0,3,0,0.994947095712026,0,9,0,0.962353453040123,0,17,0,1.0576846202214558,0,20
308,12.19455075617497,0.45642030735810596,2,6,0,1.2244790467348965,0,17,0,1.3583240509033203,0,20
309,22.98376265018289,1.4647916356722515,2,6,0,1.0465520109449113,0,13,0,1.2439326345920563,0,17,0,1.3611971537272136,0,20
310,0,0.9083938002586365,0,3,0,1.1877324819564818,0,8,0,1.0869815482033625,0,17,0,1.2222282886505127,0,20
311,28.74231624286251,0.7232663432757059,2,3,0,1.2217220862706502,0,6,0,1.3903842514211482,0,17,0,1.3482470115025837,0,20
312,0.15180643777762032,0.7520008285840353,2,3,0,1.5807609823015,0,12,0,1.502214741706848,0,17,0,1.3941161235173543,0,20
313,0,0.8565796415011088,0,3,0,1.1118233799934387,0,9,0,1.087573073127053,0,20
314,0,0.7326820691426595,0,3,0,0.8025989532470703,0,10,0,0.8447186172008514,0,20
315,0,0.8920347491900126,0,3,0,1.1940004110336304,0,8,0,1.043610950311025,0,20
316,15.692788261336393,0.6011004507541656,2,20
317,0.08506803024597065,0.7623382012049357,2,3,0,1.2928180904949413,0,20
318,35.18688821011928,0.5498967441645536,2,22,3.116739530249055,1.4806666771570842,2,28,2.1688303978943657,1.54903244972229,2,32,44.773827566912885,0.8813755710919698,2,35
319,17.813095962630296,0.4681711316108704,2,10,0,1.027174433072408,0,13,0,0.7933650314807892,0,17,0,1.017710288365682,0,20
320,0,0.733400305112203,0,3,0,0.8042141880307879,0,10,0,0.8410334050655365,0,20
321,0.3626048919459103,0.6182518204053243,2,3,0,1.3250744819641114,0,8,0,1.3779933353265126,0,20
322,0,0.6737176378568014,0,3,0,0.7040438254674276,0,9,0,0.711072401566939,0,20
323,0,0.8111527363459269,0,3,0,0.9778388738632202,0,10,0,1.0118710279464722,0,20
324,0,1.052030364672343,0,3,0,1.150269865989685,0,10,0,0.9731496691703796,0,20
325,17.19790301407024,0.2765741478651762,2,8,0,1.1644039418962266,0,17,0,1.3478190898895264,0,20
326,11.875002713539882,0.9253885895013809,2,8,0,1.2361032664775848,0,12,0,1.2124905347824098,0,17,0,1.3158442576726277,0,20
327,34.873441150345926,0.16057779639959335,2,4,17.070307812409606,0.13577955961227417,2,7,39.20072052167828,0.12721263107500577,2,26
328,0,0.7524319092432658,0,3,0,0.8335308517728534,0,10,0,0.8679212689399719,0,20
329,12.484426788217242,0.6308203935623169,2,15,0,1.1102355480194093,0,20
330,32.51072002985217,0.42190708385573494,2,9,49.305026370416336,0.5043273270130157,2,17,11.726828880882602,0.5418121417363485,2,20,43.94076371370691,0.5049955233931541,2,40
331,0,0.8692010243733724,0,3,0,1.1541374325752258,0,9,0,1.1074434965848923,0,17,0,1.2053414185841878,0,20
332,7.46476053851227,0.7846699804067612,2,8,0,0.9432229995727539,0,11,0,0.8926835656166077,0,17,0,1.0540257692337036,0,20
333,9.163836239666374,0.4969648942351341,2,8,202.23178534331336,0.1438912550608317,2,29,18.88247473497248,0.46660715341567993,2,32,31.617150213715,0.36560407280921936,2,36
334,0.05210656938636819,0.9554959932963053,2,3,0,1.2032837602827284,0,12,0,1.2781992852687836,0,20
335,31.17576583261759,0.36765408019224805,2,6,0,1.1377451419830322,0,10,0,1.1772846324103219,0,17,0,1.3187202215194702,0,20
336,35.35491906870127,0.7679510050349765,2,9,25.95047630267781,0.8317043610981533,2,30
337,0,1.0182818174362183,0,3,0,1.242723774909973,0,8,0,1.083510508139928,0,20
338,0,0.901327927907308,0,3,0,1.1913573741912842,0,8,0,1.1407634417215984,0,11,0,1.157869319121043,0,17,0,1.2484606901804607,0,20
339,19.630104316317006,0.7468410219464984,2,14,0,0.67327348391215,0,20
340,15.723849781065063,1.1911395523283217,2,9,0,1.1061941782633464,0,12,0,1.0217975854873658,0,17,0,1.1662263075510662,0,20
341,11.223442676987109,0.9465380651610238,2,14,16.69767529977891,0.9419657786687216,2,17,0,1.0607316096623738,0,20
342,0.3794206761269064,1.1435350974400837,2,3,0,1.4358549912770588,0,12,0,1.4276117086410522,0,17,0,1.4304588635762532,0,20
343,0,1.0233813325564067,0,3,0,1.266144585609436,0,8,0,1.1903148392836254,0,20
344,16.782504182006203,0.3386423587799072,2,4,0,1.4823254530246441,0,17,0,1.3909084399541218,0,20
345,42.21730310964767,0.834157274166743,2,30,67.87116279256142,1.3454364091157913,2,38
346,0.10804712736070496,0.7379190921783447,2,3,0,1.3735512759950426,0,12,0,1.4118605136871338,0,17,0,1.2972373167673747,0,20
347,16.43110048974081,0.9123797714710236,2,4,0,1.193978685599107,0,17,0,1.2865763107935588,0,20
348,0,1.089278797308604,0,3,0,1.255407656942095,0,10,0,1.044158899784088,0,20
349,12.706055203316605,1.1588434072641225,2,13,0,0.9371724639620099,0,20
350,8.374148183975713,1.0084404051303864,2,4,0,1.179567107787499,0,17,0,1.286875049273173,0,20
351,17.378641511433237,0.4810951133569082,2,15,0,0.9494566917419434,0,20
352,22.286880427958106,0.6527568399906158,2,4,0,1.1264931422013502,0,17,0,1.2005671262741089,0,20
353,28.134118996455808,1.1288185781902738,2,9,0,0.8624030947685242,0,20
354,56.76295304023263,0.3739506959915161,2,15,0,1.078107738494873,0,20
355,20.789759520191204,0.8083815617220742,2,14,89.11828250693905,0.2804650217294693,2,20
356,34.80168416974208,0.38785270707947866,2,7,0,1.1497788031895955,0,10,0,1.0858831916536604,0,17,0,1.1710277398427327,0,20
357,171.83725524120217,0.0586344681002877,2,22
358,0,0.8949432174364725,0,3,0,1.222560167312622,0,8,0,1.10811847448349,0,20
359,0.26810833450412613,0.9399465719858805,2,3,0,1.4805324607425265,0,12,0,1.524484920501709,0,17,0,1.449263294537862,0,20
360,0.10488994871071153,0.7038910388946533,2,3,0,1.3544257084528606,0,12,0,1.3062341213226318,0,20
361,18.69594291759004,0.9607212032590594,2,21
362,20.676401132154556,0.2844872278246013,2,22
363,15.195695371965948,1.2787718415260314,2,10,19.60648161738353,1.4961817047812722,2,21
364,19.837831658051673,0.7064893245697021,2,13,0,0.9115415016810099,0,16,0,0.9802915453910828,0,20
365,17.872367920283775,0.5554141253232956,2,4,0,1.4596676551378691,0,17,0,1.6065057516098022,0,20
366,8.216130678219995,1.4744953910509746,2,12,0,0.9880895167589188,0,20
367,15.55847122880094,1.0132461190223694,2,4,0,1.2870072676585271,0,17,0,1.5002965529759724,0,20
368,12.41423543664416,0.7008158043026924,2,8,0,1.2079685628414154,0,12,0,1.2244566440582276,0,17,0,1.3457161982854207,0,20
369,17.278292687840093,0.9936515887578329,2,3,0,1.5658376514911652,0,11,0,1.5724924405415852,0,17,0,1.439788858095805,0,20
370,11.670010142030769,0.5383896061352321,2,7,0,0.9588892857233683,0,10,0,0.9506555965968541,0,17,0,1.04809574286143,0,20
371,17.69732328292088,1.0481292009353638,2,11,0,0.5340278844038645,0,14,0,0.3837161958217621,0,17,0,0.4575941463311513,0,20
372,16.398704381330187,0.4329826732476552,2,9,0,1.0576446851094563,0,12,0,0.9714655876159668,0,17,0,1.1369439760843914,0,20
373,0,0.7938750982284546,0,3,0,0.9313863686152867,0,10,0,0.9419361710548401,0,20
374,0,0.7162001927693685,0,3,0,0.8605727752049764,0,9,0,0.7997004389762878,0,20
375,31.348417315649673,0.4864497482776642,2,19,42.542353021215455,0.5029997080564499,2,27
376,0,0.9587984482447306,0,3,0,1.1334213018417358,0,9,0,1.0660786479711533,0,17,0,1.1218223174413045,0,20
377,0,0.8780247767766317,0,3,0,1.153563380241394,0,8,0,1.026925524075826,0,11,0,1.0584047436714172,0,17,0,1.1786370277404785,0,20
378,0,0.9178238113721212,0,3,0,1.1241563081741333,0,8,0,1.0923083225886028,0,20
379,16.37889185422964,1.1096020817756653,2,10,0,1.0501874327659606,0,20
380,12.128321291848822,1.0528352657953899,2,6,0,1.0760043534365566,0,17,0,1.3372917572657268,0,20
381,15.411566331196495,0.9857681194941202,2,3,0,1.2665803829828899,0,6,0,1.3139196236928303,0,12,0,1.2884341478347778,0,17,0,1.2739891211191814,0,20
382,0.052994066895324474,0.9147326548894247,2,3,0,1.0226281616422865,0,12,0,1.0911332368850708,0,20
383,0.35769315237346744,0.852273146311442,2,3,0,1.574634462594986,0,11,0,1.5407522916793823,0,17,0,1.5279258489608765,0,20
384,13.165821461966372,1.0566518306732178,2,4,0,1.5606622397899628,0,12,0,1.608217716217041,0,17,0,1.5644209384918213,0,20
385,26.558889049803103,0.9668320417404175,2,5,0,0.9446019728978475,0,17,0,1.3175141016642253,0,20
386,0.1381741477909158,0.6753696302572886,2,3,0,0.9510218185537002,0,20
387,0.10637167651830351,0.5968816578388214,2,3,0,0.9412319519940544,0,20
388,0.11566898500538161,0.8758463064829508,2,3,0,1.3189296457502577,0,12,0,1.3368441343307496,0,17,0,1.3031453688939412,0,20
389,0,1.0274471839269002,0,3,0,1.221251408259074,0,9,0,1.100310131907463,0,17,0,1.117549220720927,0,20
390,0,0.7703853845596313,0,3,0,0.9044108192125956,0,9,0,0.9225613095543601,0,20
391,35.28576392964733,0.6035546362400055,2,24
392,30.944101473617046,1.4679702877998353,2,10,0,1.1466968417167664,0,20
393,0,0.8430029153823853,0,3,0,0.9622164567311605,0,9,0,0.8807277950373563,0,20
394,40.55764067473185,0.2106161843985319,2,8,66.71114961822695,0.20482837036252022,2,12,120.54821272699408,0.20341045558452606,2,27
395,0,1.008949836095174,0,3,0,1.234435486793518,0,8,0,1.1068926519817777,0,17,0,1.155018925666809,0,20
396,16.811005339836125,0.6664538741111755,2,10,0,0.8945092558860779,0,14,0,0.7833832105000814,0,17,0,0.973005215326945,0,20
397,0.3667612357063645,0.9127536217371622,2,3,0,1.305337518453598,0,11,0,1.3052641948064168,0,17,0,1.274841547012329,0,20
398,4.171769839699636,0.8434561491012573,2,3,0,1.171943849987454,0,12,0,1.114799901843071,0,20
399,70.57305729497287,0.13981029225720298,2,9,0,1.077728311220805,0,12,0,0.981716513633728,0,17,0,1.1810474793116252,0,20
400,0,0.8384463389714559,0,3,0,1.1038705507914226,0,9,0,1.0635344115170566,0,20
401,58.1824515550734,0.08439953944512776,2,28,5.343502343893141,0.27352847655614215,2,31
402,0,1.0420128504435222,0,3,0,1.3105024814605712,0,8,0,1.2950095733006795,0,17,0,1.3582733869552612,0,20
403,29.3134304648079,0.9738796353340149,2,4,0,1.3176147242387135,0,16,0,1.5229055285453796,0,20
404,23.83940253726317,0.38231731255849205,2,15,335.56389149620264,0.3614812028758666,2,32,66.6698668847812,1.5031684239705403,2,35,29.48417276335652,1.5946030735969543,2,45
405,17.199121895451217,0.8494271798567339,2,11,0,0.7646745244661967,0,14,0,0.6672140757242838,0,17,0,0.849409262339274,0,20
406,11.14703790856052,0.8623848557472229,2,8,79.32474527106153,0.7259652256965637,2,18,38.87211435235039,0.5883812010288239,2,30
407,28.53894165358314,0.7138441205024719,2,17,0,1.0706726710001628,0,20
408,17.21203633004156,1.0067185560862224,2,9,0,0.9477865695953369,0,12,0,0.9164541244506836,0,17,0,1.116003155708313,0,20
409,16.167678643987863,0.31685543805360794,2,4,0,1.2913842466142442,0,13,0,1.2940649092197418,0,17,0,1.319626808166504,0,20
410,15.074316067773651,0.980801522731781,2,6,0,1.0482918999411843,0,17,0,1.1839288870493572,0,20
411,0.21701651093646807,0.9857608079910278,2,3,0,1.4810222387313843,0,12,0,1.5070161819458008,0,17,0,1.4579650561014812,0,20
412,18.931854349665578,0.4438903331756592,2,7,0,1.2399420738220215,0,10,0,1.3101938622338432,0,17,0,1.374627669652303,0,20
413,0.39591888874193726,0.8046833872795105,2,3,0,1.574089037047492,0,12,0,1.4714330911636353,0,17,0,1.494545539220174,0,20
414,0.5644491490142368,1.0871829986572266,2,3,0,1.5408702066966466,0,10,0,1.4567972081048148,0,17,0,1.4155295292536418,0,20
415,26.37761237415049,0.38981179396311444,2,3,49.38821433577579,0.24590917179981867,2,9,0,1.1687105496724446,0,12,0,1.0343403100967408,0,17,0,1.2817972501118977,0,20
416,0.0498681921043491,0.6272774040699005,2,3,0,0.9421312093734742,0,13,0,1.0219348967075348,0,17,0,0.8977917830149332,0,20
417,15.58766597235368,0.3785010530398442,2,13,8.869877467668726,0.6042045950889587,2,16,4.788165413456396,0.8113944927851359,2,19,78.22317518542731,0.3578043404747458,2,36,9.253551254159506,0.7087550560633341,2,39
418,13.132535233066866,0.549568486213684,2,5,0,0.848675012588501,0,8,0,0.7725565897093879,0,17,0,0.877636194229126,0,20
419,20.221986580419106,1.1580125615000725,2,16,0,1.0448110103607178,0,20
420,17.574230779644765,0.09918127954006195,2,6,0,1.0089183151721954,0,10,0,0.9521196910313198,0,17,0,1.0161826213200886,0,20
421,3.410476793741214,1.5177921851476033,2,3,0,1.6587011284298367,0,12,0,1.6118181228637696,0,17,0,1.5482301712036133,0,20
422,16.96164406538245,0.9404626403536115,2,14,0,0.6380559355020523,0,20
423,17.957666448779495,0.8922174572944641,2,4,0,1.1938365697860718,0,12,0,1.1903884649276733,0,17,0,1.2850816249847412,0,20
424,73.879668963852,0.18978094160556794,2,15,4.458486011567671,0.9782668501138687,2,23,6.204850184968168,0.8741044402122498,2,31,20.202538847587956,0.4692937910556793,2,36,50.31799092604482,0.26991194672882557,2,68
425,25.03571347977731,0.5484374314546585,2,8,0,1.1684958934783936,0,11,0,1.1551957726478577,0,17,0,1.3185965220133464,0,20
426,25.380544645659104,0.7119899868965149,2,5,61.515350658559704,0.2558932403723399,2,8,108.82120582713631,0.19036447836293113,2,17,0,1.3882631063461304,0,20
427,0,0.7386374672253927,0,3,0,0.9216513804027012,0,10,0,0.8815055608749389,0,20
428,23.962246369407655,0.5182571560144424,2,12,0,0.8423638939857483,0,20
429,16.154927050845707,0.21323318282763162,2,6,0,1.265282316641374,0,17,0,1.40135391553243,0,20
430,56.77534998791204,0.22271139025688172,2,10,0,1.062935435771942,0,20
431,0.3316916575103887,1.0188031991322835,2,3,0,1.4153059720993042,0,17,0,1.359128713607788,0,20
432,0.2015543514866075,0.9237868388493856,2,3,0,1.491025984287262,0,17,0,1.4279099305470784,0,20
433,11.315628842661086,0.5060623897158582,2,23,89.23992137749406,0.4408399760723114,2,26,401.1370457625999,0.39059312428746906,2,33
434,19.792290228328564,0.4942119036402021,2,7,347.2463836655441,0.12898066639900208,2,10,0,0.7882293633052281,0,17,0,0.8276734153429667,0,20
435,13.616580936763143,0.743461032708486,2,6,0,1.2613359689712524,0,10,0,1.3378050838197981,0,17,0,1.4299314419428508,0,20
436,0,0.7210991581281027,0,3,0,0.9062074820200602,0,9,0,0.8804062496532093,0,20
437,37.500479144672575,0.25244197497765225,2,12,0,0.8484971076250076,0,20
438,0,0.9529818296432495,0,3,0,1.1728492776552837,0,9,0,1.0626218616962433,0,17,0,1.0435483853022258,0,20
439,0,1.0147483547528584,0,3,0,1.273327898979187,0,8,0,1.197941740353902,0,20
440,0,0.5967534184455872,0,3,0,0.6420941523143223,0,10,0,0.6346272230148315,0,20
441,0,0.6502040028572083,0,3,0,0.7281921250479562,0,10,0,0.7476463496685029,0,20
442,0,0.8855783541997274,0,3,0,1.1597567995389302,0,9,0,1.1465376913547516,0,17,0,1.2272624969482422,0,20
443,0,0.9328737258911133,0,3,0,1.2206208109855652,0,9,0,1.1590892672538757,0,17,0,1.2784971793492634,0,20
444,20.883951230579846,0.9344095587730408,2,8,0,0.957002772225274,0,17,0,1.035527269045512,0,20
445,35.42709154875246,0.5405976076920828,2,12,53.28493030435713,0.74946129322052,2,16,0,1.0524716079235077,0,20
446,27.925187329079098,0.5173665092271917,2,17,1.330217649005504,0.5561469197273254,2,20
447,60.808614847208936,0.4595424011349678,2,4,0,0.8231863150229821,0,17,0,1.117910663286845,0,20
448,47.589033419798774,0.3918986916542053,2,6,0,1.1099230448404949,0,9,0,1.2096358984708786,0,17,0,1.3185911178588867,0,20
449,17.691219891291723,0.7545263946056366,2,10,0,0.83796826004982,0,14,0,0.6694846550623575,0,17,0,0.8294812242190043,0,20
450,45.84250709913721,0.06879802327603102,2,16,0,1.1252889931201935,0,20
451,20.64844292488171,0.7287066616117954,2,16,0,1.0571002662181854,0,20
452,15.508078705167934,0.5284988383452097,2,3,0,1.0328767697016399,0,6,0,1.1713390588760375,0,11,0,1.2043099800745647,0,17,0,1.2249537706375122,0,20
453,16.43210177690052,0.7797111347317696,2,8,0,0.8574966192245483,0,17,0,1.0738987525304158,0,20
454,21.066018598057774,0.6285512781143189,2,25
455,19.867854060261426,0.4842018507994138,2,13,0,0.7723051309585571,0,16,0,0.777065247297287,0,20
456,11.018792048614154,1.2825801074504852,2,8,0,0.9986357688903809,0,12,0,0.9088767051696778,0,17,0,1.0935893456141155,0,20
457,125.1258126415509,0.3100852049314059,2,13,0,0.9247112444468907,0,20
458,0,0.8055096864700317,0,3,0,1.0290086269378662,0,8,0,0.9826921621958414,0,20
459,140.63981667559997,0.0918719619512558,2,5,317.8294330537598,0.04076321588622199,2,14,124.17744270297113,0.3066598292854097,2,23
460,0,0.7417638103167216,0,3,0,1.0651866267709171,0,20
461,13.119225879309997,0.6930253803730011,2,4,0,1.3570511043071747,0,12,0,1.2928938567638397,0,16,0,1.2823310792446136,0,20
462,0.11319631591862195,0.8452908198038737,2,3,0,1.078010502983542,0,20
463,23.936355469871575,0.7854462563991547,2,16,0,1.2941758334636688,0,20
464,18.469389954249106,0.5837956411497933,2,7,0,1.284974992275238,0,17,0,1.4844184319178264,0,20
465,22.01460474051014,0.8022236426671346,2,3,0,1.5188838243484497,0,6,0,1.5441163976987202,0,12,0,1.4985998392105102,0,17,0,1.4675484895706177,0,20
466,0,0.8216248750686646,0,3,0,0.9882511893908182,0,9,0,1.0139762921766802,0,20
467,20.98467798023168,0.7881299768175397,2,7,0,1.0763208468755086,0,10,0,1.245858073234558,0,17,0,1.3181622823079426,0,20
468,17.8115179786189,0.9476269142968314,2,7,0,1.0332650343577068,0,10,0,1.0243857417787825,0,17,0,1.1593770186106365,0,20
469,0.19967037413195177,0.7895286083221436,2,3,0,1.4442357591220312,0,17,0,1.3681895732879639,0,20
470,0.2548624359203924,0.813476582368215,2,3,0,1.4059836794348324,0,20
471,0.30060636857678275,0.9989232619603475,2,3,0,1.320695549249649,0,11,0,1.244802991549174,0,17,0,1.0902582009633381,0,20
472,35.74616462919203,0.6641859263181686,2,4,0,1.236452157680805,0,17,0,1.4612572987874348,0,20
473,0,0.9486528237660726,0,3,0,1.1950311422348023,0,8,0,1.21144786145952,0,17,0,1.3061432043711345,0,20
474,0,0.7844182054201762,0,3,0,1.0225578546524048,0,9,0,1.022862586108121,0,20
475,37.467545871559636,0.4922851026058197,2,4,0,1.4427125545648427,0,17,0,1.5890509684880574,0,20
476,24.45210312173483,0.8025080607487605,2,13,0,0.9068626846585955,0,20
477,0,0.7686092058817545,0,3,0,0.870374049459185,0,10,0,0.8886074662208557,0,20
478,27.364480940035403,0.6921376287937164,2,12,0,0.8627632409334183,0,20
479,12.585822119990194,1.039666438102722,2,5,0,1.0516542891661327,0,17,0,1.2286824782689412,0,20
480,49.79016888666422,0.5036081783473492,2,16,69.55460671881808,0.5363460779190063,2,25
481,0,0.9287845691045126,0,3,0,1.1083001613616943,0,8,0,1.0055175224939983,0,20
482,21.12154232889005,0.41413042942682904,2,3,0,1.0947914123535156,0,11,0,1.2131821314493816,0,17,0,1.2162704865137737,0,20
483,41.779954759368685,0.5121365220923173,2,38
484,0.07674173624207963,0.7082886596520742,2,3,0,1.2865872144699098,0,8,0,1.1062160730361938,0,12,0,1.2090624809265136,0,17,0,1.0867989460627239,0,20
485,21.671989064079597,0.8673527320226033,2,15,0,1.0803674459457397,0,20
486,57.00990688787103,0.3213612623512745,2,8,81.91072448910323,0.30228136976559955,2,11,0,0.7069591283798218,0,14,0,0.5374069511890411,0,17,0,0.7292614181836446,0,20
487,0,0.8176610072453817,0,3,0,1.0742020010948181,0,9,0,1.031735593622381,0,20
488,32.4699612584263,0.8614141855921064,2,14,0,0.8768027424812317,0,20
489,122.11724436158221,0.12965270578861238,2,5,324.901127351657,0.05187300592660904,2,27,27.218229512724434,0.6792277296384176,2,30,95.9257104245474,0.6068045496940613,2,33
490,70.6135905558454,0.35377173338617596,2,14,0,1.0115233858426411,0,20
491,27.23905201132184,0.24698170026143393,2,3,0,1.4387012805257524,0,17,0,1.4180382092793782,0,20
492,0,0.8255231976509094,0,3,0,1.0703457117080688,0,8,0,0.9858185847600301,0,11,0,1.0016234914461772,0,17,0,1.0778038501739502,0,20
493,0,0.7807690699895223,0,3,0,1.016044795513153,0,9,0,1.016109986738725,0,20
494,9.673953336184036,1.154732386271159,2,3,4.943931181694351,1.0478568928582328,2,10,4.243474956316921,0.8143063664436341,2,20,84.9708580729795,0.22416806299435466,2,39,200.13330194267655,0.11467693249384563,2,42,95.34575743352404,0.1948225994904836,2,45,351.22307550979804,0.09542636374632517,2,60,431.54760336712764,0.0563053312626752,2,71
495,0,0.9007114966710409,0,3,0,1.1986859560012817,0,8,0,1.0690549612045288,0,11,0,1.099407951037089,0,17,0,1.2283134857813518,0,20
496,0,0.7832246621449789,0,3,0,0.9863766431808472,0,9,0,0.9817618727684021,0,17,0,1.0706234375635784,0,20
497,12.136262400277715,0.39754124730825424,2,4,0.09153404624166422,0.6329421599706014,2,7,0,0.9385753075281779,0,10,0,0.9970355033874512,0,17,0,1.0977498292922974,0,20
498,0,0.7084908882776896,0,3,0,0.8257193764050802,0,9,0,0.8183356957002119,0,20
499,27.670768324661584,0.9188585172999989,2,11,0,0.6935450434684753,0,14,0,0.6305646896362305,0,17,0,0.7699387272198995,0,20
500,27.019274636620317,0.884060263633728,2,3,0,1.2369620005289714,0,6,0,1.391360412944447,0,17,0,1.3646217187245686,0,20
501,30.72083363329458,1.0285864273707073,2,12,127.79118922787298,0.5181448539098104,2,27,427.72620854615116,0.30716076493263245,2,31,54.05876506732578,1.283651053905487,2,41
502,27.958764380764602,1.120091289281845,2,4,0,1.2408433258533478,0,12,0,1.1500651597976685,0,17,0,1.1524014870325725,0,20
503,20.841320472357104,0.2922307774424553,2,12,0,0.8103425651788712,0,20
504,20.840224982441207,0.9858867526054382,2,8,0,1.0926176607608795,0,12,0,1.144608974456787,0,17,0,1.3359851042429607,0,20
505,37.276791541022604,0.5593502651090208,2,23
506,109.3340559702264,0.6884209173066276,2,14,0,0.9032337864240011,0,20
507,15.966234951057876,0.2469484768807888,2,4,0,1.136078687814566,0,17,0,1.234376033147176,0,20
508,24.21482993587613,1.0753716627756755,2,6,0,1.4038935141129927,0,17,0,1.5965489943822224,0,20
509,17.596903449640035,0.6222794353961945,2,6,0,1.2821452075784856,0,17,0,1.423859715461731,0,20
510,27.209661487952527,0.5732162773609162,2,10,0,0.8822326489857265,0,17,0,1.0294094483057659,0,20
511,15.031370908548913,1.0975654363632201,2,5,0,0.9288614491621653,0,17,0,1.0918121735254924,0,20
512,19.282970108746248,0.4977048249805675,2,17,0.745435410487266,0.5559234221776327,2,20
513,39.61476807168155,1.5796799262364705,2,3,0,1.532410979270935,0,6,0,1.56921217658303,0,17,0,1.57585342725118,0,20
514,15.367826641714622,0.6112068125179836,2,7,0,0.8365588982899984,0,10,0,0.8040007182529995,0,17,0,0.9413123528162638,0,20
515,20.1994308189201,1.259039316858564,2,7,0,1.1765182852745055,0,17,0,1.424324870109558,0,20
516,44.03062505739599,0.510768324136734,2,11,0,1.0214305188920763,0,20
517,29.50470319212981,0.7515936195850372,2,4,0,1.0249147965357854,0,17,0,1.125072717666626,0,20
518,7.108936483468101,1.114602526028951,2,3,0,1.3629027605056763,0,6,0,1.3128809332847595,0,12,0,1.2706409692764282,0,17,0,1.3039524555206299,0,20
519,0,0.87708048025767,0,3,0,1.1183162927627563,0,9,0,1.1172927469015121,0,17,0,1.207107702891032,0,20
520,7.238136848656336,1.1114370822906494,2,3,4.448340249179853,1.0939518411954243,2,9,1.6910019242565832,0.9472028315067291,2,13,45.94871526381216,0.7782250046730042,2,20,34.50714411735277,0.8186822864744399,2,29
521,6.710316224568641,0.6895291407903036,2,3,3.4906723007340834,0.9594461917877197,2,8,39.14601401096178,0.37545118232568103,2,20,19.20868538881499,1.3424511909484864,2,25
522,38.13978216658615,1.1835020780563354,2,9,0,0.9172418009151112,0,20
523,26.45905211433723,0.8148044109344482,2,5,0,1.0718075037002563,0,8,0,1.1852930519315932,0,17,0,1.3706557750701904,0,20
524,0,0.6613444685935974,0,3,0,0.6932368533951896,0,10,0,0.6909651517868042,0,20
525,0.0325960337410403,0.9260747830073038,2,3,0,1.3698780326282276,0,20
526,0.3478611720945765,0.9327747027079264,2,3,0,1.6241036994116647,0,10,0,1.6103613206318446,0,17,0,1.5291190544764202,0,20
527,0,0.9082163373629252,0,3,0,1.213801908493042,0,8,0,1.0980859994888306,0,11,0,1.1253767013549805,0,17,0,1.2490734656651814,0,20
528,7.906065436278106,0.6268796920776367,2,3,0,1.3639797899458144,0,12,0,1.3690529823303224,0,17,0,1.3400141795476277,0,20
529,0,0.77021324634552,0,3,0,0.9120969573656718,0,9,0,0.8900360316038132,0,17,0,0.9983727137247721,0,20
530,0,0.6428328156471252,0,3,0,0.6525053083896637,0,9,0,0.6325617866082625,0,20
531,11.205359914654023,1.019048660993576,2,4,0,1.0363888557140644,0,17,0,1.1895921627680461,0,20
532,27.013189194226793,0.7708509990147182,2,7,0,1.2497782468795777,0,17,0,1.4922317266464233,0,20
533,0,0.7959430813789368,0,3,0,0.9138055443763733,0,9,0,0.8470329913226041,0,20
534,8.662330530862507,0.32131777703762054,2,8,0,1.195824295282364,0,12,0,1.052442491054535,0,16,0,1.205240160226822,0,20
535,24.8920864852706,1.0504465699195862,2,4,0,1.1157620686751146,0,17,0,1.2543239990870159,0,20
536,35.84286438141687,0.6684626638889313,2,4,0,1.1746832499137292,0,17,0,1.2689820528030396,0,20
537,19.987519398850324,0.78792604804039,2,4,0,1.3532155110285833,0,17,0,1.5548731486002605,0,20
538,31.451467905733995,0.42727508544921877,2,5,0,1.1026759147644043,0,8,0,1.1778932412465413,0,17,0,1.3006391525268555,0,20
539,0.08901651743067725,0.7389469941457113,2,3,0,1.3587703634710873,0,20
540,0.2421211490405331,0.95064910252889,2,3,0,1.4534189850091934,0,11,0,1.4345486958821614,0,17,0,1.2691100041071575,0,20
541,58.30931651845014,1.2165549099445343,2,8,42.528124992099805,0.9747216701507568,2,14,24.6623745003464,0.8945205609003702,2,17,0,1.4041877190272014,0,20
542,15.135588172831879,0.8646006864659926,2,17,10.68359493539601,0.9074707925319672,2,21,2.7369839499326387,0.9421202659606933,2,26,17.63055111710751,0.8004041910171509,2,36,1.351385843298315,0.7660604119300842,2,40,18.436544177459705,0.6908228099346161,2,46,0.9667796430368163,0.9803939819335937,2,51,183.92198927158825,1.1118507385253906,2,54
543,0,0.7787774602572123,0,3,0,0.9361008882522583,0,8,0,0.9553684890270233,0,20
544,191.53946594314468,0.16195805072784425,2,10,0,0.946251630783081,0,20
545,0,0.7908841371536255,0,3,0,0.9942917029062907,0,9,0,1.0696254751899026,0,20
546,38.330486704204944,0.428916335105896,2,3,0,1.2414795955022175,0,6,0,1.2958265217867764,0,17,0,1.2996633450190227,0,20
547,19.79183763148005,0.5305784145991007,2,6,0,1.1711583462628452,0,17,0,1.365809400876363,0,20
548,61.82938643742909,0.3419756696504705,2,17,1.5244173369647667,0.40703479448954266,2,20
549,11.99202345874682,1.1863089799880981,2,5,0,1.334096074104309,0,17,0,1.425032099088033,0,20
550,30.932607540336832,0.7499252101954292,2,51
551,17.18208374378679,0.9351991415023804,2,3,0,1.5818121135234833,0,11,0,1.5623218019803364,0,17,0,1.5283417701721191,0,20
552,15.256999913905059,0.8934083526784723,2,11,0,0.6361599167188009,0,14,0,0.48528437813123065,0,17,0,0.5686913132667542,0,20
553,0.26398733769644145,0.8087165554364523,2,3,0,1.4827736616134644,0,11,0,1.5040438771247864,0,17,0,1.4185033241907756,0,20
554,31.00567072861245,0.9689061045646667,2,4,0,1.4068882018327713,0,12,0,1.512337064743042,0,17,0,1.5727221965789795,0,20
555,0,0.7477178374926249,0,3,0,0.8545876344045004,0,9,0,0.8153402805328369,0,17,0,0.940495491027832,0,20
556,0,0.9102962017059326,0,3,0,1.1904149055480957,0,8,0,1.154504617055257,0,11,0,1.1784534255663555,0,17,0,1.2369118134180705,0,20
557,13.682863154919824,1.4569624066352844,2,6,0,1.3448398871855303,0,17,0,1.5165478785832722,0,20
558,0.33254378648137334,0.8824431697527567,2,3,0,1.3996311277151108,0,11,0,1.3655116558074951,0,17,0,1.3253533840179443,0,20
559,41.521114900008826,0.6873333851496378,2,3,0,1.3515082200368245,0,6,0,1.3733898003896077,0,12,0,1.2822723627090453,0,17,0,1.2859278917312622,0,20
560,16.52487406048506,0.4026259183883667,2,6,0,1.0220817625522614,0,10,0,0.977508408682687,0,17,0,1.0514264901479085,0,20
561,23.767007115933247,1.4732691844304402,2,3,4.947776298824571,1.5170481204986572,2,7,75.56731401389546,0.33453404903411865,2,11,44.959498821172325,0.537204643090566,2,14,0,0.7366100052992502,0,20
562,46.05844338507395,0.8688468535741171,2,3,0,1.370222568511963,0,6,0,1.4232022364934285,0,12,0,1.4159417390823363,0,17,0,1.446738600730896,0,20
563,0.18324613382741275,1.1455438137054443,2,3,0,1.5170278814103868,0,12,0,1.5341482400894164,0,17,0,1.5108602444330852,0,20
564,18.603872141222794,1.0540419220924377,2,14,7.43307022595577,0.8943849007288615,2,17,0,1.1235361099243164,0,20
565,5.38527051743184,0.1948470366852624,2,7,0,1.0424946069717407,0,12,0,0.9239279747009277,0,17,0,1.0427195231119792,0,20
566,0.5705695561870407,0.8583370248476664,2,3,0,1.4283726555960519,0,17,0,1.2854430675506592,0,20
567,12.307005471782421,0.7280983545563438,2,11,0,0.5958460569381714,0,14,0,0.4201950232187907,0,17,0,0.5390095810095469,0,20
568,11.80200171457579,1.720844067633152,2,16,0,0.9521906673908234,0,20
569,16.388374964404417,0.8821698725223541,2,4,0,1.3216423713243926,0,17,0,1.4486645062764485,0,20
570,11.887821995907222,0.641809743642807,2,10,0,0.6004691549709865,0,17,0,0.5823457439740499,0,20
571,23.333292738298237,1.1746224562327068,2,3,0,1.2928429974450006,0,12,0,1.2951547622680664,0,17,0,1.3506219784418743,0,20
572,11.022340913118141,0.6964181264241537,2,3,0,1.2623494863510132,0,6,0,1.2561648686726887,0,12,0,1.269223976135254,0,17,0,1.16660471757253,0,20
573,2.8308002946622532,1.1098776737848917,2,15,37.50802595517144,0.32045173759643847,2,41
574,103.16193883795822,0.27326447516679764,2,4,0,1.111805980022137,0,17,0,1.239882191022237,0,20
575,0.2385304169338549,0.9881226221720377,2,3,0,1.4694842497507732,0,12,0,1.4371498107910157,0,17,0,1.358563780784607,0,20
576,62.54021454563477,0.7464164098103842,2,12,0,1.0200390815734863,0,17,0,1.3804216384887695,0,20
577,0.29485756894727777,1.1475907166798909,2,3,0,1.5573257737689548,0,12,0,1.549057388305664,0,17,0,1.5398670832316081,0,20
578,0.4002564268645238,0.8681208491325378,2,3,0,1.5870605622019087,0,17,0,1.5057906707127888,0,20
579,0,0.7886247237523397,0,3,0,0.9021046672548566,0,10,0,0.8888516664505005,0,20
580,0.08680902862507116,0.8165429631868998,2,3,0,1.226944989628262,0,12,0,1.268827748298645,0,17,0,1.2208852767944336,0,20
581,0,0.9158281882603964,0,3,0,1.2071972846984864,0,8,0,1.126217246055603,0,11,0,1.1534303228060405,0,17,0,1.2622009913126628,0,20
582,0,0.7683902184168497,0,3,0,0.9256762027740478,0,8,0,0.9423513313134512,0,20
583,12.24415272128042,0.819875955581665,2,7,0,1.1152109305063884,0,10,0,1.1255420276096888,0,17,0,1.2282419602076213,0,20
584,15.138691719601518,0.6252137144406636,2,15,0,1.033922255039215,0,20
585,0,1.0956465601921082,0,3,0,1.2408054385866438,0,10,0,1.0038722157478333,0,20
586,0,0.8827197949091593,0,3,0,1.0646645625432332,0,9,0,1.0540438998829236,0,20
587,0,0.9491913318634033,0,3,0,1.1864235162734986,0,8,0,1.1710588269763522,0,17,0,1.249916394551595,0,20
588,0,0.769769012928009,0,3,0,0.8739490338734218,0,10,0,0.8647511720657348,0,20
589,34.00973258431558,1.1463629007339478,2,3,18.881179882793283,1.1358612775802612,2,6,0,1.482780478217385,0,17,0,1.7435868581136067,0,20
590,7.543118316804272,1.0284799337387085,2,3,0,1.5054151349597507,0,12,0,1.482700276374817,0,17,0,1.4457733233769734,0,20
591,16.198013572637343,0.3726405253012975,2,12,0,0.9009903192520141,0,17,0,1.102903127670288,0,20
592,111.00038145780952,0.4174822039074368,2,9,0,1.1684265786951238,0,20
593,16.869398632874,0.45390647474457235,2,17,0.6348412153635637,0.5467644532521566,2,20
594,19.460085963914644,0.31623010673830587,2,31
595,52.442560873797056,0.31488523429090326,2,22
596,26.06016096681304,0.8443386554718018,2,9,0,1.2128047049045563,0,17,0,1.495660662651062,0,20
597,0.02194331391506881,1.053291877110799,2,3,0,1.2851284531986011,0,20
598,26.316271401165544,0.5536517143249512,2,5,0,1.3612157901128132,0,17,0,1.5391950209935505,0,20
599,17.840189487512315,0.5368886481631886,2,11,0,0.9098211129506429,0,14,0,0.7460083365440369,0,17,0,0.9074424902598063,0,20
600,21.768286236356076,0.7018980734488544,2,17,0,1.307929555575053,0,20
601,19.769992325306763,0.942874938249588,2,4,0,1.1298725788409894,0,17,0,1.2627018690109253,0,20
602,17.32886916121796,1.1603055000305176,2,5,0,1.483598232269287,0,17,0,1.7140825589497883,0,20
603,42.45857353043076,0.4016336670943669,2,14,51.71856257717713,0.3315830422299249,2,28
604,33.83408075627277,0.7714703798294067,2,5,0,1.084265371163686,0,17,0,1.4016241629918416,0,20
605,17.532257209348522,0.8473618030548096,2,3,0,1.3977809846401215,0,7,0,1.5739858865737915,0,17,0,1.4927433729171753,0,20
606,13.128565611101635,0.5496851346072029,2,17,0,1.1795026063919067,0,20
607,14.071351863317647,0.6181678516524178,2,14,0,0.9326094488302866,0,20
608,0.050360014060285986,1.1189608971277873,2,3,0,1.3522913315716911,0,20
609,0.2181600764570395,1.0044892231623332,2,3,0,1.5564575062857733,0,12,0,1.5040456771850585,0,17,0,1.4380573431650798,0,20
610,31.284125224383537,0.671569029490153,2,3,0,1.3839269081751506,0,6,0,1.4858974019686382,0,12,0,1.456700611114502,0,17,0,1.4040120045344036,0,20
611,51.45075016104607,0.03135087490081787,2,5,33.065435824269635,0.08867688477039337,2,8,94.27467647980008,0.10523164710577797,2,25
612,17.95902161680115,1.186959703763326,2,3,0,1.1742833852767944,0,6,0,1.3834221796555952,0,17,0,1.3669937054316204,0,20
613,28.11808292308783,0.9473162024251877,2,31,47.35195460872752,0.2592088431119919,2,40
614,20.265006732754433,1.0047049885210784,2,23,114.36355850424656,0.4287351767222087,2,26,184.8692350290814,0.29215415318806964,2,35,80.97552006338807,0.5218045165141424,2,41
615,29.597334808898545,0.7165607325732708,2,16,0,1.0771165490150452,0,20
616,43.649691505825075,0.7092274707906386,2,17,0,1.303051749865214,0,20
617,0,0.6481888890266418,0,3,0,0.7271860497338432,0,10,0,0.7459413170814514,0,20
618,0,0.8198337554931641,0,3,0,1.0667843421300252,0,9,0,0.960587815804915,0,20
619,0,0.7886760632197062,0,3,0,0.9057886123657226,0,8,0,0.8493440647919973,0,20
620,18.791184813071396,1.267900217663158,2,11,0,1.2017940150366888,0,20
621,0,0.652742862701416,0,3,0,0.7339287570544651,0,10,0,0.7511384963989258,0,20
622,0,0.7336485385894775,0,3,0,0.8320964915411813,0,10,0,0.8296139955520629,0,20
623,0,0.8882871468861898,0,3,0,1.1638871431350708,0,8,0,1.1988901396592457,0,20
624,0,0.6668741504351298,0,3,0,0.7337136169274648,0,9,0,0.7326666116714478,0,20
625,26.476219091537754,1.0521415121415083,2,17,0,1.0954597393671672,0,20
626,21.52930819733759,1.1742633879184723,2,4,0,1.3451436391243567,0,17,0,1.4842755397160847,0,20
627,21.3466294739772,0.49026016891002655,2,14,9.879635076577255,0.8225210905075073,2,17,0,1.3840030034383137,0,20
628,0,0.9103894631067911,0,3,0,1.2128769636154175,0,8,0,1.0898350079854329,0,11,0,1.1151037216186523,0,17,0,1.236690362294515,0,20
629,7.8889359965838475,1.042765696843465,2,6,0,0.9850108406760476,0,17,0,1.074540336926778,0,20
630,89.24988340606203,0.022385001182556152,2,11,0,0.8398524324099222,0,14,0,0.7338910102844238,0,17,0,0.9478754202524821,0,20
631,0,0.6602617899576823,0,3,0,0.6917869448661804,0,9,0,0.6669724204323508,0,20
632,12.590975824790254,0.8587643206119537,2,4,0,1.2919952869415283,0,17,0,1.4814784526824951,0,20
633,26.25247541420823,0.5011622262628455,2,19,3.7907999074166576,0.522071490685145,2,22,21.909503102210678,0.47845304757356644,2,26
634,30.634559060551293,0.498873645067215,2,5,61.76622792718144,0.3528755009174347,2,11,33.22679408521036,0.7735556721687317,2,21,188.2039915384916,0.44989275336265566,2,31,69.11569531569708,0.4304431776205699,2,34
635,0.1737895635112789,1.0716771682103474,2,3,0,1.5038683282004461,0,12,0,1.5351306200027466,0,17,0,1.422574520111084,0,20
636,16.781960609444425,1.1212106049060822,2,4,7.999995484610728,1.1134357055028279,2,7,0,1.171257774035136,0,10,0,1.2551984276090349,0,17,0,1.4377866586049397,0,20
637,0,0.8047063748041788,0,3,0,1.0333863099416096,0,9,0,0.9975066510113803,0,20
638,15.302232938867524,0.9222437143325806,2,3,0,1.2478197415669758,0,6,0,1.405601067976518,0,17,0,1.3806431293487549,0,20
639,10.538734535381803,0.9302305777867635,2,3,0,1.1072845856348674,0,6,0,1.2370073470202358,0,17,0,1.246943712234497,0,20
640,21.13376033413218,0.6746356964111329,2,5,0,1.2788081765174866,0,17,0,1.3153730233510335,0,20
641,59.087998075403405,0.15045226886868476,2,20,79.62545164706954,0.2452362266679605,2,32
642,0.2233996405190397,1.1507299741109211,2,3,0,1.4940276145935059,0,12,0,1.5174155950546264,0,17,0,1.510404348373413,0,20
643,36.05630987291532,0.5995018661022187,2,10,0,0.9859960476557413,0,13,0,0.8479179739952087,0,17,0,1.0882067680358887,0,20
644,0.24175118487724429,0.9391191403071085,2,3,0,1.5780224667655096,0,12,0,1.4959524631500245,0,17,0,1.4701237678527832,0,20
645,17.39160235518175,0.4511526922384898,2,3,0,1.2841319110658433,0,12,0,1.1697095155715942,0,17,0,1.2092565695444744,0,20
646,19.252359129086173,0.8255950175225735,2,32
647,32.516641757612895,0.6694790082318443,2,14,46.28989510755179,0.9478056033452352,2,20
648,45.443308162799866,0.36942629143595695,2,32
649,0,0.7376373211542765,0,3,0,0.7814139553478786,0,10,0,0.7970793902873993,0,20
650,0,0.7448041439056396,0,3,0,0.8047614494959513,0,9,0,0.7843646948987787,0,20
651,23.13808979961991,0.6109110593795777,2,5,0,1.0691731472810109,0,17,0,1.1997329791386921,0,20
652,0,0.6907018423080444,0,3,0,0.825851579507192,0,9,0,0.7697635618123141,0,20
653,0.2887514155281193,1.0209269523620605,2,3,0,1.4272533920076158,0,12,0,1.3707407474517823,0,17,0,1.2683627605438232,0,20
654,18.773417600829973,0.2991473504475185,2,7,0,0.7760595480600992,0,10,0,0.629726162978581,0,17,0,0.7373571793238322,0,20
655,28.018869855040826,0.8141215801239013,2,5,0,1.0744896133740742,0,17,0,1.2043293714523315,0,20
656,32.009912589303134,0.9069307744503021,2,4,0,1.2112463861703873,0,12,0,1.2277660846710206,0,17,0,1.281097412109375,0,20
657,0,1.0341809789339702,0,3,0,1.265386128425598,0,8,0,1.1097986201445262,0,20
658,32.02413827237352,1.4628987789154053,2,15,12.65557171329769,1.3013451496760051,2,18,247.08316572668616,0.21111074835062027,2,26,183.41234724208482,0.15220396220684052,2,32
659,0,0.9956295490264893,0,3,0,1.2051230430603028,0,8,0,1.0658733248710632,0,20
660,31.6593506904767,0.7574005789226956,2,9,0,1.1523745854695637,0,12,0,1.1084125995635987,0,17,0,1.3271987438201904,0,20
661,0.17050531119681414,1.1385782559712727,2,3,0,1.4851031965679593,0,12,0,1.5180323600769043,0,17,0,1.4485601584116619,0,20
662,0,0.7939325571060181,0,3,0,1.0114044427871705,0,8,0,0.954916795094808,0,11,0,1.0265401005744934,0,17,0,1.1192989746729534,0,20
663,0.16459796638392737,0.8471815586090088,2,3,0,1.6462176889181137,0,11,0,1.6626580556233723,0,17,0,1.5864020983378093,0,20
664,20.355197424982467,0.5238434970378876,2,4,39.02572655322282,0.43835707096492543,2,21,3.485425617138312,1.0498624801635743,2,26,12.855455435890201,0.9943133890628815,2,30
665,14.760066561245434,1.5192947387695312,2,5,0,1.409388542175293,0,12,0,1.309872817993164,0,17,0,1.2902374664942424,0,20
666,0,0.849988063176473,0,3,0,1.0082911252975464,0,8,0,0.974526435136795,0,20
667,33.856055133502636,1.1498773992061615,2,4,0,1.1998843504832342,0,17,0,1.3718701601028442,0,20
668,19.858473288121264,1.029829353094101,2,4,0,1.4236608376869788,0,17,0,1.4742999871571858,0,20
669,26.496840095679868,0.44601455330848694,2,14,34.48242224038468,0.49644629160563153,2,26
670,12.67980032286041,0.6166976988315582,2,8,0,0.9816941022872925,0,11,0,1.0186508496602376,0,17,0,1.1993858416875203,0,20
671,14.055952200104317,0.3034133357661111,2,7,0,1.1573301553726196,0,10,0,1.2701061793736048,0,17,0,1.3570791482925415,0,20
672,20.879805562627002,0.6497737339564732,2,7,0,1.1977117856343586,0,10,0,1.299258828163147,0,17,0,1.4465957482655842,0,20
673,0,0.9111965894699097,0,3,0,1.209050178527832,0,8,0,1.1048742930094402,0,11,0,1.1248924533526103,0,17,0,1.2409414052963257,0,20
674,8.187279513474019,0.9919812917709351,2,5,0,1.220208661896842,0,12,0,1.2199699401855468,0,17,0,1.301850438117981,0,20
675,0,0.8121178944905599,0,3,0,1.0403823375701904,0,8,0,0.9537468751271566,0,11,0,0.962860107421875,0,17,0,1.0343821446100872,0,20
676,0,0.7247331937154134,0,3,0,0.913880189259847,0,9,0,0.8668375340375033,0,20
677,37.393322056163214,1.0928076207637787,2,4,0,1.2229049847676203,0,17,0,1.435434341430664,0,20
678,31.608020265496712,0.5711029838113224,2,17,0,1.1722224553426106,0,20
679,24.671862175924282,0.5975391715764999,2,8,0,0.8049489259719849,0,16,0,0.9684523642063141,0,20
680,27.962421849659634,0.3749843448400497,2,10,0,0.9326784014701843,0,14,0,0.8047136068344116,0,17,0,0.9877557555834452,0,20
681,0,0.669400135676066,0,3,0,0.7471760255949838,0,10,0,0.7799476444721222,0,20
682,16.03780416390094,1.3285615682601928,2,5,0,1.14244810740153,0,8,0,1.1659043894873724,0,17,0,1.1716049114863079,0,20
683,46.92543696656825,1.0985078811645508,2,4,0,1.4334134321946363,0,17,0,1.4563215573628743,0,20
684,23.9318632940723,0.6427952612147612,2,17,0,1.1463180780410767,0,20
685,64.57431615116325,0.1798694595694542,2,20
686,29.271893098671303,0.6641272050993783,2,7,0,1.2217069029808045,0,17,0,1.4432379007339478,0,20
687,12.979876221340353,0.748015895485878,2,4,0,1.245169080220736,0,17,0,1.2961394389470418,0,20
688,0.3004541700774975,0.9356735547383627,2,3,0,1.3763929605484009,0,11,0,1.3152146736780803,0,17,0,1.2134300867716472,0,20
689,0.2745083745843688,0.8791699608167013,2,3,0,1.431763157248497,0,11,0,1.4112765590349834,0,17,0,1.3229985237121582,0,20
690,32.10886814068391,1.1021599471569061,2,4,0,1.4091769823661218,0,17,0,1.5772394736607869,0,20
691,37.421565767607234,0.8963061571121216,2,12,0,0.6952932675679525,0,15,0,0.7665021657943726,0,20
692,21.108119256437785,0.4110000282526016,2,4,0,0.9264717377149142,0,17,0,0.9711568752924601,0,20
693,14.562843574019562,0.3885868936777115,2,4,0,1.3564480543136597,0,17,0,1.383783181508382,0,20
694,0,0.928685188293457,0,3,0,1.1511360168457032,0,8,0,1.1060338815053303,0,20
695,0.10941248725225,0.9944149255752563,2,3,0,1.3983500666088529,0,12,0,1.415574598312378,0,17,0,1.288628379503886,0,20
696,0,0.9528892040252686,0,3,0,1.2004201650619506,0,8,0,1.2135956552293565,0,17,0,1.307131012280782,0,20
697,0.26865010810553874,0.947120467821757,2,3,0,1.2903831452131271,0,11,0,1.3095779021581013,0,17,0,1.2216858863830566,0,20
698,34.036383265946725,0.49891942914794474,2,17,0,1.192546804745992,0,20
699,0.22654995047858417,0.8822510639826456,2,3,0,1.5613226890563965,0,11,0,1.6222646832466125,0,17,0,1.485239028930664,0,20
700,18.921641043541054,1.2749340534210205,2,5,0,1.167892575263977,0,8,0,1.1143009530173407,0,17,0,1.15938405195872,0,20
701,0.26363321326275085,0.7668903668721517,2,3,0,1.3539939224720001,0,11,0,1.3236894806226094,0,17,0,1.3106226921081543,0,20
702,0.2141838226013428,0.9521118799845377,2,3,0,1.510319259431627,0,12,0,1.4628358125686645,0,17,0,1.3488428990046184,0,20
703,0,0.9074944059054056,0,3,0,1.1013619422912597,0,8,0,1.0756132503350575,0,20
704,5.165665756114641,0.8717659115791321,2,6,45.45062341445891,0.392514306306839,2,11,12.280214857802251,0.7612033039331436,2,15,0,0.9666235208511352,0,20
705,0.13064408194945254,1.1204250653584797,2,3,0,1.4697205358081393,0,12,0,1.4916260480880736,0,17,0,1.3971665302912395,0,20
706,13.342575997892403,0.6271699145436287,2,8,0,1.0625948905944824,0,11,0,1.0480966567993164,0,16,0,1.1400973200798035,0,20
707,13.172547255145938,0.5686759650707245,2,4,0,1.3390785730802095,0,17,0,1.513614257176717,0,20
708,0,1.1687400539716084,0,3,0,1.3032674959727697,0,10,0,1.1510079383850098,0,20
709,0,0.8005919059117635,0,3,0,0.9663632256644112,0,10,0,0.9588656067848206,0,20
710,22.78479149238834,0.28475927114486693,2,10,0,0.7892119586467743,0,14,0,0.5883821050326029,0,17,0,0.6771667997042338,0,20
711,11.761176107148415,0.5001130104064941,2,4,0,1.4749159904626699,0,17,0,1.4951554139455159,0,20
712,0.3394830573575445,1.0283426841100056,2,3,0,1.2849884298112657,0,12,0,1.2967169761657715,0,17,0,1.2727950016657512,0,20
713,0.3658366892814433,0.8389229575792948,2,3,0,1.3917550295591354,0,11,0,1.3241636554400127,0,17,0,1.3093756039937336,0,20
714,0,0.8643481135368347,0,3,0,1.1541328231493633,0,9,0,1.0734079599380493,0,14,0,0.9737179676691691,0,17,0,1.021030108133952,0,20
715,25.512931762884588,0.4556287879293615,2,11,37.1718343729509,0.39906516671180725,2,14,0,0.9277250369389852,0,17,0,1.070985992749532,0,20
716,27.882169736428658,0.8146748840808868,2,4,0,1.2958277280514057,0,17,0,1.3347403208414714,0,20
717,20.074392208429906,1.2169655919075013,2,10,0,1.0722031593322754,0,15,0,1.2830379724502563,0,20
718,17.915235378469383,0.7732525136735704,2,9,8.135224741798222,0.794305682182312,2,12,0,0.8208445072174072,0,17,0,1.1317671934763591,0,20
719,27.53538368581319,0.9100700400092385,2,11,0,0.8070846531126235,0,20
720,13.52429396616323,0.8937589526176453,2,4,0,1.1361595392227173,0,17,0,1.2323075930277507,0,20
721,25.38890187388061,0.9197179436683655,2,10,0,0.8687801871980939,0,17,0,1.002301772435506,0,20
722,7.899257138233099,0.29486599067846936,2,12,0,0.6575445771217346,0,17,0,0.724992831548055,0,20
723,0,0.8336287339528402,0,3,0,1.0957404573758442,0,9,0,0.9983305931091309,0,20
724,15.181913354857102,0.31837997266224455,2,7,0,1.0440998872121174,0,10,0,1.1638158389500208,0,17,0,1.3015716075897217,0,20
725,56.527202906148595,0.2735791653394699,2,4,0,1.391093217409574,0,17,0,1.477840503056844,0,20
726,15.47118918838586,1.3617711663246155,2,8,0,1.1456781923770905,0,20
727,23.565135880844377,0.7942889978488287,2,12,0,0.8835074007511139,0,20
728,17.424644909392878,0.8806513222781095,2,11,0,0.9217207630475363,0,17,0,1.092860221862793,0,20
729,21.241805538570034,0.5468018786473707,2,11,0,0.7977342208226522,0,14,0,0.622065007686615,0,17,0,0.736417810122172,0,20
730,16.26111229111191,0.9943443934122721,2,3,0,1.330799400806427,0,7,0,1.3383166790008545,0,17,0,1.2095187505086262,0,20
731,26.169756482977995,0.5977359935641289,2,8,0,0.9737277428309122,0,11,0,0.8213815331459046,0,16,0,0.9174681603908539,0,20
732,29.308395968864474,0.46068813279271126,2,8,0,0.8440768321355184,0,17,0,0.9915908575057983,0,20
733,13.728181331190887,0.5291451343468258,2,7,0,1.3154761393864949,0,10,0,1.3855715308870589,0,17,0,1.4880764881769817,0,20
734,14.217367725408693,0.5541499257087708,2,3,0,0.9933329555723402,0,12,0,0.9738702476024628,0,16,0,0.9414879381656647,0,20
735,29.550863973821926,0.9774520397186279,2,5,0,0.9279201924800873,0,17,0,1.0856762329737346,0,20
736,0,0.8202977180480957,0,3,0,1.0291311144828796,0,9,0,0.9428023099899292,0,17,0,1.0605870882670085,0,20
737,6.163421558441679,0.6146673460801443,2,6,0,0.7904451290766398,0,9,0,0.5896685011684895,0,17,0,0.7083460489908854,0,20
738,16.99873547935989,1.2684755722681682,2,6,0,1.331344799561934,0,17,0,1.520638386408488,0,20
739,25.41522064723834,1.1651051044464111,2,5,0,1.1128249508993966,0,12,0,1.1722068786621094,0,17,0,1.214604417483012,0,20
740,19.93291974046158,1.0169973373413086,2,5,0,1.0969712833563487,0,17,0,1.3585068384806316,0,20
741,22.61298704866575,0.5552902579307556,2,5,0,0.8786696195602417,0,8,0,0.8393442233403524,0,17,0,0.9315030574798584,0,20
742,24.257735906953602,0.35305065910021466,2,3,0,1.2603693935606215,0,12,0,1.3603521883487701,0,16,0,1.3033539056777954,0,20
743,22.023381611266142,0.4111877679824829,2,4,0,1.292595652433542,0,17,0,1.4404146273930867,0,20
744,11.171552655240783,0.2606452167034149,2,5,0,1.3217174768447877,0,10,0,1.196506483214242,0,17,0,1.2029675245285034,0,20
745,7.314345966353121,0.8977088212966919,2,5,0,1.2320199012756348,0,12,0,1.1967055320739746,0,17,0,1.261718988418579,0,20
746,0.2358297380496098,0.7189600268999735,2,3,0,1.2888161625180925,0,10,0,1.284623043877738,0,17,0,1.2995566924413045,0,20
747,15.761668623133943,0.6873687903086344,2,3,0,1.2567397753397624,0,6,0,1.1587725281715393,0,12,0,1.0276642084121703,0,17,0,1.053388237953186,0,20
748,8.341810353985448,1.5325613617897034,2,4,0,1.6497402985890706,0,7,0,1.4119408845901489,0,12,0,1.3843392133712769,0,17,0,1.3154784440994263,0,20
749,13.893714534599994,0.3829378585020701,2,3,0,1.0449865526623197,0,12,0,1.1299545288085937,0,17,0,1.0515958865483601,0,20
750,12.569453576549657,0.9999626477559408,2,3,0,1.277874271074931,0,6,0,1.4430251338265159,0,17,0,1.3592448631922405,0,20
751,0,0.7640891869862875,0,3,0,0.8889507293701172,0,8,0,0.8074884215990702,0,17,0,0.9415319760640463,0,20
752,30.02098788260594,0.3549555540084839,2,4,0,1.2609212490228505,0,17,0,1.3495399157206218,0,20
753,0.1528886152010352,0.788100024064382,2,3,0,1.2599978595972061,0,11,0,1.2475400765736897,0,20
754,0.15298880064530784,0.9083216786384583,2,3,0,1.398747377925449,0,12,0,1.387927031517029,0,17,0,1.331557075182597,0,20
755,4.635567729938233,0.563861221075058,2,4,0,1.0274473130702972,0,12,0,0.9863507509231567,0,17,0,1.0653067429860432,0,20
756,0.272173429543623,0.7661200960477194,2,3,0,1.2776303026411269,0,12,0,1.2547412812709808,0,16,0,1.1487968862056732,0,20
757,0.13404919233465057,0.8827890555063883,2,3,0,1.4207884243556432,0,10,0,1.3720338582992553,0,20
758,0.2960121807293431,0.8731785217920939,2,3,0,1.4446045841489519,0,10,0,1.331607120377677,0,17,0,1.3358679215113323,0,20
759,12.267365811210507,1.078803539276123,2,3,0,1.3138458728790283,0,6,0,1.4274176359176636,0,17,0,1.4312797387440999,0,20
760,9.792883538252193,0.6156577865282694,2,3,0,1.133263389269511,0,6,0,1.2280138514258645,0,17,0,1.1947945356369019,0,20
761,0.07635001074905139,0.7836805780728658,2,3,0,1.3536244490567375,0,20
762,9.405881866774306,0.6930389006932577,2,3,0,1.4068810939788818,0,12,0,1.3168112754821777,0,17,0,1.2990801334381104,0,20
763,23.31434292700867,1.2265022993087769,2,4,0,1.195375268275921,0,17,0,1.362691044807434,0,20
764,2.821302575938668,0.5183675090471903,2,3,0,1.0143160422643025,0,12,0,1.026194453239441,0,17,0,0.924382209777832,0,20
765,0,0.8137162129084269,0,3,0,1.0027714490890502,0,8,0,0.8907389442125956,0,20
766,0,0.9209247628847758,0,3,0,1.1467052221298217,0,8,0,1.1405330234103732,0,17,0,1.2190770705540974,0,20
767,0,0.8434249560038248,0,3,0,1.0738480806350708,0,8,0,1.100508044163386,0,20
768,0,0.7383814652760824,0,3,0,0.9365198214848837,0,9,0,0.9192953109741211,0,20
769,0,0.7829424540201823,0,3,0,0.9743112921714783,0,9,0,1.0389829223806208,0,20
770,0,0.6662219365437826,0,3,0,0.7280076231275286,0,10,0,0.7319500207901001,0,20
771,0,0.8716410001118978,0,3,0,1.122077512741089,0,8,0,1.0948436657587688,0,11,0,1.1266467769940693,0,17,0,1.1732916037241619,0,20
772,0,0.6281322638193766,0,3,0,0.7231851731027875,0,10,0,0.7398459374904632,0,20
773,0,0.976778507232666,0,3,0,1.2196037530899049,0,8,0,1.0735714137554169,0,20
774,0,0.7335789601008097,0,3,0,0.9308912754058838,0,8,0,0.8989720741907755,0,20
775,0,0.747840146223704,0,3,0,0.8191155706133161,0,10,0,0.8500366091728211,0,20
776,0,0.7895733515421549,0,3,0,0.932835054397583,0,8,0,0.9276145199934641,0,20
777,0,0.8577625354131063,0,3,0,1.0570205688476562,0,8,0,0.982462035285102,0,17,0,1.1369574864705403,0,20
778,0,0.8358690142631531,0,3,0,1.0022628903388977,0,9,0,0.8545706868171692,0,17,0,0.7997994820276896,0,20
779,0,0.7455004453659058,0,3,0,0.8941328763961792,0,8,0,0.8185485601425171,0,11,0,0.9042851659986708,0,20
780,0,0.9053101936976115,0,3,0,1.1154868125915527,0,8,0,1.0860510269800823,0,20
