0,19.101013829226716,0.868809387087822,2,8,33.028510614375605,0.9300177627139621,2,17,4.123566179685874,0.9358140627543131,2,20
1,0,1.015305717786153,0,3,0,1.2277692794799804,0,8,0,1.110256552696228,0,17,0,1.167655348777771,0,20
2,19.1110868798343,0.8516133748568021,2,13,103.04351282954408,1.2252294316011316,2,30,26.939041374571865,0.8883813524246216,2,55,161.82065922330776,0.9415111962486716,2,72,121.57645528080545,0.949872612953186,2,82
3,12.619222124540965,0.5265750388304392,2,12,0,0.8288570245107015,0,15,0,0.7606885552406311,0,20
4,23.731515928908593,0.27735747893651325,2,3,0,1.5297292726380485,0,17,0,1.4551343123118083,0,20
5,12.420340050725365,0.47053493311007816,2,12,0,0.6752692818641662,0,17,0,0.7687934239705404,0,20
6,5.623216239938182,0.9016656658866189,2,11,45.542272510387576,0.23934430539608,2,36,186.95860327458482,0.13951745965788442,2,98,123.14566421734963,0.11385150849819184,2,103,26.498025984713465,0.3697627584139506,2,106
7,0,0.7978404959042867,0,3,0,0.9531488418579102,0,10,0,0.9800518393516541,0,20
8,6.724596850366563,1.0807088315486908,2,4,0,1.4066440165042877,0,12,0,1.349929404258728,0,17,0,1.2717982133229573,0,20
9,34.73818444667212,0.2832883642986417,2,32
10,4.5992027689609145,1.2934621334075929,2,5,13.347055570460334,0.3967051180926236,2,16,18.035553431869438,0.36352796107530594,2,20,238.09639403423827,0.1647923285210574,2,47,10.919607511283399,0.3505057564803532,2,61,19.911860596771383,0.4239350159962972,2,64,45.36559057360749,0.16492444649338722,2,68,79.47288219957018,0.10706593947751182,2,75,188.97127378842717,0.09915617514740337,2,108,68.58154594417074,0.18353189527988434,2,111,171.6993413074074,0.149002234850611,2,118
11,17.830446733049765,0.5214462578296661,2,9,0,0.9421736399332682,0,12,0,0.8743733962376913,0,15,0,0.9748587369918823,0,20
12,3.059281606478559,1.0074981153011322,2,4,0,1.4602922797203064,0,12,0,1.5130556106567383,0,17,0,1.4194082021713257,0,20
13,24.73486121749716,0.8501150091489156,2,30,23.825831212077873,0.4639512187448041,2,59,65.90963471156944,0.13259123928017086,2,68,118.85912540643103,0.18968908440682195,2,99,165.12559133643487,0.9882047474384308,2,111,241.24288165382183,1.8027873109368717,2,128
14,24.17960305695261,0.25427302718162537,2,4,0,1.1477864338801458,0,17,0,1.3037259578704834,0,20
15,26.800445368021567,0.9214527209599813,2,12,34.82109532895093,0.9131632501428778,2,23,16.27273345771813,0.9191428422927856,2,26
16,18.246817144875088,0.6138449690558694,2,22
17,12.265220745801953,0.47537594762715424,2,11,0,0.7821181217829386,0,14,0,0.5738301674524943,0,17,0,0.7034556865692139,0,20
18,12.110139752426083,1.1062934398651123,2,3,0,1.2446763118108113,0,6,0,1.3027575413386028,0,12,0,1.2158368349075317,0,17,0,1.1742286284764607,0,20
19,0,0.7540005842844645,0,3,0,0.9393840687615531,0,10,0,0.8906156420707703,0,20
20,41.30593846979919,0.8513232469558716,2,3,0,1.3891662061214447,0,11,0,1.3794635931650798,0,17,0,1.30859375,0,20
21,16.306814096657632,1.013453447818756,2,10,0,1.0596958100795746,0,14,0,0.903422991434733,0,17,0,1.1145883401234944,0,20
22,37.266479199833405,0.36404484510421753,2,5,0,1.071098158756892,0,17,0,1.318211317062378,0,20
23,16.910462813508712,1.2881953318913777,2,3,0,1.1815989017486572,0,6,0,1.3780128088864414,0,17,0,1.3856306076049805,0,20
24,24.997965924774576,0.5360648259520531,2,16,0,1.15421661734581,0,20
25,47.984112403014,0.23566380143165588,2,20
26,15.012603492320242,0.3574678699175517,2,3,0.047908473388986995,0.2789126998848385,2,12,21.093326673968356,0.540260124206543,2,17,0.10654967462703788,0.9138854265213012,2,22,17.03788940876208,0.5342748926745521,2,40
27,25.999189145366618,0.2902046435690941,2,47,8.787797513391228,0.5334942738215128,2,50
28,14.003944056649205,0.8227263450622558,2,5,0,1.1651154586247034,0,12,0,1.1761871576309204,0,17,0,1.2901484966278076,0,20
29,21.817658473419232,0.8658028443654379,2,3,0,1.2035413185755413,0,6,0,1.3451465368270874,0,12,0,1.3011510610580443,0,17,0,1.1751677592595418,0,20
30,10.767894152833218,1.180617101987203,2,15,0,0.950993287563324,0,20
31,15.83091925481023,0.5186388120055199,2,4,0,1.1690247058868408,0,17,0,1.1803289254506428,0,20
32,38.92612492601263,0.29169598763639276,2,22,108.50254584949141,0.22271651774644852,2,28,25.50634007273903,0.9992056886355082,2,46,26.059471880333973,0.5762918260362413,2,64,134.7655828318365,0.21434487574375594,2,90,69.31391060688325,1.595801681280136,2,98,103.87451675085937,1.6251143614451091,2,101
33,20.72725313007484,0.8052730957667033,2,3,0,1.4779118299484253,0,6,0,1.4646184245745342,0,12,0,1.3465713500976562,0,17,0,1.307264804840088,0,20
34,16.718073122476238,1.1104071480887276,2,7,0,0.8648297786712646,0,10,0,1.0006629058292933,0,17,0,1.1719571749369304,0,20
35,11.736892367395813,0.12330213934183121,2,4,0,1.4171137259556696,0,17,0,1.437720815340678,0,20
36,25.716465415758844,1.145724081993103,2,5,0,1.4929734298161097,0,12,0,1.5616068840026855,0,17,0,1.6237937211990356,0,20
37,0,0.6362606684366862,0,3,0,0.6414053695542472,0,10,0,0.6389332950115204,0,20
38,9.61871656197384,0.7958559036254883,2,5,0,0.8518759409586588,0,8,0,0.9055264128579034,0,17,0,0.9241427977879842,0,20
39,0,0.7268426020940145,0,3,0,0.9179245471954346,0,8,0,0.8801121215025584,0,20
40,1.9605488623687934,0.8400669097900391,2,3,0,1.3572373257742987,0,12,0,1.4726965427398682,0,17,0,1.3592206637064617,0,20
41,23.328000884491555,1.1634402473767598,2,6,0,0.951990853656422,0,17,0,1.0388846794764202,0,20
42,7.213410495576666,0.9753303527832031,2,4,0,1.0067721903324127,0,12,0,0.9573768615722656,0,17,0,1.000361442565918,0,20
43,10.054452728198076,0.8429382085800171,2,5,19.990108216312922,0.5011672178904215,2,8,58.877918110245645,0.22009944145021768,2,37,147.21394848932448,0.35515772302945453,2,40,31.411479511440323,0.3888518412907918,2,43,194.82788489640942,0.3860553801059723,2,49,0.8954750855911735,0.5331359704335531,2,52,213.24973284435282,0.31114471952120465,2,55,118.94274752310422,0.34974343578020733,2,58
44,20.56094379940324,0.9427222967147827,2,5,0,0.8916533788045248,0,8,0,0.9145282639397515,0,17,0,1.1094197829564412,0,20
45,9.744151784284758,0.8374708493550619,2,3,0,1.4109951257705688,0,11,0,1.2960319916407268,0,20
46,11.792534152549157,1.410292625427246,2,4,0,1.2636928466650157,0,17,0,1.3794912099838257,0,20
47,40.67667783867597,0.5062698565778279,2,21
48,17.516719423106185,0.5372287092300562,2,26,88.89023391458666,0.856968879699707,2,29,29.060109598860254,0.8505797386169434,2,32,172.36045492631365,0.8137036406475565,2,55,63.691179870198425,0.6512381633122762,2,58
49,17.80977531807857,0.5545769929885864,2,5,0,1.1366694470246632,0,17,0,1.3150229851404827,0,20
50,9.43100343594862,0.5137017468611399,2,9,0,1.0210458437601726,0,12,0,0.9074339866638184,0,16,0,1.0398547947406769,0,20
51,9.524288625601399,0.6161005546649297,2,12,0,0.8103657960891724,0,17,0,0.9758392175038656,0,20
52,12.053567476963604,0.8181599855422974,2,5,0,0.7528959363698959,0,17,0,0.8595581849416097,0,20
53,0,0.9317304293314616,0,3,0,1.2158509691556294,0,9,0,1.1537772566080093,0,17,0,1.2732158104578655,0,20
54,0,0.7443490425745646,0,3,0,0.8162028278623309,0,10,0,0.8421931982040405,0,20
55,17.2633350630451,0.44830604241444516,2,13,0,1.0931974649429321,0,20
56,16.898038775784347,0.6753279992512294,2,14,11.508498504932842,0.8640409310658773,2,17,0,1.4218674898147583,0,20
57,22.82880797515237,0.9329905907313029,2,3,0,1.2990699609120686,0,6,0,1.3353580832481384,0,12,0,1.3162012338638305,0,17,0,1.282580018043518,0,20
58,20.897394885884193,0.7121884874675585,2,23
59,9.719384953155854,0.6724358916282653,2,5,0,1.2265883684158325,0,8,0,1.2898703813552856,0,13,0,1.179328739643097,0,17,0,1.1643903652826946,0,20
60,35.3050220033344,0.36241092880566916,2,15,0,1.185961937904358,0,20
61,55.12793648332694,0.1385457020998001,2,25
62,17.188947805731704,0.9365423560142517,2,20,55.031314195283166,0.39787576496601107,2,40,33.973636528712404,0.4593014717102051,2,43
63,64.26064259960886,0.3147020446402686,2,14,36.72259321544646,0.303085707329415,2,51
64,38.575538035687366,0.5099736269443266,2,62
65,27.82176821505735,0.39450923246996744,2,14,0,0.8000576297442118,0,20
66,23.824054838560613,0.6161278858780861,2,8,198.42300267143895,0.02002786099910736,2,26,242.8391041114913,0.03696214407682419,2,42,360.0150986110931,0.028809066116809844,2,52,489.10809919115997,0.020186224235938147,2,78,222.49409554563067,0.03315058847268423,2,81,113.19551990676845,0.03773263806388492,2,102,306.8295591583724,0.02673440320151193,2,109,404.6755614133879,0.02714707774500693,2,140,639.8044226735982,0.009957147332338186,1,153,846.6641149998258,0.011044155806303024,1,173,531.8732440301901,0.06636252005894978,2,176,1030.2127199292347,0.026547168691953022,2,197,351.15518579464003,0,0,200
67,0.6521364059499877,0.6058851083119711,2,3,0.09684614477428534,0.8834477012807672,2,14,9.989845889437483,0.308520233631134,2,19,56.24643610238166,0.11095723807811737,2,24,210.35969017921423,0.06231671855563209,2,45,30.44460881154734,0.3277901401442866,2,76
68,30.80424131330387,0.30635972998358985,2,11,0,0.7358009020487467,0,14,0,0.5869634747505188,0,17,0,0.7605443994204203,0,20
69,9.546435366845902,1.0363717249461584,2,14,0,0.8402746121088663,0,20
70,9.273257569280082,0.5872979521751404,2,5,0,1.334683162825448,0,12,0,1.4179307222366333,0,17,0,1.4750935633977253,0,20
71,13.743847511005153,0.9073905348777771,2,8,10.036389478172648,0.821676234404246,2,14,0,0.544013907512029,0,20
72,22.873743393435667,0.557237046105521,2,21
73,14.139940992479993,0.7156427055597305,2,12,0,0.7457204461097717,0,20
74,38.64783817281415,0.35963155776262284,2,20
75,0.12348191007202315,1.001188039779663,2,3,0,1.4033884604771931,0,12,0,1.3056530237197876,0,17,0,1.2812085549036663,0,20
76,16.16123948436434,0.24922501668334007,2,4,0,1.0599756149145274,0,17,0,1.2073862155278523,0,20
77,12.923829020017187,0.561612320797784,2,14,0,0.9540587266286215,0,20
78,65.84763759464356,0.010276470865522112,1,7,90.08960629164106,0.0334599107503891,2,37,62.13640557554695,0.08516983687877655,2,40,12.290041692202612,0.3417601840836661,2,47,26.29303582829983,0.2868669430414836,2,50,81.55805580432775,0.06504313074625455,2,63,6.123054456443718,0.25417517870664597,2,69,0.07911001909095802,1.2112036773136683,2,76,57.47079939401925,0.013513835037455839,1,93,26.88915698771508,0.07773529551923275,2,109
79,18.240374339717327,1.3111315435833402,2,9,0,1.22459585016424,0,20
80,22.652690670735154,0.4138318672776222,2,4,36.45195089508737,0.36491040388743085,2,34,26.227096043055408,0.39692412813504535,2,37
81,6.2641791810997836,0.5036463737487793,2,3,0,0.8326367007361518,0,12,0,0.9540194034576416,0,17,0,0.861407995223999,0,20
82,16.699811271471223,0.5398759245872498,2,3,0,1.2388676802317302,0,6,0,1.4285061792893843,0,17,0,1.2705583175023396,0,20
83,0.37001345423784854,1.1580498615900676,2,3,0,1.4056389331817627,0,17,0,1.3575418790181477,0,20
84,0,0.71033775806427,0,3,0,0.8260166645050049,0,10,0,0.8466009974479676,0,20
85,17.770135172118874,0.7263507644335429,2,6,0,1.2887274026870728,0,17,0,1.5332646369934082,0,20
86,12.660338694606276,0.8180851141611735,2,3,0,1.1748052438100178,0,6,0,1.2968448725613682,0,17,0,1.274967630704244,0,20
87,32.027304105559544,0.40315987666447956,2,3,0.03880975832422723,0.749564548333486,2,6,55.085512455858606,0.20556006465966886,2,58,30.542448418157882,0.37360979731266314,2,84,14.951906228187234,0.3577023943265279,2,87
88,42.03907519801368,0.3528601908021503,2,18,49.35250189576385,0.4150119844604941,2,52
89,0.09805856111364142,0.6842510203520457,2,3,0,1.39530409784878,0,20
90,16.250607850461456,0.5512554702850488,2,26
91,0.06505501645341784,1.1255049308141072,2,3,0,1.3431121243370905,0,12,0,1.3795629739761353,0,17,0,1.290795882542928,0,20
92,11.89927320536321,0.5895768702030182,2,6,0,1.0068259997801348,0,17,0,1.1260484059651692,0,20
93,12.541945178995451,0.390094267470496,2,7,0,0.9975222746531168,0,10,0,1.0459182603018624,0,17,0,1.2226461966832478,0,20
94,27.781045984124813,0.37975839238900405,2,13,35.048731543143184,0.32590795917944476,2,24,17.817549557554347,0.6803308990266588,2,42,37.05759156311212,0.5671768486499786,2,46
95,14.80491293422577,1.0136648556765389,2,17,2.6622205613543546,0.9995248715082804,2,20
96,19.32003553636147,0.29641177256902057,2,6,0,1.2261396646499634,0,17,0,1.3383070230484009,0,20
97,15.992322637849075,0.33301679491996766,2,5,0,1.0438235898812611,0,17,0,1.177791953086853,0,20
98,0.17536500674070007,1.0219935576121013,2,3,0,1.2422204679912991,0,12,0,1.1872021913528443,0,17,0,1.189639965693156,0,20
99,10.747379910989213,0.823754757642746,2,4,0,1.5331550687551498,0,12,0,1.5986653566360474,0,17,0,1.560302456219991,0,20
100,16.875585017054853,0.44645982384681704,2,10,0,1.0211780369281769,0,14,0,0.8630453745524088,0,17,0,1.1329191128412883,0,20
101,0.29698077201584855,1.0752972761789958,2,3,0,1.444178119301796,0,11,0,1.41887762149175,0,17,0,1.3386196692784627,0,20
102,0.26309604435855255,0.9982039531071981,2,3,0,1.634999646080865,0,12,0,1.5752121925354003,0,17,0,1.5177396933237712,0,20
103,12.33731312737126,0.6927347779273987,2,6,0,1.2188712869371687,0,13,0,1.2709859013557434,0,17,0,1.3328715165456135,0,20
104,52.236137537251395,0.34321962110698223,2,16,121.35671113014753,0.20858290139585733,2,32,58.634087481561075,0.25698043406009674,2,35,101.19571420852418,0.23135676607489586,2,39
105,29.82889399566074,0.011722096800804138,1,5,40.67294304066175,0.01880101724104448,1,16,125.03212705237735,0.035543824235598244,2,25
106,19.45784974676754,0.5503111945258247,2,9,45.2884835905992,0.30897528926531476,2,12,62.84937203360246,0.2861797046589564,2,95
107,0.2863139194549139,0.7966462771097819,2,3,0,1.3830476734373305,0,12,0,1.2516496658325196,0,17,0,1.253754456837972,0,20
108,76.18674511036328,0.05348819748657506,2,41,122.35989437027322,0.08340249955654144,2,44,210.16498927668883,0.07939264178276062,2,48,621.1731739049599,0.03294742604096731,2,60,875.5720808945804,0.07060817848233615,2,111,190.59338180813228,1.1840379503038194,2,120,325.98252739547024,0.7141782119870186,2,124,149.54295485583498,1.28384178214603,2,142,110.49186694667242,0.6812281683087349,2,150,25.73338074928056,1.1864019185304642,2,158,35.64309112667624,1.4195484178406852,2,172
109,8.292100076078928,0.589816947778066,2,6,0,1.3489573001861572,0,11,0,1.3884198069572449,0,17,0,1.4380743503570557,0,20
110,0,0.6127374966939291,0,3,0,0.6099043289820353,0,9,0,0.5898633761839434,0,20
111,0.05239943394575396,0.8165908257166544,2,3,0,0.9660613139470419,0,12,0,1.0901241302490234,0,17,0,0.9951254526774088,0,20
112,20.84735585212697,1.3636862754821777,2,5,0,1.2023642857869465,0,17,0,1.366343895594279,0,20
113,16.686161999541355,0.8220313106264386,2,7,0,0.9327817757924398,0,10,0,0.9561564922332764,0,17,0,1.0293569564819336,0,20
114,50.478317876284216,0.23192658557974058,2,29,75.31428467445066,0.36139973998069763,2,34,13.018037676131945,0.498991459608078,2,39
115,0.1016816814629522,0.8160438537597656,2,3,0,1.4069183854495777,0,20
116,39.26313663036583,0.4733290858566761,2,8,0,1.0793806711832683,0,17,0,1.2877915302912395,0,20
117,0.04187993597052925,0.8674646019935608,2,3,0,1.258325639893027,0,20
118,51.99628366119616,0.36747086473873686,2,7,0.1590812625262165,0.8941445648670197,2,11,0,0.7605389455954233,0,17,0,0.8172531922658285,0,20
119,38.69733547872443,0.06549320602789521,2,32,112.83933171693029,0.246164110990671,2,45,26.672114513983953,0.6204599358818748,2,56,56.971661377310525,0.1756993479825355,2,93,23.85719529556863,0.1607459137837092,2,96,59.93328548649973,0.11279887457688649,2,129,74.32225725763004,0.2338475078344345,2,139
120,19.118010240335728,0.6429129183292389,2,10,30.600473359483967,0.8068035046259562,2,13,65.62583094621333,1.1318316062291462,2,16,247.20715047829424,1.7546464999516804,2,25,460.64857824114034,1.901684562365214,3,28,694.2546676344889,1.966769262596413,3,82,331.28093087818166,1.9526055256525676,3,85,18.81537192728765,1.5376157363255818,2,88
121,15.612630478280503,0.7479736059904099,2,8,0,1.1724776559405856,0,17,0,1.306355595588684,0,20
122,17.485858062372962,0.4216585433483124,2,25,71.5839390056461,0.5004629120230675,2,37
123,0,0.8271090189615885,0,3,0,1.0726480960845948,0,8,0,0.9889080127080282,0,11,0,1.0058318972587585,0,17,0,1.0825618902842205,0,20
124,19.662952804710194,0.7982502090079444,2,28,385.9929020240849,1.8924341201782227,3,56,16.96658757583043,0.7259366341999599,2,84
125,9.004434609350376,0.9006259044011434,2,3,0,1.2166590293248494,0,6,0,1.264308015505473,0,12,0,1.2163556337356567,0,17,0,1.217421531677246,0,20
126,11.709178240755032,1.1733488738536835,2,4,0,1.2581363182801466,0,17,0,1.2818572123845418,0,20
127,15.16389790324529,0.9759333048548017,2,14,512.3234578194421,0.3768763467669487,2,18,14.956951069293838,0.9862567583719889,2,21,10.77959431880826,0.9015808544660869,2,40
128,36.471192890372265,0.3582610562443733,2,8,46.94713281204848,0.4577766042202711,2,40,26.297701218287514,0.7077723461038926,2,57,52.20709903575245,0.3681444117001125,2,92
129,0,0.6864357391993204,0,3,0,0.7474597493807474,0,9,0,0.7149161696434021,0,20
130,18.81375343546343,0.6393901976672086,2,33,30.2476958367695,0.7133989632129669,2,37,222.1000298341259,0.48930736631155014,2,49,13.029407567068548,0.09467280159393947,2,55,27.66086025658926,0.06945011019706726,2,59
131,0,0.7475485801696777,0,3,0,0.9062289714813232,0,8,0,0.8355780045191447,0,11,0,0.9093266195721097,0,20
132,18.934191848539108,1.3528590897719066,2,12,0,1.2602079957723618,0,20
133,19.221280156892607,1.325445532798767,2,11,0,0.876054835319519,0,16,0,1.140920639038086,0,20
134,51.295124437430694,0.25209511145949365,2,20,255.14049126840848,0.2600519385407953,2,37,17.78123462829629,0.6060785459620612,2,51
135,16.150630728966618,0.3135471045970917,2,3,0,1.3216489156087239,0,12,0,1.3563204050064086,0,17,0,1.3217709859212239,0,20
136,77.4925370126294,0.17627367835778457,2,13,97.51268237268647,0.14295908545746522,2,30
137,109.53481723001177,1.536795973777771,2,5,829.8079559067311,1.9260959863662719,3,10,517.9307596964524,1.9255605936050415,3,13,1099.7660195844721,1.9256747166315715,3,16,707.9444629841581,1.9192805322440896,3,53,42.444288707806734,1.8033355077107747,2,56,78.49526484698781,1.8070364594459534,2,60,696.7595443697685,1.9272920868613503,3,82
138,26.42147239606781,0.5929711759090424,2,4,0,1.5279236848537738,0,17,0,1.4725182056427002,0,20
139,0.16443967012216387,0.7098257342974345,2,3,0,1.0973258548312717,0,12,0,1.0010910749435424,0,17,0,0.9595485925674438,0,20
140,0.19210993512844762,0.8518749078114828,2,3,0,1.395645772709566,0,20
141,22.025634767984513,0.6208969414234161,2,30
142,18.66420840850364,0.41039805114269257,2,22
143,0,0.7996204694112142,0,3,0,1.0169182817141216,0,9,0,0.9514887549660422,0,20
144,9.046882253506997,0.4779111551386969,2,14,30.950238103452463,1.6293337886983699,2,25,82.33318351191933,0.011108713348706563,1,40,103.7027512069771,0.07914142039689151,2,51,160.9681019160576,1.3915190166897244,2,60,361.8628427566907,0.017069720170077157,1,77,21.059572775962323,1.3961605292100172,2,90,30.686142060372074,1.2333780229091644,2,94,54.1487584006686,0.26996650947974277,2,107,182.88938276259748,1.4918863773345947,2,111,277.5167312941589,1.868965278972279,2,122,363.0957968771793,1.8586799800395966,2,134
145,0.06050792924046792,1.037096659342448,2,3,0,1.3269149594836764,0,12,0,1.41362566947937,0,17,0,1.3255120515823364,0,20
146,12.995783888548658,1.259017562866211,2,5,0,1.486622895513262,0,12,0,1.4600930690765381,0,17,0,1.4004587729771931,0,20
147,0,0.7075414657592773,0,3,0,0.8798875610033671,0,9,0,0.8358290520581332,0,20
148,33.47022258188274,0.7959181467692057,2,3,0,1.5030696789423625,0,6,0,1.5842005014419556,0,12,0,1.5262391328811646,0,17,0,1.4296869834264119,0,20
149,10.209197817278746,0.5286240577697754,2,3,0,1.3914846181869507,0,12,0,1.3774176359176635,0,17,0,1.3141446908315022,0,20
150,27.570702710431746,0.29959886389620166,2,17,0,1.245771845181783,0,20
151,11.89122395625923,0.7507433493932089,2,9,0,1.1640709241231282,0,12,0,1.1500164270401,0,17,0,1.345914642016093,0,20
152,6.762298810486604,0.43625547488530475,2,3,22.353605208392107,0.329493448138237,2,19,60.340001434276246,0.13537896672884622,2,22,111.95443204499509,0.04427523910999298,2,28,234.00216800227335,0.042262404253988556,2,61,288.28872771713776,0.6878641724586487,2,66,26.57435155577864,0.6713400880495707,2,69,12.793140066441786,0.6588206241528193,2,81
153,11.141625974439537,1.1046346701108491,2,13,0,0.8140266282217843,0,20
154,35.44890742242742,0.17618922218680383,2,20,25.548403841218978,0.14056299924850463,2,25
155,6.992716820532085,1.1180993795394898,2,5,0,1.2631076063428606,0,12,0,1.264178991317749,0,17,0,1.3874102433522542,0,20
156,0,0.8767668207486471,0,3,0,1.0743311166763305,0,8,0,1.1023903886477153,0,20
157,0.06800008227915083,0.7657618522644043,2,3,0,0.9781311088138156,0,12,0,1.1675097703933717,0,17,0,1.0452319383621216,0,20
158,31.99248602353094,0.2886419236660004,2,5,84.40291412270871,0.32138696644041276,2,14,171.46276424438582,0.31237966070572537,2,26,13.460266920868598,0.5004157423973083,2,29,26.621949851684537,0.4044842968384425,2,35,54.830438422418474,0.3425250709056854,2,45
159,16.246419494745847,0.5254179115096728,2,12,0,0.7475317716598511,0,17,0,0.9495740532875061,0,20
160,18.325831221413353,0.41259848409228855,2,9,25.87157299323945,0.4268871366977692,2,24
161,20.96951478810832,0.4094619077184926,2,23
162,18.354891629503747,0.7380232512950897,2,12,0,0.967043474316597,0,20
163,0.10438536740016159,0.9095852375030518,2,3,0,1.4937399758232965,0,12,0,1.5577709078788757,0,16,0,1.437387377023697,0,20
164,0,0.7779404123624166,0,3,0,0.9703471899032593,0,8,0,0.9028034806251526,0,20
165,12.53124601001252,0.6699714541435242,2,5,0,1.0440767010052998,0,17,0,1.2369851271311443,0,20
166,10.757986531703997,0.8101951943503486,2,9,0,0.8892813523610433,0,12,0,0.7759286463260651,0,16,0,0.9164079427719116,0,20
167,20.30175745861594,1.1699091063605414,2,9,0,1.1735715866088867,0,17,0,1.386038343111674,0,20
168,28.998379792174504,1.3375205596288045,2,3,0,1.2733763853708904,0,6,0,1.32230140765508,0,12,0,1.3707674503326417,0,17,0,1.4162042140960693,0,20
169,29.452614088072362,0.519703166352378,2,18,36.52477884454598,0.5531034409999848,2,28,15.459501788683033,0.5684054493904114,2,31
170,19.063681591926134,1.0486805319786072,2,10,0,1.1323335341044836,0,17,0,1.4009721279144287,0,20
171,15.678238009393468,1.1717601537704467,2,10,0,0.7634425560633341,0,13,0,0.7118486251149859,0,20
172,0,0.7956862449645996,0,3,0,0.9621841907501221,0,10,0,0.9565898180007935,0,20
173,17.511506696089914,0.6638493845539708,2,31
174,25.335147587817772,1.288338541984558,2,3,0,1.3069353368547227,0,12,0,1.431963849067688,0,17,0,1.40822168191274,0,20
175,22.252601409933472,0.5129066127188066,2,34
176,0,0.7607243855794271,0,3,0,0.8154278496901194,0,9,0,0.7753251357512041,0,20
177,0.06619245670627787,1.0645703474680583,2,3,0,1.1960531683529125,0,20
178,0,0.732448140780131,0,3,0,0.7905488610267639,0,9,0,0.7541666843674399,0,20
179,0,0.7431977589925131,0,3,0,0.7979988058408102,0,9,0,0.7793282703919844,0,20
180,0.14451486008005845,0.7444644371668497,2,3,0,1.3345754427068375,0,20
181,0,0.8704777956008911,0,3,0,1.083964729309082,0,8,0,1.1391404072443645,0,20
182,0,0.9609284996986389,0,3,0,1.154352863629659,0,9,0,0.9738062403418801,0,20
183,0.22395573499445576,0.8339422146479288,2,3,0,1.4526076979107327,0,12,0,1.2975845336914062,0,17,0,1.2449315388997395,0,20
184,11.958698746122597,0.6401957472165426,2,9,0,0.8821746508280436,0,12,0,0.7396329164505004,0,17,0,0.9032953977584839,0,20
185,0.2340740205949401,0.9242472847302755,2,3,0,1.6009876595603094,0,12,0,1.5060787916183471,0,17,0,1.4311325550079346,0,20
186,0,0.7243809103965759,0,3,0,0.8824016809463501,0,8,0,0.8132408062616984,0,11,0,0.8737434148788452,0,20
187,9.483107641712607,0.7722558478514353,2,12,0,0.7512495890259743,0,20
188,27.327393567733598,0.49057162553071976,2,4,0,1.464701071381569,0,12,0,1.4939271926879882,0,17,0,1.506065805753072,0,20
189,0.1399956201462494,0.7337676882743835,2,3,0,1.5646061897277832,0,12,0,1.5478570699691772,0,17,0,1.404630978902181,0,20
190,16.063015455542185,0.8550716638565063,2,9,0,1.2376177310943604,0,17,0,1.3843360741933186,0,20
191,0.2729484888341232,1.0832016070683796,2,3,0,1.4938731491565704,0,11,0,1.504047115643819,0,17,0,1.5134979883829753,0,20
192,33.5050265639602,0.4473689670364062,2,12,72.42273318633198,0.3143593161194413,2,39,51.165960651373226,0.29397912621498107,2,44
193,4.11484949250022,0.2567555338144302,2,5,0,1.312040114402771,0,10,0,1.3166296822684151,0,17,0,1.3621185620625813,0,20
194,19.187968027683656,0.7180228699808535,2,46,131.76370258350107,0.12141826003789902,2,98,110.93387029224311,0.1497447473498491,2,124,146.66258336316181,0.07537928471962611,2,130,225.89199960079293,0.028466617688536644,2,138
195,0,0.8882563908894857,0,3,0,1.1681625843048096,0,8,0,1.1428056557973225,0,11,0,1.1726083556811016,0,17,0,1.240000565846761,0,20
196,11.940703477125469,0.881915827592214,2,6,0,1.2210246974771672,0,17,0,1.3265108267466228,0,20
197,0.14276953617257115,1.0733769337336223,2,3,0,1.4153665039274428,0,12,0,1.3185357332229615,0,17,0,1.2505555550257366,0,20
198,37.6196583343986,0.2255511827328626,2,17,0.3902549403717275,0.5511663556098938,2,20
199,25.5110671144048,0.743487560749054,2,5,0,1.165149986743927,0,17,0,1.3156570593516033,0,20
200,0,0.8933212359746298,0,3,0,1.185239553451538,0,8,0,1.0159521500269573,0,20
201,30.91526031362798,0.6122040897607803,2,8,45.040095425412616,0.6197999715805054,2,11,15.493152877673785,1.054336714744568,2,16,0,1.2937714457511902,0,20
202,32.50420516698966,0.34762803248820767,2,62
203,22.94831708723823,0.2983951171239217,2,15,47.331135149474285,0.23033686886940682,2,43
204,36.848214973642726,0.28775648325681685,2,10,50.02251106874844,0.2879528956753867,2,24,0.6030351656225386,0.5035786032676697,2,27
205,14.868040752874144,0.47498322650790215,2,8,0,1.139494816462199,0,11,0,1.1968031128247578,0,17,0,1.4053870836893718,0,20
206,0,0.7487046519915262,0,3,0,0.8304220523153033,0,10,0,0.8603666663169861,0,20
207,17.689205228924752,0.31200411702905384,2,14,0,1.0567232966423035,0,20
208,7.76261089997108,0.16071124672889708,2,5,0,1.1114662786324818,0,17,0,1.1480725208918254,0,20
209,20.28055481239123,0.46860915919144946,2,6,0.10851833685322794,0.6962454120318095,2,9,20.069677775127747,0.5174526355483315,2,20,139.10634937348973,0.2415301777422428,2,40,54.1784159940175,0.28692499101161956,2,45,98.78494806760912,0.25305774130604486,2,56,4.67501061484438,0.6184330880641937,2,60
210,30.05898785929278,0.8555638172008373,2,27,23.83448321296354,0.8330868534419847,2,50,31.67920800041132,0.863675730569022,2,57,79.67896413751077,0.7733075141906738,2,67
211,18.912614178850728,0.664447121322155,2,8,35.11172429354992,0.5937551657358805,2,11,304.4878584386535,0.2829263011614482,2,17,33.53519609882929,0.3289763724262064,2,28
212,22.88095214130227,0.9412803053855896,2,4,0,1.4297231894273024,0,17,0,1.5282686551411946,0,20
213,7.961550300453415,1.132553559083205,2,13,0,0.8573868189539228,0,20
214,13.997262081395641,0.5582519402870765,2,26
215,0,0.8642342686653137,0,3,0,1.0554656744003297,0,8,0,0.9746991793314616,0,17,0,1.14255158106486,0,20
216,12.022085003354267,0.7810285091400146,2,14,0,0.8173829019069672,0,20
217,17.17343420222329,0.48490903207233976,2,7,0,0.8711714347203573,0,10,0,0.9009395497185844,0,17,0,1.0626918077468872,0,20
218,19.547422278216445,0.8626072804133097,2,3,0,1.1745274464289348,0,6,0,1.2880493077364834,0,17,0,1.3392094771067302,0,20
219,0,0.7799028555552164,0,3,0,0.970186996459961,0,8,0,0.8668886721134186,0,20
220,0,0.7381230592727661,0,3,0,0.8473726610342661,0,9,0,0.8523845022374933,0,20
221,11.561825974986913,0.6107140481472015,2,4,0,1.1650325610087469,0,17,0,1.3300453027089436,0,20
222,0,0.8216248750686646,0,3,0,0.9882511893908182,0,9,0,1.0139762921766802,0,20
223,29.06733909376881,0.42627002937453135,2,14,49.717638673611425,0.15717043230930963,2,20,146.1904686969276,1.225096066792806,2,23,238.14438878186988,1.236032450199127,2,33,16.981500188883878,0.41735704243183136,2,37,260.5930179720176,0.21105267107486725,2,46
224,21.170051381304365,0.9392670094966888,2,16,0,1.0856382548809052,0,20
225,36.730575376730705,0.3551635590005428,2,47
226,15.748908503251197,0.650237330368587,2,14,0,0.9262300531069437,0,20
227,6.690708615075808,1.1306863228480022,2,3,0,1.0665588527917862,0,11,0,1.0253536701202393,0,17,0,0.96476678053538,0,20
228,84.4177730157808,0.23381724208593369,2,8,104.78745677896406,0.23484480622652415,2,45
229,0.20868572258722626,0.9864643812179565,2,3,0,1.3259246084425185,0,12,0,1.2264346122741698,0,17,0,1.2115670442581177,0,20
230,0.26961154730043585,0.8372927308082581,2,3,0,1.443863264151982,0,17,0,1.329394261042277,0,20
231,13.204719741497756,1.0128179887930553,2,12,6.407608339976161,1.091693917910258,2,15,0,0.7942722797393799,0,20
232,27.909743124329783,0.7273473143577576,2,3,0,1.5869081417719524,0,6,0,1.6630713144938152,0,12,0,1.6365111112594604,0,17,0,1.6086435317993164,0,20
233,0,0.8890056014060974,0,3,0,1.1466639280319213,0,8,0,1.0995790561040242,0,11,0,1.127706527709961,0,17,0,1.2196245590845745,0,20
234,0,0.7355718413988749,0,3,0,0.9134730497996012,0,9,0,0.8899631283499978,0,20
235,24.189264288048278,1.242564042409261,2,9,0,1.1326684057712555,0,17,0,1.3050064245859783,0,20
236,33.53580304057146,0.19300393760204315,2,7,82.39330746827709,0,0,14,167.80903191555313,0.008644000842021061,1,53,217.4616646911842,0.011066552251577377,1,81
237,23.360134010687702,0.650882887840271,2,10,0,0.931929349899292,0,17,0,1.093300461769104,0,20
238,11.72067222112676,0.6520342230796814,2,6,0,1.4121094183488325,0,17,0,1.5762290159861247,0,20
239,0,0.781476636727651,0,3,0,1.0074659585952759,0,9,0,0.9448583126068115,0,20
240,17.49457920030771,0.9528723210096359,2,8,0,0.9029058085547553,0,17,0,1.033255934715271,0,20
241,0,0.9917142391204834,0,3,0,1.257351040840149,0,9,0,1.2580406232313677,0,20
242,30.857035006866706,0.13824251045783362,2,6,50.936462050317196,0.1548849418759346,2,10,88.47841413906639,0.251069612801075,2,20,67.37404982175822,0.2367297776043415,2,40,91.98859913552015,0.16826921701431274,2,54,114.03724584492396,0.15730076318695432,2,75,48.258849032803916,0.31357450095506817,2,88,212.71788639819516,0.20995966096719107,2,91,396.04076181333596,0.07293413132429123,2,101,574.3513559778069,0.05491803160735539,2,108,4.818310753390117,0.3518872410058975,2,111
243,13.14474528541809,1.0160464975568984,2,9,0,0.9600958426793417,0,12,0,0.7988528460264206,0,16,0,0.9134068638086319,0,20
244,57.85390351995377,0.20054049202890106,2,33
245,17.521178630767196,1.0399900583120494,2,26,103.66979360490983,0.6413778445937417,2,37
246,14.850284565661735,0.7968897500208446,2,28,60.833239541034146,0.6026835665106773,2,36
247,6.609870833453654,0.8256369034449259,2,3,0,0.9484744336869981,0,12,0,0.8549272298812867,0,17,0,0.8959151109059652,0,20
248,7.290787641416112,0.4194522670337132,2,7,0,0.7674440145492554,0,10,0,0.6583770598684039,0,17,0,0.7787285645802816,0,20
249,7.3267980903786665,0.22265863791108131,2,4,0,0.9976567625999451,0,12,0,0.9699151992797852,0,17,0,0.9898198843002319,0,20
250,6.374186011779442,0.21642819419503212,2,4,0,1.1348543266455333,0,16,0,1.178381085395813,0,20
251,27.225619452552703,0.24053026735782623,2,4,0.03901299860012652,0.5100441376368204,2,7,32.294497461227266,0.17920551697413126,2,10,7.4245298496634655,0.26952338218688965,2,13,46.230184667260325,0.26274990538756055,2,22,82.83716863082965,0.36073246072320375,2,39
252,7.808988700880356,0.6986047327518463,2,12,13.563247195858548,0.6375290751457214,2,15,160.05088262133933,0.1647285290739753,2,26,12.303357872633997,0.4755680362383525,2,29,8.110144352822672,0.5113528614694421,2,40
253,18.77057060261935,0.8728379408518473,2,12,0,0.9278028458356857,0,20
254,25.460540808410535,0.2408635586500168,2,5,0,0.921747088432312,0,12,0,0.8273686766624451,0,16,0,1.0072223544120789,0,20
255,24.602935492279336,0.5486666815621513,2,14,0,1.0583905378977458,0,20
256,0.21030784467246408,1.0911087195078533,2,3,0,1.535254329442978,0,11,0,1.6209784944852192,0,17,0,1.4840911229451497,0,20
257,10.743197433493087,0.48251969498746533,2,17,0,1.0927724440892537,0,20
258,0,0.6038545767466227,0,3,0,0.6579588651657104,0,10,0,0.6497684061527252,0,20
259,0,0.7449836730957031,0,3,0,0.9487361709276835,0,9,0,0.9540275768800215,0,20
260,0,0.6280977328618368,0,3,0,0.6180484493573507,0,9,0,0.5965922149744901,0,20
261,0,0.9362360239028931,0,3,0,1.1745775938034058,0,8,0,1.1871771812438965,0,17,0,1.2809838851292927,0,20
262,24.25817370692433,0.810250010755327,2,36,37.21522361425792,0.7560325662295023,2,39,225.02906930478994,0.1695014802010163,2,62,19.07432575567092,1.1599090641195124,2,73
263,35.62111798870221,0.03632727265357971,2,9,0,0.7936016718546549,0,12,0,0.5330175518989563,0,17,0,0.6823822657267252,0,20
264,11.733703765745673,1.2237266699473064,2,9,0,0.8900393644968668,0,12,0,0.8186088800430298,0,16,0,0.9146491587162018,0,20
265,20.590108354609587,0.5313032598331057,2,29
266,0.11404851811408057,1.0959444840749104,2,3,0,1.5175650384691026,0,12,0,1.495292568206787,0,17,0,1.4288091659545898,0,20
267,0,0.7364565928777059,0,3,0,0.804124789578574,0,10,0,0.8359130203723908,0,20
268,14.120766643928132,0.9538962443669637,2,3,0,1.454321993721856,0,12,0,1.422367310523987,0,17,0,1.3144319852193196,0,20
269,38.105871470150475,0.8366282071386065,2,7,138.6839065812686,0.6037965714931488,2,11,8.354021724034451,0.9406249614862295,2,24
270,81.46189473518342,0.06512421369552612,2,15,0,1.064391803741455,0,20
271,17.596723929393107,1.3285757303237915,2,3,0,1.18550972143809,0,6,0,1.38823063807054,0,17,0,1.3764046827952068,0,20
272,0,0.9914965629577637,0,3,0,1.1939007997512818,0,8,0,1.0634581347306569,0,20
273,3.261571621920984,0.861443837483724,2,3,0,1.1369169818030462,0,12,0,1.146701157093048,0,16,0,1.1243484318256378,0,20
274,14.081868107948377,1.1398971229791641,2,8,0,0.969515879948934,0,17,0,1.1714478333791096,0,20
275,6.316040136033393,0.4307885567347209,2,3,0,1.3805048730638292,0,12,0,1.3560348510742188,0,17,0,1.3234151601791382,0,20
276,15.567782936303622,1.59448960849217,2,7,0,0.8834706902503967,0,17,0,1.1898247003555298,0,20
277,8.419051120398183,0.4943593939145406,2,3,0,1.1234201533453805,0,10,0,1.163252055644989,0,20
278,15.917166255946082,1.0184398492177327,2,3,0,1.3605239788691204,0,6,0,1.3726240595181782,0,12,0,1.3466801643371582,0,17,0,1.312029282251994,0,20
279,14.316566534371248,1.0004329434756576,2,29
280,23.793353918410524,0.4342726833290524,2,9,0,1.1112072070439656,0,12,0,1.1106051206588745,0,17,0,1.2686717510223389,0,20
281,22.160080776950778,0.5960212796926498,2,4,40.38884392220395,0.3221229190627734,2,28,169.15497535346972,0.3076134920120239,2,32,486.7409475724347,0.1362105290526929,2,55,5.861800396237401,0.2703775962193807,2,58,509.2387828997645,0.11313701586590873,2,76,19.59654071683124,0.3935973771980831,2,83,29.007595995652782,0.3900849421819051,2,86,73.86072209721041,0.18969838550457588,2,99
282,0.2110381671567315,1.142257849375407,2,3,0,1.491575731171502,0,12,0,1.5103206634521484,0,17,0,1.4805517594019573,0,20
283,0.17884693438496319,0.7130307753880819,2,3,0,1.1410381529066298,0,12,0,1.1122892498970032,0,16,0,1.0394608676433563,0,20
284,19.574757177956513,0.09116831192603478,2,13,0.039172562814707726,0.13391104340553284,2,27,79.9098157759488,0.2051596368352572,2,45,101.73482949001817,0.22765576280653477,2,61,219.61014229453664,0.1824127972126007,2,66,505.1439956438517,0.14832100768884024,2,72,100.4028449169527,0.19141656160354614,2,75,681.1957545153598,0.14727110862731935,2,90,494.8373564977309,0.10336452350020409,2,94,134.21321845715795,0.40289583802223206,2,99
285,41.25619333864012,0.08128930273510161,2,21,66.17517183164313,0.11028981822378495,2,38,43.352694250725335,0.13970103678179951,2,79,27.316012419066,0.36981667081514996,2,82,150.07087850096872,0.1313406854867935,2,87,206.40256375160027,0.15659897215664387,2,95
286,28.360712648477275,0.8370019623211452,2,21
287,0,0.8307212988535563,0,3,0,0.9876680850982666,0,8,0,0.9495101074377695,0,20
288,0,0.9102962017059326,0,3,0,1.1904149055480957,0,8,0,1.154504617055257,0,11,0,1.1784534255663555,0,17,0,1.2369118134180705,0,20
289,20.662375448347216,0.8331035110685561,2,9,0,0.8583133901868548,0,16,0,0.9876261949539185,0,20
290,0,0.8705538511276245,0,3,0,1.0665802359580994,0,9,0,1.0743988752365112,0,20
291,0,0.9021686712900797,0,3,0,1.1141027927398681,0,8,0,1.0823452207777235,0,17,0,1.2009915908177693,0,20
292,22.145669779510328,0.3189927637577057,2,9,0,0.7578502496083578,0,12,0,0.5539966225624084,0,16,0,0.6356273889541626,0,20
293,2.904472263913156,0.7607998053232828,2,3,0,1.3216258357552921,0,20
294,0,1.0148584842681885,0,3,0,1.2225720167160035,0,8,0,1.1031538645426433,0,17,0,1.1588497161865234,0,20
295,29.175484446695307,0.3056330400354722,2,17,0.7218874409561927,0.5153984626134237,2,20
296,9.432131735916995,1.2492197632789612,2,10,0,0.9608783960342407,0,20
297,19.421103803459147,0.2592106233624851,2,17,28.51645656208293,0.20168307423591614,2,25,48.869140452387875,0.16070539752642313,2,31,23.927737460851212,0.34622013568878174,2,38,31.949809190060687,0.3610745337274339,2,47
298,0,0.6954203645388285,0,3,0,0.7560726063592094,0,10,0,0.7561480760574341,0,20
299,0,0.8718728621800741,0,3,0,1.1200682401657105,0,8,0,1.044095794359843,0,11,0,1.0881939729054768,0,17,0,1.1868391036987305,0,20
300,9.871917888926388,0.7217504978179932,2,6,0,1.0729135383259167,0,17,0,1.2338053385416667,0,20
301,16.58623499725484,0.6551152034239336,2,11,23.90196603383692,0.6118318835894266,2,14,0,0.6286297788222631,0,20
302,15.566513849574143,0.8640720099210739,2,8,0,0.9639705551995171,0,17,0,1.2010093132654827,0,20
303,45.817172670119604,0.48237670461336773,2,6,0,1.4039507995952258,0,17,0,1.5502118666966755,0,20
304,11.823997713364893,0.2616925612092018,2,6,0,1.3754179152575405,0,17,0,1.5505542755126953,0,20
305,20.368932183598748,0.663510566407984,2,11,0,0.6794744729995728,0,14,0,0.6294933557510376,0,17,0,0.7885272105534872,0,20
306,11.06849983683627,0.6293477773666382,2,10,0,1.0448533177375794,0,20
307,13.309360030652135,0.32112227167401997,2,7,0,1.0548421541849773,0,10,0,1.0876509972981043,0,17,0,1.1750813722610474,0,20
308,23.43693238025248,0.3496768871943156,2,15,14.45120238590132,0.5041964948177338,2,21
309,38.29528616694903,0.5367556165675728,2,49,90.67537231070068,0.6318089485168457,2,54
310,0,0.6493596037228903,0,3,0,0.69968124798366,0,10,0,0.712843269109726,0,20
311,0,0.7185774246851603,0,3,0,0.7653334225927081,0,10,0,0.8122739553451538,0,20
312,13.934058669741775,1.0033586740493774,2,5,0,1.2805165549119313,0,17,0,1.5726680755615234,0,20
313,0,0.874305248260498,0,3,0,1.1491655111312866,0,8,0,1.0140267610549927,0,11,0,1.047155221303304,0,17,0,1.174371600151062,0,20
314,18.84525576059071,0.1328837312757969,2,4,0,0.68686076769462,0,17,0,0.9147603511810303,0,20
315,0.3315775662902034,0.7708906928698221,2,3,0,1.4217107428444757,0,12,0,1.3173006772994995,0,17,0,1.304085652033488,0,20
316,16.203755421564242,1.0921206263934864,2,17,0,1.1961636940638225,0,20
317,17.24514079359965,0.9393564354289662,2,11,0,0.8627717097600301,0,14,0,0.6966458559036255,0,17,0,0.8399010101954142,0,20
318,40.18952409725638,0.9489663441975912,2,3,0,1.4095005989074707,0,17,0,1.5246915022532146,0,20
319,12.410193894352979,0.7365919297391718,2,11,0,0.622073769569397,0,14,0,0.4426342844963074,0,17,0,0.5421406030654907,0,20
320,33.43984503270906,0.38520025213559467,2,3,0,1.0468587080637615,0,6,0,1.1383015513420105,0,12,0,1.14010591506958,0,17,0,1.1991757949193318,0,20
321,8.20726250040701,0.9114128053188324,2,4,0,1.3438941056911762,0,17,0,1.4782978296279907,0,20
322,47.738679087968954,0.4812962503536888,2,23
323,0,0.8516286015510559,0,3,0,1.1223039627075195,0,9,0,1.007659305225719,0,20
324,25.70990194653028,0.6147875785827637,2,6,0,1.2647742899981411,0,17,0,1.367701570192973,0,20
325,0,0.8547751108805338,0,3,0,1.0998900890350343,0,8,0,1.03448486328125,0,11,0,1.085491140683492,0,17,0,1.172627329826355,0,20
326,0,0.867892305056254,0,3,0,1.1400902271270752,0,9,0,1.0842460719021885,0,20
327,63.192038954354885,0.36936304718255997,2,4,90.07670957322007,0.3575766682624817,2,10,0,0.7711215530123029,0,17,0,0.8349993228912354,0,20
328,21.46423536958687,0.7830128627164024,2,14,30.647207483978278,0.8018439213434855,2,20,45.05739500715581,0.7808980291539972,2,31,25.190607443286837,0.7769251068433126,2,34
329,25.5336859415381,0.8408501148223877,2,3,0,1.298175056775411,0,6,0,1.3728813041340222,0,17,0,1.3175853490829468,0,20
330,0,0.917371908823649,0,3,0,1.0882075786590577,0,8,0,1.0142858525117238,0,20
331,8.276850624511065,0.599368284145991,2,6,0,1.4091337485746904,0,17,0,1.5379470984141033,0,20
332,15.6984295594827,0.5672844002644221,2,24,19.87884533888398,0.537676819733211,2,31
333,20.28804921875964,0.7965744733810425,2,17,0.6323876345856579,0.8342388868331909,2,20
334,23.088638998021683,0.4388956129550934,2,12,0,0.87697733938694,0,20
335,10.410979818373056,0.18807433332715714,2,7,0,0.9079351425170898,0,12,0,0.7046211719512939,0,17,0,0.744738499323527,0,20
336,6.15512555706351,0.7991400957107544,2,9,0,1.2802745898564656,0,12,0,1.1265106201171875,0,17,0,1.3627350727717082,0,20
337,19.818701901805134,0.30621733599238926,2,9,49.5115496525969,0.49190730849901837,2,12,0,0.720919668674469,0,17,0,0.9243743022282919,0,20
338,21.770998649365314,0.5568626589245267,2,27
339,25.733252546282372,0.7699846625328064,2,40,124.04494865665075,1.2220294773578644,2,56,10.672787782097709,1.0022493998209636,2,59
340,3.291240769500985,0.5040502448876699,2,3,10.46853695178842,0.4321420192718506,2,12,17.38934089111076,0.2926204606242802,2,35
341,34.76357845475528,0.647363829612732,2,10,0,0.9094823939459664,0,17,0,1.0673095385233562,0,20
342,0,0.7229498624801636,0,3,0,0.8244674035481044,0,10,0,0.8241075277328491,0,20
343,32.25011447089999,0.6249164859453837,2,15,49.676695672968386,0.7310822076267667,2,24,32.10619884822451,0.7434427179396152,2,56
344,0,0.9202922582626343,0,3,0,1.2096926689147949,0,8,0,1.1315613587697346,0,11,0,1.1533101399739583,0,17,0,1.2623645464579265,0,20
345,17.81976845727377,0.42350079284773934,2,9,0,0.8635257879892985,0,12,0,0.6835044920444489,0,16,0,0.8090765923261642,0,20
346,23.150880766325145,1.1602135399977367,2,12,49.73120476077454,0.22759766783565283,2,28
347,11.933436386457615,0.6577514335513115,2,8,0,1.172038584947586,0,12,0,1.1366990089416504,0,17,0,1.3319388628005981,0,20
348,13.814479766248033,0.2523335009813309,2,5,0,0.9843947092692057,0,17,0,1.0257782141367595,0,20
349,42.869111349415505,0.08260993659496307,2,24,62.591527299922674,0.1692864491659052,2,41,29.450877645737783,0.47161393061928125,2,64
350,17.875508543360834,0.7261576897957746,2,17,0.42678779286379276,0.7156666119893392,2,20
351,51.39285571071541,0.13467445075511933,2,10,86.21912955167112,0.19798140612340742,2,41
352,32.436776430363764,0.30453302959601086,2,12,0,0.7630826607346535,0,20
353,65.03605293557236,0.20290296338498592,2,8,108.14526179583234,0.14140982429186502,2,17,23.81400388688704,0.2700806111097336,2,28,53.29274855805819,0.27511703222990036,2,32,94.81525125892725,0.2492356917687825,2,39,123.84110299665647,0.27178414165973663,2,51,73.47352370335012,0.3517511188983917,2,54
354,9.923342190656179,0.9119921177625656,2,8,0,1.0707223812739055,0,11,0,1.0997533202171326,0,17,0,1.283477743466695,0,20
355,0.16718435433832118,0.8809728622436523,2,3,0,1.3340269327163696,0,11,0,1.391378124554952,0,17,0,1.3075676759084065,0,20
356,0.048308683043107446,0.6123198568820953,2,3,0,0.8045553631252713,0,12,0,0.9539470672607422,0,17,0,0.8945053418477377,0,20
357,7.075989432596397,0.14022793993353844,2,4,0,1.0771564061825092,0,17,0,1.230816125869751,0,20
358,0,0.7782977422078451,0,3,0,1.0061322848002117,0,9,0,1.0106207782571965,0,20
359,0,0.8328378200531006,0,3,0,1.0600337982177734,0,8,0,1.007407585779826,0,20
360,0,0.7176056305567423,0,3,0,0.8708511392275492,0,9,0,0.8258437026630748,0,20
361,13.816652736777737,0.6912657432258129,2,32
362,11.3848517056543,0.3894924468853894,2,17,0,1.1166151364644368,0,20
363,3.685174508554035,0.9193079233169555,2,5,6.087870593443144,0.8916232585906982,2,8,45.08290834478932,0.34262023369471234,2,11,65.1667940204291,0.3695200889006905,2,34,10.62293988440626,0.38331182797749835,2,49,14.24661853315133,0.6493847221136093,2,53
364,11.809988249817868,0.6865617831548055,2,9,0,0.9243342876434326,0,12,0,0.682831597328186,0,17,0,0.9197625517845154,0,20
365,16.580682609095476,0.6557711362838745,2,20
366,11.192828039667242,0.6537349857389927,2,16,0,1.1940255761146545,0,20
367,0.1521373464070988,1.002982219060262,2,3,0,1.452454537153244,0,11,0,1.519278923670451,0,17,0,1.4488297700881958,0,20
368,18.24519262235767,0.8883889118830363,2,3,0,1.1915699640909831,0,6,0,1.273614070632241,0,17,0,1.2792707284291585,0,20
369,0,1.0633050799369812,0,3,0,1.2290660937627156,0,9,0,1.088383143598383,0,20
370,10.254551022393388,0.711323618888855,2,3,0,1.3329432408014934,0,6,0,1.3522057858380405,0,17,0,1.288135290145874,0,20
371,16.394891246459615,1.1809334225124783,2,9,0,0.8368256911635399,0,17,0,0.9472659031550089,0,20
372,29.155939750432,0.2229091301560402,2,12,0,0.6959790177643299,0,20
373,11.143357005477075,0.7991349299748739,2,3,0,1.3342519203821819,0,6,0,1.4055742892352017,0,17,0,1.3789862791697185,0,20
374,7.556607293495546,1.0401431719462078,2,3,0,1.4379839102427165,0,12,0,1.3444489002227784,0,17,0,1.3197009960810344,0,20
375,26.882203028139227,0.6969805558522543,2,3,0,1.0184681415557861,0,6,0,1.1031713160601528,0,17,0,1.0884563128153484,0,20
376,24.494980263532018,0.6774436897701688,2,9,43.67587586002121,0.4954380492369334,2,12,95.4515922542594,0.3076779181542604,2,35
377,9.912767292494301,1.1552365303039551,2,5,0,1.1271333183561052,0,12,0,1.2244180202484132,0,17,0,1.3123147090276082,0,20
378,0,0.836048404375712,0,3,0,1.0162582567759924,0,10,0,1.0419769406318664,0,20
379,34.512958792222705,0.5055109492757104,2,22
380,26.80116876122153,0.3201421822110812,2,12,42.0114765192094,0.2825117309888204,2,15,81.95521219675999,0.2702987790107727,2,20,193.17029769407495,0.28694354742765427,2,24,11.815216011489644,0.4381098319654879,2,47
381,19.68186968571158,0.5463992900708142,2,17,0,1.110152045885722,0,20
382,11.309990162812435,1.0086841185887654,2,3,0,1.280834436416626,0,6,0,1.3036981622378032,0,12,0,1.2733383417129516,0,17,0,1.1979612906773884,0,20
383,52.03149283021375,0.33078326284885406,2,10,0,0.760442852973938,0,14,0,0.5787147879600525,0,17,0,0.7642572323481241,0,20
384,0.3353411326648877,0.9790757099787394,2,3,0,1.5196185622896468,0,10,0,1.5469704355512346,0,17,0,1.4595763683319092,0,20
385,20.336439069568847,0.874889999628067,2,8,0,1.0459877649943035,0,11,0,1.0103679498036702,0,17,0,1.1871760686238606,0,20
386,15.347010421155817,0.9050196734341708,2,11,0,1.141351302464803,0,20
387,0.19529080663874032,0.8375145594278971,2,3,0,1.3833182603120804,0,11,0,1.3296778202056885,0,17,0,1.2222195863723755,0,20
388,16.575026402854917,0.8499549825986227,2,12,0,0.9144208878278732,0,20
389,9.671921726790092,1.1246732757205056,2,21
390,22.552017611817114,0.1941643473174837,2,9,0,0.8371543884277344,0,12,0,0.5460620999336243,0,17,0,0.7742488781611124,0,20
391,14.050916115195418,0.7850376339185805,2,21
392,14.887793108875801,0.2562872480887633,2,13,0,0.8396034496171134,0,20
393,0.07979433786650213,0.858499010403951,2,3,0,1.141585601700677,0,12,0,1.2075137794017792,0,16,0,1.1656925678253174,0,20
394,24.934531167990777,0.6943500306871202,2,9,17.652130299731233,0.7530004183451334,2,12,0,0.6508303165435791,0,17,0,0.719411313533783,0,20
395,12.466978762586665,1.0299244324366252,2,3,0,1.5036436170339584,0,11,0,1.5620401501655579,0,17,0,1.4564030170440674,0,20
396,13.39632542744656,0.5031583259503046,2,6,20.191568618413484,0.4726932261671339,2,13,38.95650629526374,0.4588053561747074,2,21,65.00527270633049,0.474060483276844,2,25,145.43557226111753,0.32945029735565184,2,40
397,6.007485101788073,0.6726597547531128,2,3,0,1.4530221886105008,0,12,0,1.4390138626098632,0,17,0,1.3647054036458333,0,20
398,17.19438236386447,1.3350005447864532,2,4,0,1.2932289093732834,0,12,0,1.3495468139648437,0,17,0,1.4248106082280476,0,20
399,85.3991761387665,0.09699683586756389,2,15,0,0.9558300971984863,0,20
400,25.38482046580395,0.7419947326183319,2,10,0,1.038845317704337,0,17,0,1.2267677386601765,0,20
401,8.77526735191737,0.09214796498417854,2,4,0,0.9722603559494019,0,7,0,0.9124925255775451,0,17,0,1.06873353322347,0,20
402,9.62871700131595,1.167884200811386,2,8,0,0.9227089219623141,0,17,0,1.0646965503692627,0,20
403,0,0.7336408098538717,0,3,0,0.9281641046206156,0,9,0,0.8805129528045654,0,20
404,51.37915820496025,0.3963338320071881,2,13,128.85896949523513,0.5701318383216858,2,16,190.99121058696545,0.4798156186938286,2,36
405,32.70045422975638,0.6401702073904184,2,26
406,50.570434498067854,0.25298326259309595,2,22,23.56216335625448,0.8612991625612433,2,33
407,31.506298267048262,0.18782520294189453,2,4,42.590721096943305,0.15587418473192624,2,32
408,1.2227925665103305,0.457208052277565,2,4,16.764853601985426,0.3782300651073456,2,7,0.28107811235790475,0.4631020426750183,2,10,37.59727171678108,0.27559557060400647,2,13,432.5521868241033,0.03877272084355354,2,29,164.90913153829152,0.3858898679415385,2,32,93.82002890788635,0.5647355715433756,2,35
409,18.951157771165818,0.4581956505775452,2,20,62.16306949929672,0.4553991158803304,2,23,123.69217259396335,0.26303983107209206,2,35
410,27.04523622697431,0.22486251095930734,2,6,45.33882896676158,0.12684714794158936,2,9,78.09751175952283,0.10284176468849182,2,24
411,27.149432886278834,0.30548403208906,2,11,0,0.7375627424981859,0,20
412,0,0.962871789932251,0,3,0,1.2456067562103272,0,8,0,1.2585012515385945,0,20
413,0,0.7303657333056132,0,3,0,0.895797868569692,0,9,0,0.8476003191687844,0,20
414,36.001308268106065,0.38636510968208315,2,10,67.85166704915825,0.31431370228528976,2,30
415,13.400875560222078,1.3872031840411099,2,11,0,1.2085004250208538,0,20
416,13.290505902580529,0.6696426783289228,2,28
417,0,0.7142295440038046,0,3,0,0.7810695597103664,0,10,0,0.796926486492157,0,20
418,0,0.9516992568969727,0,3,0,1.0806909799575806,0,10,0,0.868275809288025,0,20
419,0,0.7085832754770914,0,3,0,0.8258893887201945,0,9,0,0.8185682946985419,0,20
420,22.173697138409366,0.37167256811390753,2,23
421,13.154173209418094,1.1868618428707123,2,4,0,1.3226161369910607,0,17,0,1.494895100593567,0,20
422,41.06549058906752,0.2914795935153961,2,5,58.012941191112134,0.2896134526956649,2,26
423,4.901816106931733,0.8706757128238678,2,4,0,1.3505157977342606,0,12,0,1.3462132692337037,0,17,0,1.4138822555541992,0,20
424,29.47152542683047,0.9268513917922974,2,15,57.98839965658209,0.9970510547811334,2,26
425,0.19025509395107393,0.8477694392204285,2,3,0,1.5356501075956557,0,12,0,1.394003677368164,0,17,0,1.37480628490448,0,20
426,18.70613799125102,0.8814831924438477,2,25
427,0.09364781631251265,0.6534410119056702,2,3,0,1.2165818744235568,0,12,0,1.2017517805099487,0,17,0,1.0768143733342488,0,20
428,17.99959002358524,0.7729633092880249,2,5,41.44549941860462,0.6812007483981904,2,26
429,5.866221658397819,0.8949644267559052,2,4,0,1.1619897931814194,0,12,0,1.1588558673858642,0,17,0,1.199433445930481,0,20
430,16.945681078374783,1.5556546211242677,2,5,53.64088989782305,0.3945637047290802,2,22
431,8.590172653906741,0.29015425592660904,2,4,0,1.1568364799022675,0,16,0,1.2677291333675385,0,20
432,14.297658705411179,0.900973916053772,2,5,0,0.9808743000030518,0,8,0,1.12259664800432,0,17,0,1.2579190731048584,0,20
433,12.874049933343025,0.6524243567671094,2,14,0,0.8733938237031301,0,20
434,14.040741023376187,0.7926192564122817,2,17,0.4581481886000805,0.7928041617075602,2,20
435,0,1.0491169293721516,0,3,0,1.2398716410001118,0,9,0,1.0540829680182717,0,20
436,105.74749996377514,0.2743696016924722,2,7,0,0.8671283920605978,0,10,0,0.8760852643421718,0,17,0,1.0575267871220906,0,20
437,0.06728524234092677,1.0488403638203938,2,3,0,1.2882995870378282,0,12,0,1.3869968891143798,0,17,0,1.2681728601455688,0,20
438,20.893395517910935,0.39115054228089075,2,11,0,0.7518898646036783,0,20
439,140.85915948854418,0.02700108086520975,2,22
440,11.05343444352076,0.5776907170520109,2,17,0.41914250028999867,0.6582742929458618,2,20
441,0,0.8975973327954611,0,3,0,1.1596330404281616,0,8,0,1.095235029856364,0,11,0,1.1241751710573833,0,17,0,1.2239756186803181,0,20
442,0,0.745699405670166,0,3,0,0.8720894881657192,0,10,0,0.8681119322776795,0,20
443,0,0.8201808333396912,0,3,0,1.009123730659485,0,8,0,0.898790309826533,0,20
444,12.43243258900859,0.8967621326446533,2,3,0,1.4945359230041504,0,6,0,1.5429209470748901,0,12,0,1.4353971242904664,0,17,0,1.3622703949610393,0,20
445,16.642572957204013,0.42573911845684054,2,10,0,0.8194615840911865,0,14,0,0.6438983082771301,0,17,0,0.748852531115214,0,20
446,12.482698423829822,0.6788674380098071,2,14,0,1.0465571880340576,0,20
447,0,0.7392746607462565,0,3,0,0.8406762838363647,0,8,0,0.8087649097045263,0,20
448,13.394136239998165,0.39820778599152196,2,13,0,0.9787285838808332,0,20
449,0,0.831654946009318,0,3,0,0.9438653945922851,0,8,0,0.8636793394883474,0,20
450,9.957408523890678,0.6313764750957489,2,4,0,1.2562061181435218,0,17,0,1.3601077795028687,0,20
451,24.97650143197875,0.5140697658061981,2,5,0,1.2636256416638691,0,17,0,1.4307221174240112,0,20
452,32.197641708918106,0.2521040141582489,2,12,0,0.7342119365930557,0,20
453,13.169269103254369,0.7839566171169281,2,4,0,1.0400657562109141,0,17,0,1.1690640052159627,0,20
454,13.322497651382943,0.7568089902400971,2,10,0,0.9683463176091512,0,13,0,0.807342529296875,0,17,0,0.980256716410319,0,20
455,18.27333085373175,0.8237812280654907,2,5,0.061539077700573146,0.7165480405092239,2,9,0,0.9381353060404459,0,12,0,0.9755073547363281,0,17,0,1.390236735343933,0,20
456,0.1430566207111198,1.076647400856018,2,3,0,1.462406839643206,0,17,0,1.4198215007781982,0,20
457,30.10526682310207,0.6402978386197772,2,7,0,0.9225267966588339,0,10,0,0.9927985497883388,0,17,0,1.158286213874817,0,20
458,0.34711001397270685,0.9281349579493204,2,3,0,1.592000789112515,0,12,0,1.5579854726791382,0,17,0,1.5291562875111897,0,20
459,38.39304835793436,0.2484500656525294,2,6,0,1.0805994272232056,0,10,0,1.0606060028076172,0,17,0,1.1596867243448894,0,20
460,2.8230121826663295,0.7194960474967956,2,5,0,1.121924809047154,0,12,0,1.133972853422165,0,16,0,1.1631843149662018,0,20
461,24.25666058391007,1.5144706070423126,2,4,0,1.2776544690132141,0,12,0,1.1027607679367066,0,17,0,1.1169124046961467,0,20
462,11.045957901046913,0.7974980175495148,2,4,0,0.8412747474817129,0,17,0,0.9174600044886271,0,20
463,5.94533294187539,0.8694813251495361,2,3,0,1.4581800550222397,0,11,0,1.4732457796732585,0,17,0,1.321089545885722,0,20
464,9.249855229837642,0.5319598093628883,2,4,0,0.8664140105247498,0,12,0,0.8322717845439911,0,16,0,0.9679209887981415,0,20
465,10.232911440708643,0.43870387971401215,2,4,0,1.3327630162239075,0,12,0,1.3330454587936402,0,17,0,1.3533546924591064,0,20
466,23.65625273886686,1.0672109425067902,2,4,0,1.1454820816333477,0,17,0,1.364053209622701,0,20
467,19.584675062896732,0.8175541460514069,2,4,0,1.206603848017179,0,17,0,1.2889696756998699,0,20
468,18.989545223505196,0.2740681543946266,2,4,0,1.1814978672907903,0,17,0,1.2225138743718464,0,20
469,20.524866310914877,0.3584960500399272,2,3,0,1.3597213957044814,0,12,0,1.4370970010757447,0,17,0,1.416759689648946,0,20
470,0.25100102123247786,0.8832844098409017,2,3,0,1.3950131601757474,0,12,0,1.364654541015625,0,17,0,1.3134688933690388,0,20
471,0.20060027639557332,0.8378415505091349,2,3,0,1.5320614443884955,0,12,0,1.6007755100727081,0,16,0,1.5130214095115662,0,20
472,0,0.9296128749847412,0,3,0,1.1884930372238158,0,8,0,1.1502005557219188,0,20
473,0,0.9466468493143717,0,3,0,1.1904255867004394,0,8,0,1.1321074962615967,0,17,0,1.2516340414683025,0,20
474,0,0.7538758317629496,0,3,0,0.8395474467958722,0,10,0,0.8659408211708068,0,20
475,11.55116283804646,0.9400275548299154,2,3,0,1.3695907990137737,0,6,0,1.3863394657770793,0,12,0,1.3562458753585815,0,17,0,1.341227412223816,0,20
476,0,0.6481635371843973,0,3,0,0.7356607658522469,0,10,0,0.7434132933616638,0,20
477,0,0.8585507869720459,0,3,0,1.1333532134691875,0,9,0,1.0197210962122136,0,20
