0,1.0265496387275532,1.4858947176615598,2.0,26
1,0.2691861452301242,0.5732452963836249,2.0,39
2,0.31513471497085516,0.6481026821330355,2.0,103,0.46509837323872605,0.9946981739688519,2.0,182,0.31513471497085516,0.6481026821330355,2.0,184,0.22568199834034752,1.271167858605985,2.0,200
3,0.03769250699942092,1.1553739420760523,2.0,153,0.695977571081619,0.9241798041331142,2.0,200
4,0.7146394158809873,1.0980834385983222,2.0,93,0.09058788062069928,0.5650460041828748,2.0,166,0.7146394158809873,1.0980834385983222,2.0,200
5,1.8092587567495744,1.7323029560745162,2.0,37
6,0.43871999135039197,0.7616908705612441,2.0,200
7,0.6219697796464905,1.0100609765932225,2.0,11,0.8721071825606322,1.7616745643252982,2.0,29
8,1.0261221275474492,1.3084115017632132,2.0,44
9,0.3804706769162598,1.244100221941381,2.0,22,0.7368883371287334,0.37038482883652046,2.0,196,0.22327330228044076,1.4212819366391887,2.0,200
10,0.5693814326211295,1.1937671041820248,2.0,45
11,0.8199409737716985,0.8636608176047076,2.0,25,1.4867117191776273,1.7678687298164435,2.0,94
12,0.8469092949160513,1.3245365473143023,2.0,88
13,0.2789780168739845,1.0620614115066183,2.0,30
14,0.5102050285211814,1.5735599029750689,2.0,200
15,0.3883556931446016,1.657408591221179,2.0,133
16,1.9119764041626364,1.78614046120659,2.0,43,0.9245310448059583,1.1639796784056033,2.0,109
17,1.1479640646963798,0.618210463966091,2.0,76,0.13972470017818991,0.6585599333353368,2.0,94,1.1479640646963798,0.618210463966091,2.0,200
18,0.36878665824585977,1.3640703102703473,2.0,22,0.25930660853771903,0.9013789431013305,2.0,103,0.36878665824585977,1.3640703102703473,2.0,200
19,0.14503313979970772,0.5921268572328527,2.0,27
20,0.6358466102163753,1.3150800825461604,2.0,35,0.14503313979970772,0.5921268572328527,2.0,83
21,0.1771552486062219,1.4852575002706634,2.0,23
22,0.6795549916375812,1.2143736654994548,2.0,8,0.12123072556630762,0.6014127362084682,2.0,14,0.6795549916375812,1.2143736654994548,2.0,175
23,1.377361352404434,0.6514381703105121,2.0,135,0.2686130941179961,1.002679595443368,2.0,151,0.6547107487072561,0.7644145018263045,2.0,164
24,0.713004793504315,1.0283989129118647,2.0,46,0.17708339779662777,1.1376081452011921,2.0,187,1.0713892068106972,1.155167292634827,2.0,200
25,0.46055156955803855,1.3445773115421555,2.0,136,0.1446348479845651,1.0138994819491804,2.0,169,1.2984508894486722,0.9663071325122201,2.0,200
26,0.040377205893347534,0.5014772403160673,2.0,22,0.22817776879927165,1.3068475320334885,2.0,82,0.040377205893347534,0.5014772403160673,2.0,152,1.6988500726065645,1.3842123913623037,2.0,200
27,0.606860437683513,1.410477302110395,2.0,73
28,0.606860437683513,1.410477302110395,2.0,25
29,0.17353720567792474,0.7704294935594403,2.0,74,1.4402077242501914,1.9096270952273646,3.0,103
30,0.22075508895783086,0.6518740809223295,2.0,24,0.7726519613126429,1.3602359510117257,2.0,73
31,0.7726519613126429,1.3602359510117257,2.0,33,0.22075508895783086,0.6518740809223295,2.0,62
32,1.6458609124128476,1.0657278299774022,2.0,126
33,0.8903807369853574,1.0472289426393595,2.0,28
34,0.8903807369853574,1.0472289426393595,2.0,20
35,0.8903807369853574,1.0472289426393595,2.0,101,0.20430247063286316,0.5887730183889047,2.0,109
36,0.12932490084432444,0.8636493168607505,2.0,35,0.5505231216484072,1.0032068040340762,2.0,169,0.7141387433574528,0.856497752170192,2.0,200
37,0.7736155183249135,1.5457992197179282,2.0,11,0.3066858812972922,0.815291814050782,2.0,28
38,0.2567414677360302,0.33978128370506827,2.0,17,1.2677935642434701,1.3640881191255967,2.0,21
39,1.2677935642434701,1.3640881191255967,2.0,62
