0,0.04197827296527662,0.1459506311374007,2.0,32,0.459262709890131,0.2868641450700467,2.0,155,20.552784193553205,1.6800914354501848,2.0,200
1,0.04542014677669151,0.25861149068873157,2.0,61,0.47765793898494874,0.5072514607189885,2.0,131,0.04542014677669151,0.25861149068873157,2.0,200
2,0.028286886166011594,0.3192783774870737,2.0,19,0.03618422994843501,0.2024901383805564,2.0,35,0.028286886166011594,0.3192783774870737,2.0,200
3,0.4000587385457237,0.42566451791988746,2.0,34,0.011568677518780303,0.24859938520409178,2.0,85,18.327582032780395,1.2734624757935762,2.0,116,0.4000587385457237,0.42566451791988746,2.0,200
4,0.011142294675926711,0.57558242486618,2.0,27,16.41547565127258,1.2342999867482705,2.0,31
5,0.3570514044648517,0.35162795758062604,2.0,38,17.87978933533104,1.1962606755728424,2.0,102
6,0.007476159560470684,0.28301154025469294,2.0,30,18.577007781598592,1.093924533206739,2.0,111,0.3964795774618416,0.352166316132188,2.0,158,0.007476159560470684,0.28301154025469294,2.0,200
7,18.8336583147955,1.6045251530998024,2.0,21
8,0.5302149759412509,0.49744645970802215,2.0,20
9,0.026651277722857854,0.6386251936114329,2.0,28
10,18.33784440691216,1.263589468758835,2.0,33
11,0.013919074897639975,0.6049576058049582,2.0,21,18.33784440691216,1.263589468758835,2.0,63
12,17.077867878694157,1.404325077478913,2.0,37
13,0.0003797774321988405,0.6728182698555423,2.0,37,16.752241316572032,0.8401136984880673,2.0,62
14,15.957828177974255,1.1481292208248401,2.0,7,0.01927404675173079,0.3905789638762063,2.0,35,0.2854512572556551,0.046129382860204404,2.0,127
15,16.695874346140744,1.0448917328358351,2.0,28
16,16.695874346140744,1.0448917328358351,2.0,24
17,0.4543718591441169,0.26514822899833923,2.0,93,16.695874346140744,1.0448917328358351,2.0,97,0.009972458157680086,0.15849970660518667,2.0,134
18,17.553718094561066,1.7023908723261918,2.0,21
19,0.03762235973973048,0.5917881751632497,2.0,66,0.3018177443965963,0.30872845094044987,2.0,90,0.03762235973973048,0.5917881751632497,2.0,139,18.56901491390595,1.1491201594766893,2.0,145
20,0.26661879789267806,0.49216097202018755,2.0,111,0.006713128090894867,0.28839196751316337,2.0,200
21,0.464781876090058,0.49299717969358803,2.0,153,0.016686961975806727,0.3355951888991176,2.0,159,21.21597052253002,1.6330985321525258,2.0,165
22,0.4485354142421379,0.40733193691681713,2.0,60
23,0.4485354142421379,0.40733193691681713,2.0,93
24,17.55605331300753,0.9253572907850685,2.0,41
25,0.4642655296648553,0.2270288941021059,2.0,75
26,19.76135887512295,1.072199715531187,2.0,27
27,18.10935763127287,1.562060191687395,2.0,35
28,0.02638500341565495,0.37417761558792945,2.0,75,18.27237908183138,0.9792663879723043,2.0,90
29,17.648356133067157,1.0768907206567335,2.0,75
30,0.3732894609548679,0.12711620391965142,2.0,35
31,0.026586096726077858,0.2328808146084833,2.0,171
32,16.91245857263016,1.603034767217683,2.0,20
33,16.91245857263016,1.603034767217683,2.0,36
34,14.376437590066569,0.7597151437529125,2.0,36,0.5249437359997251,0.5283049144015644,2.0,40,0.01282844954619555,0.14754507729841423,2.0,86,0.5249437359997251,0.5283049144015644,2.0,92,0.01282844954619555,0.14754507729841423,2.0,200
35,0.01399458893191386,0.1809277145176138,2.0,50,19.71879415704428,1.1302350294860477,2.0,115,0.01399458893191386,0.1809277145176138,2.0,168,0.06294733568117411,0.2852115872851356,2.0,200
36,0.3161696031226792,0.4647946799655853,2.0,84
37,19.82176902836652,0.6441869957738324,2.0,5,0.06388987359605941,0.36173398098607457,2.0,25
38,19.987069317347817,0.8976363955178008,2.0,30,0.052470648852198126,0.30162533265850133,2.0,34,19.987069317347817,0.8976363955178008,2.0,79,0.4695551262074177,0.5824651779326118,2.0,104,0.052470648852198126,0.30162533265850133,2.0,174
39,17.910913161499572,1.0885430291281435,2.0,34
40,17.910913161499572,1.0885430291281435,2.0,25
41,17.910913161499572,1.0885430291281435,2.0,26
42,0.19759910973631728,0.3968194161483456,2.0,14,0.022700552369081688,0.5559498680574287,2.0,73,0.19759910973631728,0.3968194161483456,2.0,169,19.24315094563101,0.5813484379397881,2.0,176,0.19759910973631728,0.3968194161483456,2.0,200
43,0.048608601340691275,0.48139351937523617,2.0,79
44,18.408581752075005,1.3980076871382392,2.0,22
45,0.5424451957021432,0.2822672436498126,2.0,7,0.01312804719348905,0.3852214486764602,2.0,22,0.5424451957021432,0.2822672436498126,2.0,200
46,0.0035458968643263824,0.5482192982198315,2.0,156,0.31145121890108063,0.8428108421187341,2.0,171
47,0.024974396367174027,0.2905532482096458,2.0,25,16.808913067672133,1.3467520692100055,2.0,54
48,16.808913067672133,1.3467520692100055,2.0,48,0.3783963586719152,0.4471679908059788,2.0,71
