0,0.0136456779585672,1.7210702716775643,2.0,51,0.03121939094169278,0.07625137255635692,2.0,129,0.44139394425021605,0.3321769709543668,2.0,152,0.03121939094169278,0.07625137255635692,2.0,200
1,0.040057985830418454,1.8031418615541472,2.0,24
2,0.10819183767150536,0.08509197086554507,2.0,170,0.007031878939655034,1.5342627493338696,2.0,183,0.10819183767150536,0.08509197086554507,2.0,200
3,0.36752278849239506,0.23328664443758643,2.0,59
4,1.071962919434313,0.4414416079218735,2.0,31,0.008905528382224297,1.5131489953126345,2.0,84,0.012072910572306,0.040168175997385855,2.0,200
5,0.0012358320526187987,1.2378784629648454,2.0,200
6,0.10952280878144145,0.019556656714943645,2.0,73,0.6284946029528785,0.38050524780076955,2.0,174,0.014233955277339325,0.9125156960022431,2.0,200
7,0.2134617392674901,0.09002229943779877,2.0,200
8,0.006530078081861356,1.5607319533870618,2.0,107,0.7225303650845595,0.46553734298131727,2.0,113,0.006530078081861356,1.5607319533870618,2.0,200
9,0.3643892774655474,0.23708644380895214,2.0,97,0.006992981851091314,1.6054205252045606,2.0,132,0.3643892774655474,0.23708644380895214,2.0,200
10,0.10751918456140755,0.17315197906463903,2.0,30
11,0.8595033302418515,0.39321366842228267,2.0,6,0.006271596394795721,1.5047588155161724,2.0,36,0.10751918456140755,0.17315197906463903,2.0,56,0.8595033302418515,0.39321366842228267,2.0,159,0.006271596394795721,1.5047588155161724,2.0,166
12,0.0016339350621209436,1.9257754716642506,3.0,123
13,0.03291015013679214,1.2730382685576649,2.0,9,0.13268728857655132,0.10773431508492523,2.0,200
14,0.4368347212960495,0.03373607456522432,2.0,125,0.5236794026036908,0.3209383051688283,2.0,200
15,0.7514431130077257,0.24826286249479473,2.0,29,0.00019119473201807484,1.3568123892867754,2.0,63,0.08085830426822922,0.12480296770652252,2.0,106,0.00019119473201807484,1.3568123892867754,2.0,113,0.7514431130077257,0.24826286249479473,2.0,163,0.08085830426822922,0.12480296770652252,2.0,200
16,0.7265187078850941,0.26633906771978766,2.0,200
17,0.011359590168324607,1.8295230358737355,2.0,91,0.5389202674171437,0.22555408957126005,2.0,111,0.07117022612323821,0.11600282324613626,2.0,137,0.011359590168324607,1.8295230358737355,2.0,145,0.07117022612323821,0.11600282324613626,2.0,200
18,0.010481850941181354,1.9719110992045308,3.0,48,1.0990581435021438,0.24790488813124276,2.0,180,0.010481850941181354,1.9719110992045308,3.0,200
19,0.0035059698981198973,0.7669228034529922,2.0,200
20,0.09929127116462955,0.1079900767139261,2.0,15,0.7418814892936192,0.6877000735195268,2.0,200
21,0.38901292724545644,0.08232333566105117,2.0,68,1.0001690452191163,0.2194554932294655,2.0,200
22,0.5757218832800909,0.227535478442762,2.0,64,0.025816080738708332,1.4986222997297116,2.0,158,0.5757218832800909,0.227535478442762,2.0,178,0.025816080738708332,1.4986222997297116,2.0,200
23,0.00991528461622863,1.9620729037944264,3.0,33,0.21995191925170687,0.0156451336009166,2.0,200
24,0.14499713660146038,0.12049105003625933,2.0,41,0.023429709460030774,1.6145125929419908,2.0,200
25,0.030867252717413293,1.5160225968290941,2.0,44
26,0.48093998956173556,0.4243160956588433,2.0,11,0.011833221913128744,0.21085377363790367,2.0,145,0.48093998956173556,0.4243160956588433,2.0,155
27,0.03104298868268371,1.5246672660845972,2.0,49,0.3153252061846916,0.13395664019960812,2.0,99,0.03104298868268371,1.5246672660845972,2.0,200
28,0.2316859514358603,0.2502637122997274,2.0,19,0.017857807738321324,1.4128830619586707,2.0,37,0.2316859514358603,0.2502637122997274,2.0,108,0.017857807738321324,1.4128830619586707,2.0,200
29,0.002396043152068332,1.2810855607720506,2.0,32,0.22508031933365996,0.1330209298901521,2.0,106,0.8025255235785488,0.2419581356355089,2.0,109
30,0.8025255235785488,0.2419581356355089,2.0,77
31,0.14011804984259738,0.0920443356167155,2.0,19,0.18742814261954294,0.3279434641840371,2.0,53,0.03277582722448265,0.8507304023982327,2.0,154,0.18742814261954294,0.3279434641840371,2.0,167,0.14011804984259738,0.0920443356167155,2.0,197,0.03277582722448265,0.8507304023982327,2.0,200
32,0.26193133155493137,0.10141513420136206,2.0,7,0.02672793458596867,1.1083809851484356,2.0,36,0.26193133155493137,0.10141513420136206,2.0,200
33,0.24725580679667125,0.02323942994762293,2.0,141,0.005221587304473235,1.5558618105497617,2.0,200
34,0.01324260761783394,1.9620903888451966,3.0,158,1.0518031269045318,0.4881617464641278,2.0,169,0.01324260761783394,1.9620903888451966,3.0,200
35,0.8153473335508009,0.3327400901500087,2.0,115,0.03209114954733596,1.4108660969830715,2.0,200
36,0.006987808790924957,1.48964022555184,2.0,57,0.6127062834858137,0.2120513566648251,2.0,90,0.006987808790924957,1.48964022555184,2.0,141,0.6127062834858137,0.2120513566648251,2.0,152,0.006987808790924957,1.48964022555184,2.0,200
37,0.003319371699434471,1.734181850538657,2.0,59,0.5709340687871797,0.19094647491881853,2.0,118,0.003319371699434471,1.734181850538657,2.0,156,0.039651390864713504,0.07964923220872619,2.0,200
38,0.1965600387636336,0.12285111716558757,2.0,8,0.0037964978471804562,0.7755228605090333,2.0,41,0.1965600387636336,0.12285111716558757,2.0,44,0.0037964978471804562,0.7755228605090333,2.0,200
39,0.2354314225212851,0.09321129141094972,2.0,41,0.7662384010000572,0.40225606953663984,2.0,200
40,0.27346651707980185,0.08104056149124791,2.0,200
