0,0.035576224250416656,1.0678620425250265,2.0,85,0.008482515909581868,1.2957509815762411,2.0,139,0.035576224250416656,1.0678620425250265,2.0,200
1,0.036691684364277964,1.389136297013191,2.0,76,0.028250726785195412,1.569068455759107,2.0,115,0.036691684364277964,1.389136297013191,2.0,182,52.6490934170732,0.07746038005125015,2.0,200
2,46.32411321566617,0.24491510393717303,2.0,115,0.031418536811906705,1.1134184941856407,2.0,172,46.32411321566617,0.24491510393717303,2.0,200
3,49.98777616148326,0.24889627120086266,2.0,15,0.029051706861304025,1.3999424342024902,2.0,66,0.03425890952861871,0.995601631567841,2.0,200
4,0.006359136863731232,1.2824144940419515,2.0,24,0.04767538824956325,1.0434940906152756,2.0,37,55.94748048521342,0.19909200925406167,2.0,58
5,0.016130335572176892,1.429523595330612,2.0,37
6,51.090884498086126,0.1554685291583075,2.0,14,0.016130335572176892,1.429523595330612,2.0,31
7,0.057818572562578906,1.144420676464867,2.0,18,0.02980026758651605,0.7251027123559561,2.0,27
8,0.02980026758651605,0.7251027123559561,2.0,68
9,0.028428716655081072,1.7352866589569362,2.0,23
10,0.012866418766739463,1.849719365718252,2.0,161
11,0.084747506078665,1.5304675981504088,2.0,122,52.802732909947224,0.21782163880230726,2.0,200
12,0.014108744378751911,1.0050240149573795,2.0,12,54.13767789314369,0.3508280256274994,2.0,34
13,54.13767789314369,0.3508280256274994,2.0,13,0.01834281421434599,1.4791634252539498,2.0,44,54.13767789314369,0.3508280256274994,2.0,48
14,0.01824116220430502,0.8621868112357547,2.0,200
15,0.012435363700246128,1.1530096265966452,2.0,82,0.011728401508090777,1.9551660409615192,3.0,97,53.25368529827356,0.11962962679252946,2.0,191
16,50.36651515468891,0.1305275020286324,2.0,20
17,50.36651515468891,0.1305275020286324,2.0,26,0.01817612355844021,1.658646392519864,2.0,44,0.002664401417835048,1.362868218491568,2.0,96
18,54.110283678586875,0.17729248686622864,2.0,59
19,54.110283678586875,0.17729248686622864,2.0,140
20,0.01111433288794193,0.972236875853111,2.0,200
21,0.07259836444217453,1.763978307165089,2.0,61,50.77256450073267,0.18074215392100254,2.0,74,0.07259836444217453,1.763978307165089,2.0,170,50.77256450073267,0.18074215392100254,2.0,200
22,49.02151003164186,0.15095436914535876,2.0,15,0.020936546699247945,1.276033036707011,2.0,180
23,0.01296918431035051,1.8187186341456683,2.0,21,0.049210990856083645,1.6136511065766794,2.0,62
24,0.049210990856083645,1.6136511065766794,2.0,9,51.888738838675714,0.027210487501053954,2.0,22
25,0.006002804320434732,0.5329631394415885,2.0,34,0.03792060884624022,0.4164855449794752,2.0,148,51.438154695820835,0.07044212510570522,2.0,200
26,0.028516251029804644,1.1034757909895085,2.0,44,47.997093486335416,0.07300046628235671,2.0,54,0.028516251029804644,1.1034757909895085,2.0,80,0.012159256905255354,1.6047067534159467,2.0,172,0.028516251029804644,1.1034757909895085,2.0,200
27,52.39186573157527,0.14744618468134235,2.0,29,0.022776335938636632,1.2883045110640832,2.0,61,52.39186573157527,0.14744618468134235,2.0,75,0.022776335938636632,1.2883045110640832,2.0,97,0.008480549555911293,0.8896976379987296,2.0,200
28,0.0684203975895148,1.166581615844535,2.0,77,55.14922325666501,0.22548850866846276,2.0,81
29,0.020602917746294455,1.548877592083343,2.0,64
30,0.021797548682498065,1.3796578147326815,2.0,20,0.04772981527214791,1.5182117354666544,2.0,74
31,0.04772981527214791,1.5182117354666544,2.0,48
32,0.010610386023500505,1.2914266746005791,2.0,124,0.024188732940485583,1.3209700769504091,2.0,200
33,0.007042770115116734,1.0267137577426824,2.0,57
34,54.36868766370798,0.2004625865519244,2.0,46,0.031526808675448326,0.2514964415045212,2.0,68,0.05533215212426316,1.924829616404296,3.0,141,0.031526808675448326,0.2514964415045212,2.0,165,0.05533215212426316,1.924829616404296,3.0,200
35,0.04669171844568816,1.6062015819674598,2.0,92,49.46440991553781,0.10006469259324977,2.0,107
36,49.46440991553781,0.10006469259324977,2.0,30
37,0.049209776623912266,0.45861805050878124,2.0,54,0.04452847044568621,1.4815418302142807,2.0,97,0.049209776623912266,0.45861805050878124,2.0,200
38,0.008036187379740323,1.3065231108202955,2.0,85,50.257359961777695,0.21443933033662135,2.0,95
39,50.257359961777695,0.21443933033662135,2.0,44,0.00029681529483302667,0.7635851372913722,2.0,57,0.008036187379740323,1.3065231108202955,2.0,84,50.257359961777695,0.21443933033662135,2.0,93
40,0.029221178819846802,1.467810608803085,2.0,60,0.009386249402105227,0.6518869613612316,2.0,131,0.029221178819846802,1.467810608803085,2.0,175
41,0.024679494949208937,1.227946806206572,2.0,31,0.04283422335736613,1.4475365085676157,2.0,104,54.397176278697295,0.16525675336738388,2.0,184
42,0.004165847901612007,1.3799057287588727,2.0,130,52.300557730806325,0.15256396984264953,2.0,169
43,52.300557730806325,0.15256396984264953,2.0,27
44,0.0038325679868988073,1.068690786030225,2.0,33,0.0030019615305541484,1.361627966767187,2.0,173,0.0038325679868988073,1.068690786030225,2.0,200
45,0.07123343448353173,1.8666335125702544,2.0,51
46,0.005194014631942192,1.4615318412351763,2.0,35,0.035339231176530504,1.5229526970860943,2.0,200
47,0.00871591087202173,0.8621823124760087,2.0,152,0.023517780773550878,1.4482787854478232,2.0,156,51.77222267552415,0.19540265844045246,2.0,200
48,0.023523918176797005,0.9337155536213004,2.0,196,55.06683753787953,0.02326630383255443,2.0,200
49,0.04401385375671136,1.8675799776095547,2.0,183,0.010935353079178608,1.2881072079442548,2.0,200
50,0.03711041167484085,1.8293488807892901,2.0,20,49.23263543595621,0.20489050803401976,2.0,36
51,49.23263543595621,0.20489050803401976,2.0,74,0.03711041167484085,1.8293488807892901,2.0,124,49.23263543595621,0.20489050803401976,2.0,138
52,0.02214984836596326,0.5734859926958266,2.0,7,0.014077368183391534,0.893007190339507,2.0,124,0.02214984836596326,0.5734859926958266,2.0,180,52.00390276169394,0.1753470942427011,2.0,197
53,0.012242622047894596,0.9707616199937201,2.0,31,0.004651094935589815,1.393672095090799,2.0,109,0.012242622047894596,0.9707616199937201,2.0,200
54,0.01367068235308082,1.6734063968735067,2.0,200
