0,3.839136325054922,0.07182215850131901,2.0,30
1,3.839136325054922,0.07182215850131901,2.0,68,0.00035194183401911303,1.9485667104219568,3.0,108,3.839136325054922,0.07182215850131901,2.0,169
2,0.00100485663032186,0.9408408789640814,2.0,141,2.8934180836577394,0.08464861403200682,2.0,200
3,0.00021891468431442778,1.7348083941520616,2.0,111,3.92467263577257,0.5098584250687758,2.0,200
4,5.179746619801013,0.11127654429677748,2.0,19,0.005663105250850735,1.6342233593534186,2.0,127,0.051238070818410704,1.121075210703589,2.0,188,0.005663105250850735,1.6342233593534186,2.0,200
5,0.05892287258967949,0.7363339965209583,2.0,72,0.006364266320306334,1.8498584820059012,2.0,191,0.05892287258967949,0.7363339965209583,2.0,200
6,0.03437477502838647,1.196943628678838,2.0,100,0.03058153750069851,1.3122301667117902,2.0,137
7,0.03058153750069851,1.3122301667117902,2.0,33
8,4.360938209566075,0.1638345814304163,2.0,9,0.017580957574597413,1.4144849463969653,2.0,200
9,4.000391263230774,0.14222753576771321,2.0,158,0.026206481532216927,1.9736009350280053,3.0,200
10,3.0699595900364987,0.40555141551424034,2.0,31,0.02661407076901543,0.9875309912492996,2.0,75,0.010546925034040132,1.5256753635064937,2.0,105,3.0699595900364987,0.40555141551424034,2.0,200
11,4.670207526702298,0.12253418305499512,2.0,54,0.013207036594151272,1.1846692544313453,2.0,119,0.014166527544143994,1.6534306682744078,2.0,184,4.670207526702298,0.12253418305499512,2.0,200
12,0.005290068524968372,1.0598001121060072,2.0,76,3.2282982724027924,0.33297717825322415,2.0,90,0.024367802673887135,1.5932695224978195,2.0,200
13,3.3740675932961253,0.20166552544244695,2.0,200
14,0.003925796223992023,1.628805011576954,2.0,200
15,0.00682170876597649,1.6027658532591977,2.0,99,3.122113579217675,0.3077269098425917,2.0,114,0.020663790606787115,0.7007203236214956,2.0,181,0.00682170876597649,1.6027658532591977,2.0,200
16,0.021479762664043937,0.8687846073098024,2.0,167,4.020039247516545,0.4044892220044185,2.0,200
17,3.8989576045416308,0.28962343587579736,2.0,23,0.024765785572275573,1.4299186205856678,2.0,60,0.017658204987781295,1.4428199939468782,2.0,85,3.8989576045416308,0.28962343587579736,2.0,183,0.024765785572275573,1.4299186205856678,2.0,189,0.017658204987781295,1.4428199939468782,2.0,200
18,0.04426209626873187,0.6834415090879792,2.0,78,3.9830838785382543,0.118412223510895,2.0,200
19,3.8019828059479206,0.07563875868695452,2.0,14,0.060952421862918216,0.8184493400841512,2.0,30,0.021730666568424217,0.8305440034496121,2.0,104,3.8019828059479206,0.07563875868695452,2.0,153,0.021730666568424217,0.8305440034496121,2.0,163,0.060952421862918216,0.8184493400841512,2.0,200
20,0.04233882068249554,1.232037323796798,2.0,200
21,0.03893767970097341,1.2444783588541173,2.0,184,4.303876114600074,0.16308022593997917,2.0,200
22,0.05681551576637275,1.1991245563533768,2.0,58,4.1791705907564305,0.2648981701794657,2.0,127,0.05681551576637275,1.1991245563533768,2.0,200
23,0.018569173919021943,1.524923442003481,2.0,74,0.014654085173925704,1.3154409507389626,2.0,161
24,0.009524699388847136,1.3083518625634243,2.0,200
25,0.0094609781940398,1.4206470845056065,2.0,59,0.010180023713594409,1.449084383511385,2.0,76,3.644851052441307,0.2594183628158653,2.0,178,0.0094609781940398,1.4206470845056065,2.0,200
26,0.0009911048155746326,1.1130978620924747,2.0,112,4.615751712395923,0.2356113071464293,2.0,200
27,3.3766600650044643,0.4278139595770024,2.0,16,0.014146242114230063,1.4274999676606248,2.0,28,0.07573667078768506,1.5652623353652066,2.0,53,0.014146242114230063,1.4274999676606248,2.0,89,0.07573667078768506,1.5652623353652066,2.0,95,0.014146242114230063,1.4274999676606248,2.0,120,0.07573667078768506,1.5652623353652066,2.0,180
28,0.0330201836458867,1.2587238561655858,2.0,105,2.928891941041885,0.4757441186887406,2.0,119,0.0330201836458867,1.2587238561655858,2.0,200
29,0.010109631782518724,1.8574773811656828,2.0,63,4.88444485342594,0.13467086926798336,2.0,68
30,4.061098622391535,0.12629709758960095,2.0,200
31,0.02653844299992771,1.8154710488779007,2.0,63
