0,0.033412667778864126,1.3525715706096595,2.0,22
1,50.91049672166341,0.5117287689301393,2.0,4,0.3594805934605267,1.5895222946151024,2.0,58
2,0.016678201192120608,1.1659032678271855,2.0,15,0.5556036432453813,1.6465182550511295,2.0,41
3,49.1570727056621,0.5845662426179123,2.0,78
4,0.12407803251918098,1.8191993765115853,2.0,11,0.0008214745885735397,1.115226265507503,2.0,26
5,0.12407803251918098,1.8191993765115853,2.0,26,54.71020512723995,0.3905859228969578,2.0,41,0.0008214745885735397,1.115226265507503,2.0,106,0.12407803251918098,1.8191993765115853,2.0,151
6,0.018792665929347144,1.699315388444402,2.0,43
7,0.37607181413953406,1.3428357644080875,2.0,21
8,0.018792665929347144,1.699315388444402,2.0,61
9,50.824247198701066,0.44652910006572094,2.0,7,0.43180621134880626,1.8642645829244495,2.0,32
10,49.19344171044771,0.30768555659414126,2.0,36,0.0237897761650779,1.3680329569001715,2.0,61,49.19344171044771,0.30768555659414126,2.0,100,0.29136172300397295,1.5946761028722813,2.0,163,0.0237897761650779,1.3680329569001715,2.0,191
11,0.23953082424929525,1.967470330217809,3.0,72
12,48.83775474692904,0.31514776628125385,2.0,3,0.012111485028587558,1.1135091030217596,2.0,108
13,0.0047828314936412845,0.4024207610157162,2.0,39
14,52.12530964014756,0.18329333052704316,2.0,3,0.2733449395662729,1.7173768539759908,2.0,18,0.0047828314936412845,0.4024207610157162,2.0,50
15,48.31262614165433,0.3757218975023892,2.0,71,0.11828829723842046,1.9914512829488642,3.0,131,48.31262614165433,0.3757218975023892,2.0,139
16,48.31262614165433,0.3757218975023892,2.0,31
17,0.03764564399428051,1.5944645357980358,2.0,10,49.86510565453104,0.4203543444442,2.0,33
18,49.86510565453104,0.4203543444442,2.0,34,0.03764564399428051,1.5944645357980358,2.0,160
19,46.0479052378666,0.516284068757555,2.0,49
20,46.0479052378666,0.516284068757555,2.0,55
21,50.69671703230627,0.21142965707981887,2.0,8,0.03996366494493016,0.591095161279493,2.0,197,0.16926143671559446,1.3724597354611794,2.0,200
22,0.03756243426456111,1.7851278818286198,2.0,200
23,53.842007788040874,0.5814076728523264,2.0,74
24,53.842007788040874,0.5814076728523264,2.0,27
25,51.78118701653761,0.4060968372411298,2.0,11,0.3296984633295947,1.5209560726069526,2.0,63,51.78118701653761,0.4060968372411298,2.0,73
26,0.35736524831660366,1.727273780357709,2.0,29,0.014595943430855659,1.0903195350722636,2.0,147
27,50.38591143703259,0.5595198071200703,2.0,18,0.026027815492626886,0.970248822404415,2.0,156
28,0.35754419372055224,1.4251987220377709,2.0,22
29,48.96791733285897,0.6481446476277076,2.0,27
30,48.96791733285897,0.6481446476277076,2.0,10,0.03146452374005439,1.5115656639980726,2.0,76
31,53.30743521485765,0.6016312397000932,2.0,61
32,51.08828606931262,0.6263590871282886,2.0,20
33,0.02173958168864014,1.3391660438545134,2.0,47,48.89299692429407,0.6226938432313617,2.0,71
34,48.89299692429407,0.6226938432313617,2.0,9,0.33693969194515344,1.2005153577134564,2.0,21
35,51.5496037505415,0.6185081480251657,2.0,64,0.039312730700041716,1.4439407323397033,2.0,90
36,0.4245021222256552,1.1663209675819015,2.0,143,0.042068493252753976,1.153368522784507,2.0,200
37,0.03950914244918694,1.4393578966513765,2.0,32,0.09287261075795133,0.6872309062180769,2.0,146,50.07695258935062,0.6308621624815277,2.0,200
38,0.03139314477237652,1.2753992258571494,2.0,65,48.98327895795076,0.6476331103361079,2.0,89
39,48.98327895795076,0.6476331103361079,2.0,40
40,48.98327895795076,0.6476331103361079,2.0,22
41,0.06151333544884356,1.2249095807174546,2.0,112,0.39357135451448594,1.5157080009844452,2.0,200
42,0.024668721968202377,1.1566742667232832,2.0,73
43,0.3565072682155819,1.5378678822405265,2.0,94,0.03743800329392925,1.4600578967264002,2.0,138,0.3565072682155819,1.5378678822405265,2.0,163,0.03743800329392925,1.4600578967264002,2.0,168
44,0.47318148830064266,1.1621033560515592,2.0,8,0.005660074410712344,1.6144684516790138,2.0,79,0.47318148830064266,1.1621033560515592,2.0,167
45,0.023285320675840472,1.470911100653991,2.0,26
46,48.34922248261743,0.2011042262418214,2.0,51
47,48.34922248261743,0.2011042262418214,2.0,3,0.12821683031704312,1.80594790739667,2.0,76,0.026484085342685038,1.1146616217944583,2.0,148
48,49.574779345702616,0.32604073339074024,2.0,61,0.4226419164143457,1.668173305442126,2.0,124
49,56.234132918668706,0.417408842806584,2.0,8,0.00017681632981450188,0.8902269533882903,2.0,134
50,51.68891212978585,0.48146850986839584,2.0,7,0.3888542859038985,0.642575097416843,2.0,147
51,49.29953431744744,0.5274233962429554,2.0,119,0.2827990600146434,1.4747798547146087,2.0,171,0.039167051799807666,1.5817802742108884,2.0,200
52,0.2755219580262494,1.7525948570235668,2.0,34,51.30856820669964,0.3860719801612207,2.0,132,0.025395190454320857,1.2911792641372495,2.0,155,51.30856820669964,0.3860719801612207,2.0,197
53,0.034932234472798265,0.8079930208126538,2.0,200
54,0.3368525304874502,1.557528279228824,2.0,130
55,0.29785692422270066,1.873117355793435,2.0,44,0.007124017067435295,0.9471909118158334,2.0,92
56,46.415375472997894,0.18610445256157626,2.0,158
57,0.00388657900060632,0.8952181697319115,2.0,108,53.00952187570473,0.6008949832576576,2.0,160
