0,28.729378296381032,1.0266057923436165,2,16,0,1.2316481471061707,0,20
1,11.32854134637199,1.4752950191497802,2,10,20.106900011473023,0.7809475873197828,2,24
2,10.545202347544619,0.2931581139564514,2,3,1.0528011569584268,0.5186879962682724,2,8,0.1232966688817513,1.2911281983057659,2,14,35.17110957752418,0.2326983685294787,2,20,0.7067383791906634,0.4083095192909241,2,23,36.86854118073704,0.2481033851703008,2,29,0.14571794720740658,0.7686349550882975,2,32,10.108762555401887,0.2839915326663426,2,39,0.08064585996200747,0.48133982221285504,2,42,14.897217223217611,0.25623954832553864,2,46,0.6700130517334487,0.48663991689682007,2,49,15.960452277723386,0.2806861377679385,2,62
3,11.427341644590381,0.1086810181538264,2,6,0,1.1396806836128235,0,12,0,1.0191503167152405,0,16,0,1.1197763681411743,0,20
4,35.56735396788835,0.4418008476495743,2,4,0,1.2941876833255475,0,17,0,1.4275765816370647,0,20
5,11.835964478208659,0.7271565347909927,2,4,0,1.336025384756235,0,17,0,1.4891961812973022,0,20
6,15.915479146304932,0.19815821014344692,2,8,0,1.0378420650959015,0,12,0,0.7750164628028869,0,17,0,0.9646792014439901,0,20
7,18.836968130671643,0.5022137214740118,2,6,0,1.2951187003742566,0,17,0,1.4580682118733723,0,20
8,12.895719525056743,1.047069827715556,2,3,0,1.3086408376693726,0,6,0,1.2728036046028137,0,12,0,1.1849893093109132,0,17,0,1.1783612966537476,0,20
9,13.776570610980134,1.3745380838712056,2,6,0,1.3261835141615435,0,17,0,1.5842628876368205,0,20
10,11.266836562124997,0.5560586601495743,2,4,0,1.3705518704194288,0,17,0,1.460163990656535,0,20
11,0,0.7772777477900187,0,3,0,0.9516960978507996,0,9,0,0.8647304990074851,0,20
12,105.41579639513212,0.10994438164763981,2,9,156.1473194498664,0.12059471011161804,2,12,0,0.9309931546449661,0,20
13,26.61587683846024,0.45469026764233905,2,3,0,1.3142922586864896,0,12,0,1.2897916078567504,0,17,0,1.2015669345855713,0,20
14,0,0.7372534275054932,0,3,0,0.9379087289174398,0,9,0,0.8811442093415693,0,20
15,23.554209003573614,1.205446461836497,2,6,0,1.201924659989097,0,17,0,1.3899852832158406,0,20
16,29.744779607969633,0.24779675900936127,2,4,0,1.0372716738627508,0,17,0,1.2117748260498047,0,20
17,9.407882987109618,0.9389937179429191,2,14,0,0.7825043499469757,0,20
18,12.545658935932286,0.739825169245402,2,3,0,1.3817891478538513,0,11,0,1.3787320057551067,0,17,0,1.2456659873326619,0,20
19,0.4832973271440979,0.8619699345694648,2,9,0.30024238914943835,0.8454067707061768,2,12,1.223898299096871,0.8135707577069601,2,15,0,0.8006473660469056,0,20
20,25.386270520448246,0.8007256746292114,2,5,0,1.0044794579346974,0,17,0,1.3767948945363362,0,20
21,0.36101104475832907,0.873190681139628,2,3,17.205865633491783,0.846754233042399,2,9,0,1.1339661280314128,0,12,0,1.0930125713348389,0,17,0,1.322807749112447,0,20
22,0,0.7810916304588318,0,3,0,0.9767729282379151,0,8,0,0.8829062382380167,0,20
23,13.326815183056079,0.7698710958162943,2,6,0,0.8996847651221536,0,17,0,0.9833369255065918,0,20
24,0,0.7563750743865967,0,3,0,0.9277410904566447,0,9,0,0.9848729372024536,0,20
25,4.882499011925015,0.4921248257160187,2,3,13.873796313554095,0.3579549565911293,2,7,0,1.1031339565912883,0,10,0,1.1544844933918543,0,17,0,1.3482169310251872,0,20
26,0.6455742203013428,0.631160318851471,2,3,18.321034109812892,0.44533588488896686,2,15,0,1.0601700305938722,0,20
27,0,0.6633428533871969,0,3,0,0.6840253387178693,0,10,0,0.6655349850654602,0,20
28,0,0.8570070266723633,0,3,0,1.1356105208396912,0,9,0,1.042918779633262,0,20
29,27.980818713948892,1.0983867347240448,2,8,0,0.9840240478515625,0,11,0,1.0219800273577373,0,17,0,1.2358047167460124,0,20
30,11.12679964202717,0.726537823677063,2,5,0,0.925283282995224,0,17,0,1.0798007249832153,0,20
31,0,1.1156374017397563,0,3,0,1.1864795003618513,0,10,0,1.12183997631073,0,20
32,0,0.8048099279403687,0,3,0,1.033023218313853,0,9,0,0.9939475804567337,0,17,0,1.0908864736557007,0,20
33,0.3731833189017825,0.66580198208491,2,3,0.03831378074024744,0.7595333456993103,2,7,70.09703083109012,0.18151033918062845,2,28,2.0904605336457136,0.12452135980129242,2,33,3.211488101242721,0.060989836851755776,2,36,0.05767925522515182,0.11993897196493651,2,55,2.0142251009581376,0.0740113506714503,2,58,1.1582224213419339,0.09168046216169994,2,61,0.021041243405732307,0.11237116323577033,2,70,44.07475045907373,0.16940069580689454,2,109,0,0.30354722908564974,0,116,50.25846758548828,0.13669957220554352,2,129,6.606128474427414,0.23393065854907036,2,133,0.09488614722766378,0.4060291548569997,2,136,0.04258189024002575,0.4353806773821513,2,139,49.40735989136938,0.18790877610445023,2,145,3.6405817828489995,0.3167416552702586,2,148,63.66035355606121,0.23799590207636356,2,164,87.09863037986557,0.27288936864998603,2,200
34,21.919361247368148,0.5963588356971741,2,10,0,0.8854844719171524,0,14,0,0.7732417583465576,0,17,0,1.0259050925572712,0,20
35,0,0.6950140794118246,0,3,0,0.7323524554570516,0,9,0,0.7216620174321261,0,20
36,3.21991057429276,1.1495532512664794,2,5,0.07961586274959001,0.6909622251987457,2,9,39.43073803088264,0.6730318814516068,2,33,27.345955674336043,0.8266929785410563,2,36,279.9910439973564,0.2627672309225256,2,47,52.62605603074895,0.8175219595432281,2,51
37,0,0.9364214340845743,0,3,0,1.1665100653966267,0,9,0,1.0551434606313705,0,17,0,1.0350362459818523,0,20
38,0.22441179936832806,1.1618178288141887,2,3,0,1.4890637927585177,0,12,0,1.4786118984222412,0,17,0,1.4288221597671509,0,20
39,16.284029181351602,0.8536515037218729,2,12,0,0.8082244247198105,0,20
40,0,0.8443207343419393,0,3,0,1.0409626960754395,0,9,0,1.0463673093102195,0,20
41,0.19491293381645886,0.5209892988204956,2,3,15.865316905841539,0.1973304417398241,2,12,0,0.785979762673378,0,20
42,19.38368552136676,0.6853964057835665,2,11,0,0.7330907583236694,0,14,0,0.6588816245396932,0,20
43,0,0.8460611701011658,0,3,0,1.1185367902119954,0,9,0,1.0404856204986572,0,20
44,0,0.8181201020876566,0,3,0,0.9641536235809326,0,8,0,0.9142372806866964,0,20
45,22.151098434886464,0.9787449538707733,2,12,0,0.7971704825758934,0,20
46,0,0.9105433225631714,0,3,0,1.0928246180216472,0,9,0,0.9391745179891586,0,17,0,0.886152426401774,0,20
47,0,0.8713514804840088,0,3,0,1.1262860536575316,0,8,0,1.1067039171854656,0,11,0,1.1431293884913127,0,17,0,1.2164738575617473,0,20
48,3.498150667780507,0.5667303651571274,2,3,109.05993836674207,0.09247505529360338,2,14,0,1.2459606726964314,0,20
49,21.73869393461183,0.4696399986743927,2,10,0,0.9208351612091065,0,20
50,21.439048575945478,1.2310758899239933,2,17,3.7800435795421223,1.0467782815297444,2,20
51,26.916113149488712,0.5412434339523315,2,3,58.39023537629706,0.3452671989798546,2,7,111.91917711604076,0.22599875554442406,2,23,42.6667300039736,0.6321634948253632,2,37,60.81112972600833,0.5559199319945441,2,46
52,31.642585776673748,0.7124083985884985,2,12,269.9939264640734,0.10542822629213333,2,26,38.19081098861934,0.5591126565749829,2,39
53,16.363420906906953,0.8801693285212797,2,17,0.6068117952553318,0.7450523773829142,2,20
54,23.496591740059404,0.9823546409606934,2,7,0,1.425643014907837,0,17,0,1.6236284971237183,0,20
55,0.2468011713629315,0.6379917661348978,2,3,0,1.2515703013965063,0,17,0,1.0936540365219116,0,20
56,14.232694853522215,0.3837869167327881,2,7,0,0.8759733438491821,0,10,0,0.8092757293156215,0,17,0,0.9682028690973917,0,20
57,19.856650939778756,0.8185952186584473,2,15,0,1.0994635581970216,0,20
58,0.2091153977914733,0.8612029949824015,2,3,0,1.2494172006845474,0,11,0,1.2422772645950317,0,17,0,1.1723483800888062,0,20
59,40.38317126849521,0.4356991112232208,2,10,0,0.7245032489299774,0,14,0,0.6750065684318542,0,17,0,0.770536482334137,0,20
60,0.05393759801761645,1.102860689163208,2,3,0,1.3718326754040189,0,12,0,1.4430436372756958,0,17,0,1.3718762397766113,0,20
61,23.658056672432696,0.8407686869303386,2,15,0,1.057260274887085,0,20
62,0.17114472155769933,0.7684507171312968,2,3,0,1.485069301393297,0,12,0,1.4530611336231232,0,20
63,19.02420290374703,0.8321456703646429,2,29
64,0,0.6207993030548096,0,3,0,0.6683689951896667,0,10,0,0.6660785257816315,0,20
65,0,0.8128325144449869,0,3,0,1.0614472230275471,0,9,0,1.0239070003682917,0,20
66,22.18501667372099,0.7296748995780945,2,15,0.3596626801121502,0.7003246307373047,2,20,23.80195204419663,0.7255621592203776,2,35
67,21.378489686986892,0.584747371574243,2,24
68,0,0.7110187212626139,0,3,0,0.7789115707079569,0,9,0,0.7473419417034496,0,20
69,9.352196083193146,1.1805695593357086,2,4,0,1.2627688816615514,0,11,0,1.2898651957511902,0,17,0,1.2544304927190144,0,20
70,0,0.7352517048517863,0,3,0,0.9172040564673287,0,10,0,0.8794805526733398,0,20
71,30.930552744053166,0.7985555186867714,2,40
72,17.52264270424313,0.6426169753074646,2,5,0,1.5158473934446062,0,12,0,1.5383538722991943,0,17,0,1.576156497001648,0,20
73,36.606954311399186,0.5692662239074707,2,10,0,0.8552677631378174,0,14,0,0.8032976388931274,0,17,0,0.9217495719591776,0,20
74,20.208365916204976,0.7823067638609145,2,9,0,1.3174089342355728,0,17,0,1.4205562671025593,0,20
75,21.454883479437264,0.9549535036087036,2,5,0.16138145813843338,0.5733744303385416,2,8,23.858317852658285,1.016233762105306,2,20,119.3337783519081,0.2906215265393257,2,40
76,2.943098763659995,1.1628678143024445,2,4,0,1.239065482066228,0,17,0,1.4526816606521606,0,20
77,34.607058206089995,0.3576290239306057,2,34
78,17.14803124439971,0.7336117823918661,2,6,0,1.2585394707593052,0,17,0,1.3772672812143962,0,20
79,26.991419004160978,0.5695343762636185,2,4,0,1.4667500257492065,0,17,0,1.5608608325322468,0,20
80,17.122279572383047,0.6702468991279602,2,7,0,1.1863801240921021,0,17,0,1.3976432879765828,0,20
81,10.588373406131941,0.766620417435964,2,3,0,1.471519496705797,0,12,0,1.3508737325668334,0,17,0,1.2930775880813599,0,20
82,18.20026864215111,0.6954338192939759,2,10,0.024672488045048648,0.772523562113444,2,13,103.45152350418475,0.847502738237381,2,17,525.3603037607268,1.9263892435446017,3,58,220.6921650023533,1.735248366991679,2,61,0.2728430696681461,0.5490542153517405,2,67,80.61224632177795,0.6599485278129578,2,75
83,27.056339843714024,0.7428832650184631,2,7,0,1.3170782923698425,0,17,0,1.567083716392517,0,20
84,33.30338556936657,1.3715457320213318,2,8,0,1.0397537019517686,0,17,0,1.239020824432373,0,20
85,0,0.9444757699966431,0,3,0,1.1621155937512715,0,9,0,1.1036336421966553,0,17,0,1.1479877630869548,0,20
86,0,0.6347192128499349,0,3,0,0.6916183233261108,0,9,0,0.9590232047167692,0,20
87,10.157460088568874,1.1321998834609985,2,4,0,1.233025156534635,0,17,0,1.3151774009068806,0,20
88,0,0.7160206238428751,0,3,0,0.746807336807251,0,10,0,0.7769911766052247,0,20
89,22.95148558211924,0.1617417074739933,2,8,0,1.024681955575943,0,12,0,0.8772697448730469,0,16,0,1.0155904293060303,0,20
90,0.29572138645090223,1.1587852239608765,2,3,0,1.5809244960546494,0,11,0,1.6162872115770976,0,17,0,1.5450650453567505,0,20
91,24.678608741790708,0.3217393192980025,2,9,0,1.1330538988113403,0,12,0,1.0464347898960114,0,16,0,1.1935245096683502,0,20
92,29.118990655383158,0.48599181075890857,2,6,0,0.8572530312971636,0,17,0,0.9062720934549967,0,20
93,66.4007765350736,0.668865978717804,2,3,0,1.5479531288146973,0,12,0,1.5881160974502564,0,17,0,1.4830598036448162,0,20
94,15.63793615023242,0.7398895025253296,2,6,0,1.2357951619408347,0,17,0,1.4099558194478352,0,20
95,0,0.823033889134725,0,3,0,0.9941138426462809,0,9,0,1.00995764949105,0,20
96,0,0.8942113320032755,0,3,0,1.2039663553237916,0,8,0,1.0417998433113098,0,20
97,0,0.7387951612472534,0,3,0,0.8747796416282654,0,9,0,0.8884172981435602,0,20
98,0,0.7740493416786194,0,3,0,0.9229144368852887,0,10,0,0.929079806804657,0,20
99,3.0032842457377464,1.661145520210266,2,5,108.27295182771778,1.99,3,14,82.80215752999794,1.9456650416056316,3,23,182.9030846234428,0.31661943310783025,2,44,7.136741376036218,1.1152075131734211,2,47,179.71013143111068,1.5734333310808455,2,54,0.04973077106870435,1.7264686425526936,2,57,166.81064869228197,1.5171748901668347,2,76,254.71419337871635,1.8152256182261877,2,97,19.84950669473536,1.3187058369318645,2,100,49.58413931945826,1.4508073329925537,2,104,55.28245587601664,1.1163731217384338,2,110,41.25000101954889,1.0005223200871394,2,123,16.678752264830063,1.0255548059940338,2,127
100,0,0.6768743991851807,0,3,0,0.723836362361908,0,9,0,0.7082932103763927,0,20
101,0,0.671609103679657,0,3,0,0.6619658966859182,0,9,0,0.633242975581776,0,20
102,22.49983525482351,0.7211399879948847,2,29
103,8.501878552444749,0.3251321971416473,2,5,0,1.4206849833329518,0,17,0,1.550299843152364,0,20
104,0,0.9351004163424174,0,3,0,1.141835880279541,0,8,0,1.096125642458598,0,20
105,35.16691512057857,0.44685613612333935,2,6,0,1.2552026943726973,0,17,0,1.3611712058385212,0,20
106,0,0.8401044209798177,0,3,0,1.0892861843109132,0,8,0,1.0120739936828613,0,17,0,1.1244947115580242,0,20
107,19.885348253467942,1.1765519827604294,2,8,0,1.0074656671947904,0,17,0,1.141235629717509,0,20
108,0,0.6448070804278055,0,3,0,0.6843659381071726,0,9,0,0.6562149524688721,0,20
109,0.07812212454062524,0.9041137297948202,2,3,0,1.4768282525679644,0,20
110,20.227603616082117,0.6150618627153593,2,29
111,19.23324002283174,0.3563941518465678,2,3,0,1.4794249269697402,0,12,0,1.5278440237045288,0,17,0,1.4300036827723186,0,20
112,13.48476505138053,0.7449450939893723,2,8,0,1.1923985083897908,0,11,0,1.175757388273875,0,17,0,1.33143417040507,0,20
113,53.1080603144699,0.34872451424598694,2,6,0,1.216803485696966,0,17,0,1.3973253568013508,0,20
114,17.719356370626326,0.44859752655029295,2,5,0,1.2353187799453735,0,8,0,1.304789960384369,0,12,0,1.230373001098633,0,17,0,1.2542537053426106,0,20
115,0.2500201478677982,0.9691563844680786,2,3,0,1.5834074417750041,0,12,0,1.5388839483261108,0,17,0,1.4782094955444336,0,20
116,0,0.9102962017059326,0,3,0,1.1904149055480957,0,8,0,1.154504617055257,0,11,0,1.1784534255663555,0,17,0,1.2369118134180705,0,20
117,4.166267605345008,0.8448593219121298,2,3,0,1.395341647995843,0,12,0,1.4802062034606933,0,17,0,1.4534725745519002,0,20
118,0.11823426507966925,1.076189359029134,2,3,0,1.4563637574513753,0,12,0,1.4051564931869507,0,17,0,1.3311086495717366,0,20
119,0,0.9959686597188314,0,3,0,1.2502678394317628,0,8,0,1.23545237382253,0,17,0,1.3081690073013306,0,20
120,0,0.7312817573547363,0,3,0,0.7952481252806527,0,10,0,0.8348663091659546,0,20
121,19.942568798189537,1.0916856825351715,2,8,0,1.0902020931243896,0,12,0,1.1386441707611084,0,17,0,1.3536463578542073,0,20
122,18.166425239694963,0.45984598994255066,2,3,0,1.481360461976793,0,12,0,1.3410044670104981,0,17,0,1.3019394079844158,0,20
123,39.38525589907327,0.7000330090522766,2,5,67.52599497260091,0.94800785779953,2,10,3.09563583765118,0.17919795215129852,2,13,43.235300793486616,0.10252525508403779,2,18,26.528749782970024,0.11679282784461975,2,21,46.45620034116875,0.09521463016668956,2,24,14.683673930988002,0.2757214109102885,2,27,69.74058943968336,0.6669735262791315,2,39,0.38733138922887905,0.5907504111528397,2,43,57.278211178675505,0.5787351528803507,2,46
124,13.80820908469396,0.5499887069066366,2,6,0,0.6841643127528104,0,17,0,0.8104731837908427,0,20
125,16.15360271009473,1.150417963663737,2,3,0,1.3256490230560303,0,6,0,1.3759966095288594,0,12,0,1.3304522275924682,0,17,0,1.2938060760498047,0,20
126,64.55169988075231,0.32260976306029726,2,14,0,0.8338607549667358,0,20
127,0,0.8167927463849386,0,3,0,0.9382090171178182,0,9,0,0.8728411631150679,0,20
128,0,0.9640765984853109,0,3,0,1.2509132146835327,0,8,0,1.2780966659386952,0,20
129,31.944873829484187,1.2363536655902863,2,4,0,1.2642776874395518,0,17,0,1.4139964977900188,0,20
130,90.3808312155877,0.41282146334648134,2,25
131,24.270874771334,0.40699173297200886,2,7,0,1.1470471620559692,0,10,0,1.1554305383137293,0,17,0,1.2438518206278484,0,20
132,27.270478813652037,0.4881134033203125,2,15,0,1.0498062372207642,0,20
133,0.3762000679472649,0.7159297267595927,2,3,0,1.3773654699325562,0,17,0,1.3129711548487346,0,20
134,0.21672595050271296,1.1128740310668945,2,3,0,1.5763020366430283,0,11,0,1.6737977067629497,0,17,0,1.5308921734491985,0,20
135,36.379644682301915,0.9812619405634263,2,17,0,1.5034151077270508,0,20
136,22.575962674617603,1.0398691693941753,2,6,0,1.1584131175821477,0,17,0,1.345098654429118,0,20
137,0,1.0489248832066853,0,3,0,1.2395901679992676,0,9,0,1.0538197755813599,0,20
138,12.003146750362463,0.7806358081953866,2,7,0,1.2557501077651978,0,17,0,1.3507167895634968,0,20
139,0,0.6347192128499349,0,3,0,0.6916183233261108,0,9,0,0.9590232047167692,0,20
140,12.199338636032744,0.7127187212308248,2,15,0,0.9365912675857544,0,20
141,20.202789500565434,0.5403221100568771,2,4,0,1.2940907294933612,0,17,0,1.4078925848007202,0,20
142,38.27809516833394,0.9344335436820984,2,10,82.6888649554747,0.6288435399532318,2,20,163.89019003345555,0.19367447992165884,2,23,263.3733489669593,0.12320618331432343,2,50,34.55686317442243,1.2405141294002533,2,54,0.08602471479150771,1.4298038482666016,2,57,87.12468898054506,1.833927830060323,2,60,0.027976085082044518,1.3736632168293,2,64,158.2624970171956,1.82555357615153,2,67,344.7188461476891,1.808109768799373,2,81,0.24299227137922064,1.2803005774815877,2,84,375.88575728636727,1.5738281228325584,2,106,207.98511981665646,1.774729643549238,2,113
143,119.38837959389632,0.19298858841260275,2,15,35.54254704367131,0.5416892369588217,2,18,22.78948761970925,0.6652693483564589,2,45
144,22.533864064778978,1.0624600499868393,2,8,277.420601759815,0.05924499378754543,2,34,3.611234345652965,0.2177381714185079,2,37,22.628664399371228,0.13431000709533691,2,40,238.31706246870132,0.058691033720970155,2,50,129.87651538232785,0.10200343281030655,2,80,90.11670637728503,0.12165938119093576,2,95,0.04592551783283415,0.55868927637736,2,98,140.53108521587237,0.07313655081548188,2,117,55.30022548959095,0.16901677598555884,2,123,21.28225254528537,0.24933505058288574,2,126,74.41015146421185,0.19777878746390343,2,130,0.09395698568643816,1.10579814016819,2,138,22.421496888697114,0.5448246988756903,2,167,4.366685838867587,0.7964034279187521,2,170
145,30.242934242578507,0.6205036794697797,2,27
146,20.356448018322695,0.42847593128681183,2,14,0,0.8542658090591431,0,20
147,0.0951948330650779,0.8874981005986532,2,3,0,1.5234887732399836,0,12,0,1.4823717594146728,0,17,0,1.3750977913538616,0,20
148,0.037321703858459905,0.9869680802027384,2,3,0,1.1905234000262093,0,20
149,37.67802551585579,0.6095120563651576,2,33
150,0,0.8970280090967814,0,3,0,1.0942391633987427,0,8,0,1.0554295182228088,0,20
151,39.07722349695113,0.8941653072834015,2,8,0,1.1780059602525499,0,17,0,1.2912043333053589,0,20
152,11.088126704211405,1.1375760585069656,2,16,0,0.9969308376312256,0,20
153,23.650282067663525,0.6513470640549293,2,13,0,0.7056847044399807,0,20
154,8.055311840764224,0.6360551544598171,2,7,0,1.1449233690897624,0,10,0,1.061936889375959,0,17,0,1.187660813331604,0,20
155,33.127899989166586,0.7036544435164508,2,17,47.45176002199808,0.7496572732925415,2,20,308.70288411136517,0.9441874577448919,2,33
156,19.31496380954425,0.7324965642048762,2,26
157,15.031512016837425,0.41994076371192934,2,5,0,1.1377039750417073,0,8,0,1.2183709541956584,0,17,0,1.2748277982076008,0,20
158,26.09519245483771,1.0420764287312825,2,9,0,0.8511593341827393,0,12,0,0.7326153993606568,0,17,0,0.9210764169692993,0,20
159,30.724713653144114,0.6309797338077,2,7,0,0.8850606679916382,0,10,0,0.8715335982186454,0,17,0,1.0276206731796265,0,20
160,7.140185112902346,0.9440192461013794,2,5,0,1.0419994592666626,0,8,0,1.1713932090335422,0,17,0,1.2940335273742676,0,20
161,37.0274872824518,0.34284334916334885,2,13,115.9749396331712,0.7771450479825338,2,16,335.87974884638436,1.0206305265426636,2,26,26.95410292372116,0.9761844078699747,2,29,43.63552300077443,1.275381863117218,2,33
162,0.09614303010561841,1.0766386985778809,2,3,0,1.4842052119118827,0,17,0,1.4517031113306682,0,20
163,13.615082238059507,0.3522077774008115,2,12,0,0.9389755725860596,0,15,0,0.9592632055282593,0,20
164,0.2568460059031249,0.9826217889785767,2,3,0,1.5049366801977158,0,11,0,1.4666578968365986,0,17,0,1.4530386527379353,0,20
165,13.42209698430063,0.7356187385671279,2,17,0.8246663293516728,0.762614369392395,2,20
166,14.098464958400953,0.8649430274963379,2,3,0,1.4933918863534927,0,11,0,1.4938015739123027,0,17,0,1.349644939104716,0,20
167,23.285664495250195,1.433647460407681,2,9,0,1.1340986273505471,0,20
168,11.106186179047205,0.8010372718175253,2,3,0,1.407144546508789,0,6,0,1.4628409544626872,0,12,0,1.4250867128372193,0,17,0,1.3476402362187703,0,20
169,7.883563769819519,0.6439412757754326,2,8,0,1.1497196853160858,0,12,0,1.0427916944026947,0,16,0,1.1960289776325226,0,20
170,18.82351141110351,0.3983435134092967,2,3,0,1.5777324967914157,0,12,0,1.5674695014953612,0,17,0,1.4791405995686848,0,20
171,23.79958664019416,1.025059199333191,2,5,0,1.166180024544398,0,17,0,1.3857911427815754,0,20
172,33.436185916457994,0.5970717469851176,2,3,0,1.3867778437478202,0,17,0,1.365141232808431,0,20
173,0,0.95543905099233,0,3,0,1.2819521188735963,0,8,0,1.1784532467524211,0,11,0,1.2238093217213948,0,17,0,1.335501790046692,0,20
174,0,0.8351123332977295,0,3,0,0.9891038417816163,0,8,0,0.9716236293315887,0,20
175,0,0.8362025419871012,0,3,0,1.0823657512664795,0,8,0,1.1301395495732625,0,20
176,0,1.02308589220047,0,3,0,1.223087469736735,0,9,0,1.097670629620552,0,17,0,1.1350046793619792,0,20
177,0,0.7956894238789877,0,3,0,0.8997741086142403,0,10,0,0.8843961596488953,0,20
178,0,0.674147347609202,0,3,0,0.7871659823826381,0,10,0,0.7913230001926422,0,20
179,0,0.8734422922134399,0,3,0,1.1254351377487182,0,8,0,1.1039927800496419,0,11,0,1.1319987376530964,0,17,0,1.180190642674764,0,20
180,0,0.8701383272806803,0,3,0,1.046418595314026,0,8,0,1.011651227871577,0,20
181,0,0.7729536890983582,0,3,0,0.9302248557408651,0,9,0,0.8347933942621405,0,20
182,30.48198886869569,0.69075046479702,2,4,42.51540191939047,0.6553850940295628,2,11,0,0.8007502357165018,0,14,0,0.6792628169059753,0,17,0,0.7767028013865153,0,20
183,0,0.7949139674504598,0,3,0,1.0537158727645874,0,8,0,1.0076473951339722,0,11,0,1.0236747066179912,0,17,0,1.0500762065251668,0,20
184,0,0.6513097286224365,0,3,0,0.6570385297139486,0,9,0,0.6439852281050249,0,20
185,0,0.762346108754476,0,3,0,0.9044466359274728,0,10,0,0.9086463212966919,0,20
186,11.145920520112151,0.7589231398370531,2,9,0,1.0652573903401692,0,12,0,0.882301640510559,0,17,0,1.0093539555867512,0,20
187,38.53821127776223,0.5615442139761788,2,7,0,1.434431396997892,0,20
188,24.026261998685836,0.04944062419235706,2,8,0,1.2084307968616486,0,12,0,1.1817738115787506,0,16,0,1.3058179020881653,0,20
189,0,0.7125620444615682,0,3,0,0.7501874963442484,0,9,0,0.7386938279325311,0,20
190,0,0.6236806114514669,0,3,0,0.6559157371520996,0,10,0,0.6649766564369202,0,20
191,23.828282970515883,0.5582159459590912,2,4,0,0.8175208889521085,0,17,0,0.8730629682540894,0,20
192,27.975493367708264,0.40646049711439347,2,9,0,0.9522636731465658,0,12,0,0.7696972846984863,0,17,0,0.9373579025268555,0,20
193,30.270288360626818,0.5487408793490866,2,23
194,18.88685180259778,1.135228419303894,2,5,0,1.3100543873650687,0,12,0,1.4350242853164672,0,17,0,1.58784286181132,0,20
195,35.9325060673059,0.4514370456337929,2,20
196,30.68858483478927,0.9556729793548584,2,3,0,1.338660112449101,0,17,0,1.395862102508545,0,20
197,0.23811602069796417,0.6651748418807983,2,3,0,1.2615510155172909,0,20
198,0.24392414671746263,1.0743711789449055,2,3,0,1.5295142730077107,0,12,0,1.5246265888214112,0,17,0,1.459635337193807,0,20
199,26.179873636130367,0.39309608936309814,2,10,0,0.8899273872375488,0,13,0,0.7053783088922501,0,17,0,0.8872363964716593,0,20
200,39.17576256981369,1.0323722124099732,2,5,0,1.2425660292307537,0,17,0,1.3799666563669841,0,20
201,40.29158272416308,0.8181986709435781,2,12,0,0.8275623321533203,0,20
202,0,0.9102962017059326,0,3,0,1.1904149055480957,0,8,0,1.154504617055257,0,11,0,1.1784534255663555,0,17,0,1.2369118134180705,0,20
203,0,0.6720965902010599,0,3,0,0.7138937612374624,0,9,0,0.691798827864907,0,20
204,0,0.8159385522206625,0,3,0,0.9962844252586365,0,9,0,1.0181334994056008,0,20
205,19.83180611756784,0.8295152485370636,2,4,0,1.2862916451234083,0,17,0,1.4786714712778728,0,20
206,44.806224828848165,0.25570585764944553,2,8,33.38893243733222,0.2674207627773285,2,13,0,0.8461139287267413,0,20
207,5.464478590786592,0.7599038283030192,2,3,0,1.3201820055643718,0,12,0,1.4122830927371979,0,16,0,1.3569220900535583,0,20
208,51.50153074831803,0.10000491440296173,2,10,0,0.9023264348506927,0,14,0,0.7999736865361532,0,17,0,1.0333670775095622,0,20
209,0.25951503071894433,0.6593380173047384,2,3,0,1.26800756594714,0,20
210,24.233739068577698,0.6336017521944913,2,11,0,0.9323765834172567,0,14,0,0.8159520626068115,0,17,0,1.0095776716868083,0,20
211,26.13956121381209,1.2896356105804443,2,10,0,0.9363915920257568,0,13,0,0.8320695161819458,0,17,0,1.049127737681071,0,20
212,29.343431423187152,0.5168459117412567,2,3,0,1.5549099975162082,0,12,0,1.5296639680862427,0,17,0,1.4897849559783936,0,20
213,39.934633173289065,0.601690924167633,2,10,23.856206484950903,0.6392611265182495,2,13,0,0.8858535885810852,0,20
214,57.45140278072203,0.1613425374031067,2,5,0,1.145877440770467,0,8,0,1.274656355381012,0,12,0,1.0594006061553956,0,17,0,1.014855980873108,0,20
215,24.562359536135773,0.4701118841767311,2,12,0,0.7937986627221107,0,20
216,34.75699397967573,1.2839417457580566,2,5,0,1.3069542348384857,0,17,0,1.649725317955017,0,20
217,27.509431532372897,0.5886807888746262,2,4,0,1.4058326929807663,0,12,0,1.4485852718353271,0,17,0,1.5143977006276448,0,20
218,0.32442942728666974,1.0169775088628132,2,3,0,1.6497403042657035,0,10,0,1.6663222994123186,0,17,0,1.5736607313156128,0,20
219,13.72941835724475,0.5462453564008077,2,6,0,1.041699379682541,0,10,0,1.0051661729812622,0,17,0,1.0885671774546306,0,20
220,10.855409042176618,0.35093439742922783,2,8,0,1.2184757126702204,0,17,0,1.4172646204630535,0,20
221,25.30289199850097,0.5201588935322232,2,9,0,0.8627187013626099,0,12,0,0.717706710100174,0,16,0,0.8076402693986893,0,20
222,10.382720633600973,0.5069065775190081,2,7,0,1.0443158547083538,0,10,0,1.1045196737561906,0,17,0,1.2170380353927612,0,20
223,38.584239390768396,0.28671946482998983,2,7,0,1.1670455535252888,0,10,0,1.036705562046596,0,17,0,1.1158806482950847,0,20
224,31.821091403033453,0.7163901660177443,2,9,0,1.0771188735961914,0,17,0,1.35670801003774,0,20
225,0,0.7712578376134237,0,3,0,0.9201629161834717,0,8,0,0.9285127222537994,0,20
226,6.465272434801207,0.9028871854146322,2,6,0,0.9995549122492472,0,9,0,1.0430089831352234,0,17,0,1.1492294867833455,0,20
227,16.456224760884655,0.5723725259304047,2,6,0,1.324062174016779,0,17,0,1.387658715248108,0,20
228,0,0.8908244967460632,0,3,0,1.170646858215332,0,8,0,1.2114769617716472,0,20
229,20.87027026312912,0.10104944184422493,2,4,0,1.2921962921436017,0,17,0,1.3427927096684773,0,20
230,16.272322154750807,0.8407615423202515,2,4,0,1.1436729797950158,0,17,0,1.2628994782765706,0,20
231,7.586435411133491,1.5290793180465698,2,6,0,1.3411391106518833,0,17,0,1.5235700607299805,0,20
232,0,0.82364954551061,0,3,0,1.0680991411209106,0,8,0,1.0129088163375854,0,11,0,1.0286117792129517,0,17,0,1.061541199684143,0,20
233,0,0.7431977589925131,0,3,0,0.7979988058408102,0,9,0,0.7793282703919844,0,20
234,20.667662691475115,0.33954866727193195,2,6,0,0.9923486709594727,0,10,0,0.8839045763015747,0,17,0,0.9891297022501627,0,20
235,20.166237027393922,1.2506314277648927,2,5,0,0.977607528368632,0,17,0,1.269535501797994,0,20
236,23.2669963714233,0.5962278485298157,2,10,0,1.1660394668579102,0,14,0,0.9731687307357788,0,17,0,1.1370235284169514,0,20
237,0.07812280002026833,0.9335645834604899,2,3,0,1.2070399787690904,0,12,0,1.266728687286377,0,17,0,1.2042920192082722,0,20
238,35.306167083864366,0.40127114607737613,2,13,0,0.9346813985279628,0,20
239,0.3208385769191488,1.1431840260823567,2,3,0,1.419959372944302,0,12,0,1.384610366821289,0,17,0,1.3403183221817017,0,20
240,0,0.7751514911651611,0,3,0,0.9151448862893241,0,10,0,0.8899189233779907,0,20
241,0,0.6887268821398417,0,3,0,0.8076679706573486,0,10,0,0.810329157114029,0,20
242,0,0.7816395163536072,0,3,0,1.006447196006775,0,9,0,0.9824859879233621,0,20
243,0,0.817001223564148,0,3,0,1.0386616786321003,0,9,0,1.0904200077056885,0,20
244,0,0.7525115410486857,0,3,0,0.9616387844085693,0,8,0,0.996761550505956,0,20
245,0.2852828958335677,0.8941977222760519,2,3,0,1.539633348584175,0,11,0,1.4474348823229473,0,17,0,1.363455096880595,0,20
246,37.77465375204555,0.6370550195376078,2,3,0,1.2483434677124023,0,17,0,1.2015139261881511,0,20
247,26.40264367309567,0.20863371901214123,2,8,0,0.8921202719211578,0,12,0,0.7189641892910004,0,16,0,0.8680735677480698,0,20
248,59.8836941059011,0.6245931188265482,2,3,0,1.7219138656343733,0,10,0,1.7730507850646973,0,17,0,1.6938485304514568,0,20
249,19.464940293969644,0.8158492644627889,2,3,0,1.6005587180455525,0,6,0,1.5815081596374512,0,12,0,1.5101041793823242,0,17,0,1.5339791377385457,0,20
250,0,0.8988874157269796,0,3,0,1.2394107341766358,0,8,0,1.1569204197989569,0,17,0,1.2596182425816853,0,20
251,0.3785034876426162,0.9529553254445394,2,3,0,1.681738601790534,0,12,0,1.6727648735046388,0,17,0,1.6551960309346516,0,20
252,0.30204219015240935,0.9338319500287374,2,3,0,1.3861618489027023,0,11,0,1.3383644024531047,0,17,0,1.2402921915054321,0,20
253,0.33157777865760457,0.9756136337916056,2,3,0,1.5085549751917522,0,6,0,1.5522246360778809,0,17,0,1.4796361923217773,0,20
254,17.97104555904463,1.104834767488333,2,13,0.19670601459201204,0.7892780154943466,2,17,159.97064243823186,0.03389460779726505,2,25,0.0856846253926088,0.6717884540557861,2,29,8.414048228793435,0.4681829864328558,2,40,0.5912491602239222,0.37905516227086383,2,46,70.38380850873729,0.021869447827339173,2,51,100.26229791167097,0.010627364118893942,1,87,0.9809356270824919,0.5077207684516907,2,90,80.188069137924,0,0,96,43.69054514041384,0.029224467277526856,2,101
255,20.7460697531894,0.14085506341036627,2,17,1.1889618893807057,0.27644593516985577,2,20
256,17.449741521298513,1.5907452702522278,2,8,0,1.0463976661364238,0,20
257,0.12422623039734618,0.9758255481719971,2,3,0,1.3388741612434387,0,11,0,1.4261633952458699,0,17,0,1.3378005027770996,0,20
258,21.713179717146126,0.5182809929052988,2,6,0,1.316629247231917,0,17,0,1.4965227842330933,0,20
259,0,0.7799028555552164,0,3,0,0.970186996459961,0,8,0,0.8668886721134186,0,20
260,0.09964097782134924,0.9555733601252238,2,3,0,1.4282078875435724,0,12,0,1.401529812812805,0,17,0,1.3426071802775066,0,20
261,38.8898965754246,0.5114251017570496,2,5,0,1.304587145646413,0,17,0,1.4308918317159016,0,20
262,21.700114274037457,0.2216360978782177,2,4,0,1.0135226647059123,0,10,0,1.0508715084620885,0,17,0,1.1339307228724163,0,20
263,0,0.6119692921638489,0,3,0,0.6679171621799469,0,9,0,0.6489625410600142,0,20
264,0,1.0517096320788066,0,3,0,1.319192361831665,0,8,0,1.3098223871654935,0,17,0,1.379389484723409,0,20
265,13.200120375313888,0.3794841667016347,2,3,0.11698525424947039,0.7265884109905788,2,10,75.44928433162796,0.34400743842124937,2,15,0,1.1587379217147826,0,20
266,0,0.8964803218841553,0,3,0,1.2557925224304198,0,8,0,1.1586253775490656,0,17,0,1.2258040110270183,0,20
267,0,0.7379204034805298,0,3,0,0.8247612218062083,0,9,0,0.8266918821768328,0,20
268,0,0.7594181497891744,0,3,0,0.9468143837792533,0,10,0,0.8990736246109009,0,20
269,0,0.6551610628763834,0,3,0,0.7068367344992501,0,10,0,0.7207166910171509,0,20
270,0,0.9867884119351705,0,3,0,1.2456040779749553,0,9,0,1.2391766634854404,0,20
271,11.649350262593034,1.3989594380060832,2,3,0.17233279864105266,0.8707830309867859,2,8,14.449405580795183,1.3645362257957458,2,14,0,0.8821174601713816,0,20
272,0,0.6742015480995178,0,3,0,0.7572731773058573,0,9,0,0.7553464878689159,0,20
273,0,0.9176201025644938,0,3,0,1.2019497156143188,0,8,0,1.2329245805740356,0,20
274,0.15197105811613112,1.0190507173538208,2,3,0,1.3960396183861628,0,12,0,1.3870214939117431,0,17,0,1.301886796951294,0,20
275,27.172667713802923,0.09624876454472542,2,4,0,0.9525174636107224,0,17,0,1.1110206445058186,0,20
276,0,0.8615020314852396,0,3,0,1.0008709669113158,0,8,0,0.9241349796454111,0,20
277,30.41334069225237,0.7419069349765778,2,10,0,0.9602974993841988,0,17,0,1.2362812360127766,0,20
278,27.188998279586997,0.6629329522450765,2,3,0,0.9928505420684814,0,6,0,1.0698357423146565,0,12,0,1.0354570388793944,0,17,0,0.9849050442377726,0,20
279,0,0.9954710006713867,0,3,0,1.2049206733703612,0,8,0,1.0656941930452983,0,20
280,11.04926201159534,1.1638688643773396,2,3,0,1.2643240292867024,0,6,0,1.2998795906702678,0,12,0,1.3352712154388429,0,17,0,1.357016682624817,0,20
281,0,1.0599608023961384,0,3,0,1.2546407381693523,0,9,0,1.082384391264482,0,20
282,0,0.632046659787496,0,3,0,0.632453441619873,0,9,0,0.6175221475687894,0,20
283,28.421934456717683,0.6433711349964142,2,4,0,1.1223053290293767,0,17,0,1.2174526453018188,0,20
284,21.060230110812714,0.8056544065475464,2,4,0,1.2715032467475305,0,17,0,1.401960015296936,0,20
285,29.123549969026115,0.773975442756306,2,11,0,0.9894873831007216,0,20
286,0,0.8455954392751058,0,3,0,1.0577245354652405,0,9,0,1.0119706717404453,0,20
287,33.36189276019682,0.7031562072890145,2,7,0,1.2012433211008708,0,10,0,1.1555914538247245,0,17,0,1.2284742991129558,0,20
288,0,0.7502854069073995,0,3,0,0.9279452800750733,0,8,0,0.8477317045132319,0,20
289,0,0.7439959247907003,0,3,0,0.9067037105560303,0,8,0,0.8382156689961752,0,11,0,0.905964215596517,0,20
290,17.410917024979906,0.8020550837883582,2,13,0,0.9585747037615094,0,20
291,63.950987845368,0.07135845720767975,2,4,91.32864872378521,0.08649797737598419,2,10,0,1.0003793920789446,0,17,0,1.2459321816762288,0,20
292,40.45847808291843,0.6108399212360383,2,10,0,1.061210138457162,0,17,0,1.3578279813130696,0,20
293,14.225119539466972,1.1652456705386822,2,13,0,1.0408893426259358,0,16,0,1.208478033542633,0,20
294,11.829834676984252,0.7008834878603617,2,3,0,0.8277468813790215,0,12,0,0.9250724613666534,0,16,0,0.8654638230800629,0,20
295,13.17988289391397,1.022285024325053,2,3,0,1.58443370130327,0,12,0,1.5260313510894776,0,17,0,1.4607352018356323,0,20
296,27.094072552628518,0.924098404971036,2,11,0,0.7944305406676399,0,20
297,18.98336862828243,1.3538482189178467,2,3,0,1.5939110649956598,0,12,0,1.5804909706115722,0,17,0,1.5225677092870076,0,20
298,25.091668806338753,0.31677819788455963,2,4,0,1.3776784676771898,0,17,0,1.4617650906244914,0,20
299,0.30072078128502,0.9769582748413086,2,3,0,1.4377346833546956,0,6,0,1.426456332206726,0,12,0,1.3513396739959718,0,17,0,1.3521180152893066,0,20
300,14.235591148173185,0.9443985223770142,2,3,0,1.4070101711485121,0,12,0,1.4047616004943848,0,17,0,1.4701037009557087,0,20
301,0,0.9631379644076029,0,3,0,1.1740799347559612,0,9,0,1.1256698369979858,0,20
302,0.03451170537760924,0.9847641388575236,2,3,0,1.0098340113957722,0,9,0,0.992011926390908,0,20
303,51.7044930889536,0.5832432646017808,2,26,75.30766650979572,0.563910037279129,2,30,0.38087923928093326,0.9954001108805338,2,33,40.51909412020418,0.8764793574810028,2,37
304,33.63751605240447,1.0447422961393993,2,12,0,0.8456712603569031,0,17,0,1.217733343442281,0,20
305,23.11739786343062,0.9401959776878357,2,12,0,1.0284793823957443,0,20
306,22.495005294123228,0.6868044625629078,2,11,0,0.5286957820256551,0,14,0,0.4270637432734172,0,17,0,0.5361149708429972,0,20
307,0,0.8565280238787333,0,3,0,1.0592627286911012,0,8,0,1.0769752164681752,0,20
308,25.225178581003785,0.5361415386199951,2,5,0,1.3973517715930939,0,17,0,1.540625770886739,0,20
309,0,0.7985864480336508,0,3,0,0.908644608088902,0,10,0,0.8817989468574524,0,20
310,0,0.7672765056292216,0,3,0,0.9348488569259643,0,8,0,0.837214857339859,0,20
311,0.08352796215310956,0.9121720393498739,2,3,0,1.376098354657491,0,12,0,1.3934038400650024,0,17,0,1.3298750321070354,0,20
312,24.933778119783938,0.3714144006371498,2,4,0,1.5784034178807185,0,17,0,1.6709224780400593,0,20
313,22.538544510839458,0.8121695816516876,2,4,0,1.3678235858678818,0,12,0,1.4223718404769898,0,17,0,1.3805613120396931,0,20
314,14.104072240878207,0.8639344771703085,2,3,0,1.3014956712722778,0,6,0,1.2844102382659912,0,12,0,1.2351980924606323,0,17,0,1.241340438524882,0,20
315,15.271003396229997,0.7078447143236796,2,3,0,1.3363293806711833,0,6,0,1.4559435844421387,0,17,0,1.4083367188771565,0,20
316,8.575838497699042,1.3163467049598694,2,4,0,1.1953145563602448,0,12,0,1.1742549180984496,0,17,0,1.1507078409194946,0,20
317,15.956851153236638,0.7175718383355574,2,11,0,0.8292283614476522,0,14,0,0.7255788048108419,0,17,0,0.8624865412712097,0,20
318,0,0.908382256825765,0,3,0,1.177944044272105,0,9,0,1.108169049024582,0,17,0,1.2250810464223225,0,20
319,0,1.0204257567723591,0,3,0,1.3072187662124635,0,8,0,1.2237079044183095,0,20
320,0.2940277220525688,0.9993651707967123,2,3,0,1.4455727189779282,0,11,0,1.4525955319404602,0,17,0,1.3496885697046916,0,20
321,0,0.7778836886088053,0,3,0,0.9818050066630045,0,9,0,0.9233080148696899,0,20
322,0,0.6920520861943563,0,3,0,0.7525984730039325,0,10,0,0.7589821517467499,0,20
323,12.212905399525136,0.29025786817073823,2,10,0,0.9334366321563721,0,13,0,0.7310867160558701,0,17,0,0.925924022992452,0,20
324,0,0.9268378019332886,0,3,0,1.2134978969891865,0,9,0,1.1466795206069946,0,17,0,1.2573671738306682,0,20
325,5.072667021965691,1.4277831713358562,2,3,0,1.3549518320295546,0,12,0,1.324569320678711,0,17,0,1.2546172539393108,0,20
326,0,0.9905697305997213,0,3,0,1.1713330348332722,0,9,0,1.0198097229003906,0,20
327,0,0.854624072710673,0,3,0,1.099679946899414,0,8,0,1.0342059135437012,0,11,0,1.0853506525357564,0,17,0,1.172562559445699,0,20
328,0,0.7698537309964498,0,3,0,0.8836658795674642,0,9,0,0.9137728431008079,0,20
329,23.423259188337784,1.3436177670955658,2,4,0,1.361017025434054,0,17,0,1.5021756092707317,0,20
330,23.775421174124812,1.0409870594739914,2,16,0,1.0297543704509735,0,20
331,0,0.9050662716229757,0,3,0,1.217594027519226,0,8,0,1.0333213607470195,0,20
332,0,0.8328101833661398,0,3,0,1.0872051914532979,0,9,0,0.9610673731023615,0,20
333,0.36879202485423873,1.1699506044387817,2,3,0,1.4271862787358902,0,20
334,0.33850884674400195,0.7209279040495554,2,3,0,1.1642788648605347,0,17,0,1.105100154876709,0,20
335,20.985424197431023,0.5523361762364706,2,6,0,1.1056488969109275,0,17,0,1.294213096300761,0,20
336,10.138947853532445,1.183295766512553,2,6,0,1.1538027308203957,0,17,0,1.27704914410909,0,20
337,22.016484124864082,0.5549206733703613,2,6,0,1.1123142350803723,0,17,0,1.268487572669983,0,20
338,0,0.7221131722132365,0,3,0,0.7561740080515543,0,9,0,0.7413295669989153,0,20
339,0.32431537111067016,1.1439440250396729,2,3,0,1.4096394644843206,0,12,0,1.366354274749756,0,17,0,1.3188023169835408,0,20
340,0,0.8205077250798544,0,3,0,0.9909946407590594,0,10,0,1.023511040210724,0,20
341,0,0.8424492677052816,0,3,0,1.11373929977417,0,8,0,1.0087347030639648,0,11,0,1.040667752424876,0,17,0,1.150342583656311,0,20
342,35.93666163026802,0.44857028871774673,2,4,0,1.2325795888900757,0,17,0,1.3338499069213867,0,20
343,83.9081342892999,0.294040525952975,2,18,40.39113700676372,0.22072795778512955,2,22
344,15.411279730111893,1.1100786328315735,2,8,0,0.8941789070765177,0,17,0,1.0490049918492634,0,20
345,8.097316404279814,1.2431673606236775,2,3,13.240495258444637,0.8041282176971436,2,8,17.276032538901077,0.6129148900508881,2,12,67.15624017155874,0.14388340987541057,2,39
346,40.74998740440175,0.6938452199101448,2,8,0,1.1966081460316975,0,17,0,1.413858970006307,0,20
347,43.984682675198115,0.5012128221988678,2,25
348,16.912518303126788,1.1773342609405517,2,5,0,1.012325604756673,0,8,0,1.095047156016032,0,17,0,1.1806939045588176,0,20
349,21.57376593065186,1.1470926105976105,2,4,0,1.2790591074870183,0,17,0,1.4976928234100342,0,20
350,24.941773264733047,0.7631055116653442,2,4,0,1.3782045474419227,0,17,0,1.5892558892567952,0,20
351,10.061601603440215,0.8721283435821533,2,5,0,0.9818642636140188,0,17,0,1.1661460399627686,0,20
352,9.074162481532115,0.7797125657399495,2,15,0,0.9252856492996215,0,20
353,24.72496733178746,0.29016275703907013,2,4,0,1.3626452042506292,0,17,0,1.472387393315633,0,20
354,0,0.9830285310745239,0,3,0,1.2116450548171998,0,8,0,1.1451911396450467,0,17,0,1.1648564736048381,0,20
355,0.19973432637042335,0.6550547877947489,2,3,0,1.2515363097190857,0,13,0,1.3088434934616089,0,17,0,1.151097019513448,0,20
356,42.38479631943498,0.6002016663551331,2,6,0,1.2106470194729892,0,17,0,1.367633541425069,0,20
357,0,0.9587621490160624,0,3,0,1.1488608360290526,0,8,0,1.0801729261875153,0,20
358,0,0.7667539914449056,0,3,0,0.9819840788841248,0,9,0,0.9382586912675337,0,20
359,79.30135584332128,0.19322690243522325,2,24
360,11.84862307032089,1.2431230783462524,2,5,0,0.9337307016054789,0,17,0,1.1393437385559082,0,20
361,4.5541642470539,0.8772508859634399,2,5,0,1.0758322477340698,0,8,0,1.1508796215057373,0,16,0,1.2119808793067932,0,20
362,18.349120113559422,1.0754774738760555,2,17,0,1.33497949441274,0,20
363,21.36975596443503,1.3225550651550293,2,4,0,1.2858398510859563,0,17,0,1.3861503998438518,0,20
364,21.62447237703753,0.6574401756127676,2,6,0,1.1931555596264927,0,17,0,1.3319743871688843,0,20
365,0.22706838289790304,0.8716069062550863,2,3,0,1.4310844739278157,0,12,0,1.3863843441009522,0,17,0,1.2945632934570312,0,20
366,0.3226678710538021,0.804404079914093,2,3,0,1.4469425280888875,0,12,0,1.3595299005508423,0,17,0,1.3144089380900066,0,20
367,11.861814919508676,0.19465795159339905,2,4,0,0.6978301543455857,0,17,0,0.8417346874872843,0,20
368,14.550473374135004,0.45347511768341064,2,3,0,1.4805701441235013,0,12,0,1.4605681657791139,0,17,0,1.4667257865269978,0,20
369,24.147315581366087,0.8888185935861924,2,17,0.5907243795854544,0.8615671396255493,2,20
370,26.450481662222604,1.650246500968933,2,4,0,1.5338873863220215,0,7,0,1.3679547177420721,0,16,0,1.283361166715622,0,20
371,0,0.7479217052459717,0,3,0,0.7972958939416068,0,10,0,0.7946312248706817,0,20
372,0,0.8721905946731567,0,3,0,1.0813398122787476,0,8,0,1.043997436761856,0,20
373,0,0.7506060600280762,0,3,0,0.8053310428346906,0,10,0,0.8016098737716675,0,20
374,0,0.7873509724934896,0,3,0,0.999071458975474,0,9,0,0.9761780283667825,0,20
375,0,0.9029903809229533,0,3,0,1.0991234064102173,0,8,0,1.0563683013121288,0,20
376,5.938675806661373,0.5921105444431305,2,6,0,1.1209834218025208,0,10,0,1.1654581001826696,0,17,0,1.2260736227035522,0,20
377,21.431791343301153,0.3462042734026909,2,4,0,1.2064747993762677,0,17,0,1.284651517868042,0,20
378,18.703832709702933,1.3489473376955305,2,7,0,1.1646564841270446,0,17,0,1.3726392984390259,0,20
379,0,0.9015391071637472,0,3,0,1.1778066158294678,0,9,0,1.1758024543523788,0,17,0,1.2581266562143962,0,20
380,42.64686895968348,0.47402891218662263,2,20
381,36.72549400490812,0.6260179666911855,2,17,0,1.3251576821009319,0,20
382,25.215622762113895,0.4613944642684039,2,17,0,1.1286169290542603,0,20
383,50.8875746534948,0.028143785893917084,2,16,0,1.113427609205246,0,20
384,28.043951056850073,1.2446092069149017,2,12,0,0.8598507940769196,0,20
385,0,0.6670567989349365,0,3,0,0.6544725980077472,0,10,0,0.6309051394462586,0,20
386,79.54428576353115,1.3166990727186203,2,8,330.9685570609634,0.10068097184686099,2,25,255.4464994778994,0.1726936399936676,2,31
387,27.823545460592314,0.549278091107096,2,14,42.34273733087498,0.4000217244029045,2,18,79.66860012496053,0.3081097513437271,2,28,130.95659030972027,0.2744814530014992,2,36,72.51624158905051,0.37343062957127887,2,39
388,29.459801577879155,0.5039590708911419,2,8,0,1.1121883392333984,0,17,0,1.2634013891220093,0,20
389,23.569732654380978,1.1169690787792206,2,12,0,1.0475889295339584,0,20
390,22.061079310520572,0.6044659064366267,2,13,0,0.8939116256577628,0,20
391,20.04893374366777,0.5297466814517975,2,6,0,1.1916208375583996,0,17,0,1.295757571856181,0,20
392,12.523627164888731,0.4335462252298991,2,12,0,0.906575870513916,0,17,0,1.1192773977915447,0,20
393,17.996917303846065,0.7488537013530732,2,10,0,0.7476414442062378,0,17,0,0.8645489811897278,0,20
394,47.38143494751776,0.5679138558251517,2,7,0,0.8859424988428751,0,10,0,0.9127925293786185,0,17,0,1.0752238035202026,0,20
395,20.6368998190209,0.9092730085055033,2,12,0,0.7448796629905701,0,20
396,17.890276844276265,0.3646298519202641,2,14,0,0.9710706969102224,0,20
397,40.285234365709606,0.3665963250857133,2,13,0,0.9734029599598476,0,20
398,0.10064350710723363,1.0158714453379314,2,3,0,1.0817091464996338,0,20
399,13.449141230491728,0.18747547268867493,2,3,48.92792402899112,0.1455484002828598,2,8,127.06753080252845,0.056794583797454834,2,18,181.88520521469576,0.05811325709025065,2,24,0.25106409301634053,0.5156685709953308,2,27,64.73871593376286,0.08408401906490326,2,32,4.854649415669306,0.22233900427818298,2,35,267.8259775479173,0.04220092722347805,2,42,15.043989208833587,0.1526774764060974,2,48,271.4221942740148,0.08247011612381852,2,105
400,85.8840221252579,0.29813769459724426,2,28,53.45391772022015,1.2591820771877582,2,41
401,23.69900096483771,0.3731011688709259,2,5,0,1.2230678796768188,0,17,0,1.3065728346506755,0,20
402,0.07168322727435089,1.1360934575398762,2,3,0,1.4582769239650053,0,20
403,0,0.9530786275863647,0,3,0,1.2456098000208538,0,9,0,1.198377251625061,0,17,0,1.3131426175435383,0,20
404,0,0.8144495884577433,0,3,0,1.0472354412078857,0,8,0,1.0174462000528972,0,11,0,1.086223304271698,0,17,0,1.1578203837076824,0,20
405,37.04915033881935,0.25582188963890073,2,5,66.56629519445536,0.2848382517695427,2,11,0,0.8976879914601644,0,20
406,11.292605238263969,0.9274655342102051,2,5,0,1.2043594618638356,0,17,0,1.3557385206222534,0,20
407,0,0.8916988968849182,0,3,0,1.0632500886917113,0,8,0,1.0282080074151356,0,20
408,9.190358638331903,0.5000959262251854,2,4,0,1.2881568945371187,0,17,0,1.3704843918482463,0,20
409,7.132694364073847,0.7023373007774353,2,5,0,0.9262265264987946,0,17,0,1.0497008164723713,0,20
410,32.50323462947911,0.9094411475317818,2,14,0,0.6894866526126862,0,20
411,43.82697081547015,0.4030302345752716,2,10,0,0.9668448482240949,0,17,0,1.0589055220286052,0,20
412,0.4563753534821022,0.7853284279505411,2,3,0,1.3239354235785348,0,17,0,1.2281162738800049,0,20
413,82.70285061696366,0.21457482521471224,2,38
414,23.54130633960981,0.32272433042526244,2,5,0,0.9068958461284637,0,17,0,1.119980255762736,0,20
415,19.245409945820356,0.47229612725121634,2,7,0,0.8269435167312622,0,10,0,0.8070428030831474,0,17,0,0.9622097412745158,0,20
416,0,0.7189268271128336,0,3,0,0.783461332321167,0,9,0,0.7435690706426447,0,20
417,20.630967394374753,0.23144587235791342,2,7,0,0.8529532551765442,0,10,0,0.7380156517028809,0,13,0,0.5543036311864853,0,17,0,0.6891289750734965,0,20
418,2.1641571946678986,1.368995984395345,2,3,0,1.394177966647678,0,12,0,1.3660345554351807,0,17,0,1.3138236204783122,0,20
419,15.480458926752336,0.5083610365788142,2,6,0,1.2346034375104038,0,17,0,1.389567216237386,0,20
420,0,0.7709241708119711,0,3,0,0.9210636615753174,0,8,0,0.9274060130119324,0,20
421,0,0.921184778213501,0,3,0,1.143176293373108,0,8,0,1.1082283523347642,0,17,0,1.2249391078948975,0,20
422,3.7183191677446437,0.966257119178772,2,5,0,1.3754045792988367,0,12,0,1.4649417638778686,0,17,0,1.5063349803288777,0,20
423,0,0.8237910668055216,0,3,0,0.9454421826771328,0,10,0,0.8981104731559754,0,20
424,0.19287923411228625,0.8683858712514242,2,3,0,1.5380362272262573,0,12,0,1.5134145736694335,0,17,0,1.4407671292622883,0,20
425,10.16890776067186,0.6925867633386091,2,11,0.20342545684077865,1.0404617521497939,2,20,11.937373901733448,0.8272228688001633,2,36
426,0,0.8555416067441305,0,3,0,1.1333635330200196,0,8,0,1.0568430821100872,0,11,0,1.0872502326965332,0,17,0,1.1845199664433796,0,20
427,38.71564724864083,0.7649934411048889,2,5,0,1.2888617018858592,0,17,0,1.4601816733678181,0,20
428,0.377899334621894,0.8366277813911438,2,3,0,1.3756957981321547,0,12,0,1.2743123769760132,0,17,0,1.2340045770009358,0,20
429,45.03612431898582,1.4666777054468791,2,9,0,1.1270180145899455,0,12,0,1.1201504945755005,0,17,0,1.4373170137405396,0,20
430,0,0.8749258120854696,0,3,0,1.1509141723314922,0,9,0,1.0912817608226428,0,20
431,33.59795376104124,1.0224937796592712,2,10,0,1.0010898283549718,0,17,0,1.2498490810394287,0,20
432,51.64246206976867,0.6066509059497288,2,7,0,1.5622927069664,0,17,0,1.7280511458714802,0,20
433,28.824414713043183,0.6949062592842999,2,17,1.720648748401536,0.6888893842697144,2,20
434,72.63002119254298,0.3401964848691767,2,11,0.06540208198583539,1.503448337316513,2,15,13.037402757481642,0.5432736873626709,2,18,0.4083587854866451,1.1444338262081146,2,22,1.3973254114708247,0.5560740530490875,2,26,81.68941234043801,0.38752552325075323,2,59
435,26.464195666615545,0.8342266082763672,2,7,0,0.9789398511250814,0,10,0,1.0961072785513741,0,17,0,1.2386099894841511,0,20
436,11.418040715090562,0.5236365298430125,2,6,0,1.1342127919197083,0,10,0,1.063160845211574,0,17,0,1.1299594243367512,0,20
437,0,0.967356542746226,0,3,0,1.1010232369105022,0,9,0,0.9519089568745006,0,20
438,0,0.9334225257237753,0,3,0,1.1662275075912476,0,8,0,1.1388868689537048,0,20
439,0.3018448796968759,1.0621426502863567,2,3,0,1.4826585054397583,0,11,0,1.4675777951876323,0,17,0,1.4242130120595295,0,20
440,21.49024017812362,0.6552005547743577,2,13,0,0.8480656828199115,0,20
441,100.69258601249639,0.37374625641566056,2,26
442,22.32481680414778,0.9356325070063273,2,3,0,1.3281550804773967,0,6,0,1.415991206963857,0,12,0,1.4019704341888428,0,17,0,1.4252639611562092,0,20
443,0,0.8301565051078796,0,3,0,1.107530653476715,0,9,0,1.056679630279541,0,14,0,0.9813297986984253,0,17,0,1.060246467590332,0,20
444,0.28658151298468787,1.0578244527180989,2,3,0,1.485140283902486,0,6,0,1.4753264297138562,0,17,0,1.3616286913553874,0,20
445,0.13373594200826808,0.7587804595629374,2,3,0,1.3455113453023575,0,20
446,0.3119790318032096,0.9741981426874796,2,3,0,1.6842405647039413,0,11,0,1.6532112558682759,0,17,0,1.5562045176823933,0,20
447,15.510880219845417,1.0878281831741332,2,5,0,1.1765349507331848,0,17,0,1.276017427444458,0,20
448,22.48171353111581,0.783658538545881,2,7,10.151680806138062,0.8285363912582397,2,10,0,0.6554903984069824,0,15,0,0.8094597578048706,0,20
449,21.193090190833885,0.23329437971115113,2,5,0,0.840804765621821,0,17,0,0.9998656908671061,0,20
450,23.512571311344296,0.7265580632747748,2,39
451,0.34577659267958555,0.8506995439529419,2,3,0,1.3259154028362699,0,12,0,1.2173186540603638,0,17,0,1.2075114250183105,0,20
452,0,0.9323192834854126,0,3,0,1.1381770849227906,0,8,0,1.094922165075938,0,20
453,38.28848408551272,0.34254878511031467,2,12,0,0.9734129428863525,0,17,0,1.1951546271642048,0,20
454,0,0.7505386670430502,0,3,0,0.8835691809654236,0,9,0,0.8964517224918712,0,20
455,0,0.868307908376058,0,3,0,1.1621789693832398,0,8,0,1.0842739343643188,0,17,0,1.1930648883183796,0,20
456,25.501995961348268,0.50985101716859,2,14,0,0.8830880522727966,0,20
457,23.782567108316066,0.3662182316184044,2,4,0,1.1947312721839318,0,17,0,1.2659322023391724,0,20
458,16.256885157370256,0.6992927094300588,2,6,0.02518893129493366,0.8199785798788071,2,14,240.70572284171826,0.4904859298840165,2,30,253.52234797731828,0.10279969672362009,2,60
459,24.179813784143363,0.9575579166412354,2,4,0,1.2765966011927679,0,17,0,1.499313751856486,0,20
460,0,0.7070019046465555,0,3,0,0.7926533420880636,0,9,0,0.7755704522132874,0,20
461,5.254495405006631,1.4479333460330963,2,4,0,1.1833859384059906,0,12,0,1.1575376510620117,0,17,0,1.156825105349223,0,20
462,73.89874874264709,1.2022511661052704,2,8,43.060008358807636,1.6601772069931031,2,28
463,0.13428290367148416,1.054163138071696,2,3,0,1.3992829663412911,0,17,0,1.3475920756657918,0,20
464,27.498271832940222,0.6260184407234192,2,10,19.183618674935005,0.6234893401463827,2,13,0,0.89125885282244,0,20
465,8.52354060736952,1.0581405560175579,2,3,0,1.2248789469401042,0,6,0,1.2167378465334575,0,12,0,1.1208049535751343,0,17,0,1.1179101467132568,0,20
466,6.488900896163747,0.6994735598564148,2,3,0,1.0724173254436917,0,12,0,1.0186288118362428,0,17,0,1.040763298670451,0,20
467,0,0.8106594880421957,0,3,0,1.0530876119931538,0,9,0,0.9590383659709584,0,20
468,20.567534514175343,0.7431156436602274,2,3,0,1.2597967386245728,0,6,0,1.4350283904509111,0,17,0,1.3200467824935913,0,20
469,0,1.0035998423894246,0,3,0,1.2820923805236817,0,8,0,1.3031417330106099,0,20
470,70.65424377736795,0.5097214132547379,2,16,0,1.2629694044589996,0,20
471,53.1056453458729,0.36679739461225624,2,17,0.5230326343540357,0.5883739988009135,2,20
472,0.11292498609020687,0.9796903530756632,2,3,0,1.1763163805007935,0,20
473,9.145805227945083,1.1246033161878586,2,8,0,1.129796822865804,0,17,0,1.2329754034678142,0,20
474,38.07533850516594,0.3516419331232707,2,3,0,1.4212403446435928,0,11,0,1.521637201309204,0,17,0,1.4439716339111328,0,20
475,79.27034246852759,0.17651835332314172,2,6,120.90374418401566,0.17176741883158683,2,26
476,15.179875693498571,0.4776185676455498,2,4,0,1.1816977996092577,0,17,0,1.426315466562907,0,20
477,0,0.8667170802752177,0,3,0,1.1405598719914753,0,9,0,1.1163443652066318,0,20
478,0,0.8172815243403116,0,3,0,0.9942861454827445,0,10,0,1.019612681865692,0,20
479,10.971066394971631,0.8436055275110098,2,13,0,0.563484217439379,0,20
480,0,0.8994800249735514,0,3,0,1.1814279079437255,0,8,0,1.2018246551354725,0,20
481,0,0.7291662295659384,0,3,0,0.7895481586456299,0,10,0,0.8250391840934753,0,20
482,0,0.8186700542767843,0,3,0,1.0522065162658691,0,8,0,1.027918020884196,0,11,0,1.067288339138031,0,17,0,1.1267362435658772,0,20
483,0.11319524914564806,0.7152406970659891,2,3,0,1.2564385599560208,0,12,0,1.25126371383667,0,17,0,1.1725654602050781,0,20
484,27.857813983453813,0.22401897981762886,2,4,0,1.2087139624815721,0,17,0,1.325406551361084,0,20
485,6.931770353238434,0.34491602182388303,2,5,0,1.5728457144328527,0,12,0,1.681528925895691,0,17,0,1.6137673060099285,0,20
486,14.788161540459939,0.6946146339178085,2,4,0,1.3905858076535738,0,17,0,1.5474082231521606,0,20
487,0.29023668330661834,1.0787796179453533,2,3,0,1.5168336118970598,0,10,0,1.542727759906224,0,17,0,1.4725664456685383,0,20
488,0,0.7431977589925131,0,3,0,0.7979988058408102,0,9,0,0.7793282703919844,0,20
489,0.33081120046057005,1.0970901648203533,2,3,0,1.4485974311828613,0,6,0,1.4073969450863926,0,17,0,1.3520089387893677,0,20
490,0.2361561955052755,1.0824919541676838,2,3,0,1.391380752835955,0,17,0,1.2999189297358196,0,20
491,35.80849861979578,1.0678439537684123,2,9,0,1.0421781142552693,0,12,0,1.0189492225646972,0,17,0,1.196727951367696,0,20
492,0,0.8188435236612955,0,3,0,1.0617740750312805,0,9,0,0.9889787435531616,0,20
493,0.08251127233517012,0.8583120107650757,2,3,0,0.9430931674109565,0,12,0,0.9664342105388641,0,16,0,1.0040172934532166,0,20
494,0,0.7856938441594442,0,3,0,1.0131422678629558,0,9,0,0.9889589439738881,0,20
495,0,0.908382256825765,0,3,0,1.177944044272105,0,9,0,1.108169049024582,0,17,0,1.2250810464223225,0,20
496,0.06804383539414455,0.8608718315760294,2,3,0,1.1338314082887437,0,12,0,1.1843948662281036,0,16,0,1.087725192308426,0,20
497,56.22653353234185,0.63055752714475,2,6,0,1.140217701594035,0,9,0,1.1623051762580872,0,17,0,1.245202938715617,0,20
498,0.2704429220462654,0.7655722896258036,2,3,0,1.5118653906716242,0,12,0,1.5302528858184814,0,17,0,1.4868358373641968,0,20
499,7.720051380572455,0.7131188710530599,2,3,0,1.3548472970724106,0,11,0,1.2656336029370625,0,17,0,1.2374823490778606,0,20
500,16.538591683681556,0.9558619033722651,2,21
501,75.15007858494528,0.6381597697734833,2,10,0,0.9430032134056091,0,20
502,39.51700511120616,0.2986414615924542,2,13,0,0.9099403194018773,0,20
503,27.338831737699845,0.5136311888694763,2,10,16.719799197845287,0.5321781734625498,2,16,0,1.1338530778884888,0,20
504,9.12499474287902,0.9322358518838882,2,8,0,1.084837516148885,0,11,0,1.0569581985473633,0,17,0,1.2472080787022908,0,20
505,11.45492019796308,0.8085028727849325,2,3,0,1.4467983643213909,0,6,0,1.3799512726919991,0,20
506,24.377060434098986,0.5230671060936791,2,14,0,0.8245920836925507,0,20
507,0.15537205544486035,0.7571385105450948,2,3,0,1.3227855232026842,0,12,0,1.3948622643947601,0,16,0,1.2446180880069733,0,20
508,18.998856039109594,0.811331311861674,2,3,0,1.2077016085386276,0,11,0,1.182814081509908,0,17,0,1.2166151603062947,0,20
509,7.291724198408284,1.103618335723877,2,5,0,0.8981543779373169,0,17,0,0.975812037785848,0,20
510,83.77257294381305,1.0834940433502198,2,5,366.537194600711,0.288155667980512,2,20
511,15.620813648553684,1.052251785993576,2,4,0,1.1789744751793998,0,11,0,1.1900694370269775,0,17,0,1.1723419825236003,0,20
512,24.27357645655338,1.033030112584432,2,9,0,1.0865258773167927,0,12,0,1.0673120498657227,0,17,0,1.2065393924713135,0,20
513,13.611149405746543,1.0414684116840363,2,4,0,0.8921458537761981,0,17,0,0.9795432090759277,0,20
514,0,0.6281613906224569,0,3,0,0.6571873767035348,0,10,0,0.6527021288871765,0,20
515,0,0.8780283133188883,0,3,0,1.1657172918319703,0,8,0,0.961293081442515,0,20
516,0.27970399254868944,0.8589560786883036,2,3,0,1.4578025870853,0,12,0,1.4264004468917846,0,17,0,1.3429232041041057,0,20
517,0.2809843356747314,0.815917432308197,2,3,0,1.419342623816596,0,12,0,1.4278682470321655,0,17,0,1.395676573117574,0,20
518,10.505692506897816,0.879459057535444,2,7,0,1.1581615328788757,0,17,0,1.3897078434626262,0,20
519,0,0.8819689353307089,0,3,0,1.1810158014297485,0,8,0,1.0369785726070404,0,20
520,7.886590101653761,0.24121994525194168,2,6,0,1.1159507930278778,0,10,0,1.0541939565113612,0,17,0,1.0948623021443684,0,20
521,42.37789504081084,0.41982732500348774,2,7,0,1.1494875351587932,0,10,0,1.15127010004861,0,17,0,1.210121512413025,0,20
522,31.171587238558097,0.5660547614097595,2,4,0,1.3915377305104182,0,17,0,1.5346332788467407,0,20
523,0,0.7878405054410299,0,3,0,0.9889621734619141,0,9,0,1.0288316336545078,0,20
524,19.392529826468348,0.8425949096679688,2,5,0,1.3008114496866863,0,17,0,1.5933345953623455,0,20
525,43.79373438566705,0.34558241897159153,2,9,79.44408607899099,0.34555991036551337,2,44,53.84073871211527,0.3758132259051005,2,47
526,21.350179003887813,1.058258524307838,2,13,0,0.7894415599959237,0,20
527,18.375605798044468,0.9765800535678864,2,4,0,1.4509573257886446,0,17,0,1.7016457716623943,0,20
528,26.694382594357034,0.9259100755055746,2,9,0,1.231084942817688,0,12,0,1.1391057968139648,0,16,0,1.3426577746868134,0,20
529,19.526686441372,1.0781748990217845,2,12,0,1.028601884841919,0,20
530,13.00460501578803,0.808588981628418,2,5,0.08519661616005546,0.5896505117416382,2,8,13.822389720973824,0.7217242956161499,2,13,0.208310347653465,0.9318326314290365,2,16,16.078368367894406,0.7717438248487619,2,29
531,28.51991455609243,0.3486214478810628,2,3,0,1.4605540831883748,0,6,0,1.5365685658021406,0,17,0,1.4585113922754924,0,20
532,15.780803551386116,0.5956012368202209,2,15,31.014142901225878,0.4200250605742137,2,18,73.35921472384086,0.20908740056412561,2,32
533,0.32962983333664064,1.1163502931594849,2,3,0,1.5161531236436632,0,12,0,1.4922090530395509,0,17,0,1.5008355379104614,0,20
534,22.85302716399729,0.738039535634658,2,17,7.993905237746277,0.6588449279467264,2,20
535,0.2822680343772085,0.6206299662590027,2,3,0,1.2111885898253496,0,20
536,0.038897252967881824,0.7115249633789062,2,3,0,1.162188873571508,0,20
537,24.214354700248222,0.5046533400362189,2,11,0,0.8479055960973104,0,17,0,0.9216841459274292,0,20
538,8.438768401048058,0.47341226041316986,2,4,0,0.8175555914640427,0,12,0,0.7823465943336487,0,17,0,0.9170154730478922,0,20
539,0,0.9738489389419556,0,3,0,1.1112420388630457,0,10,0,0.9125969171524048,0,20
540,15.492142679752655,0.12440608069300652,2,4,0,1.3488705158233643,0,12,0,1.3663158416748047,0,17,0,1.4470542271931965,0,20
541,23.111298966078166,0.6330338180065155,2,10,0,0.9547046252659389,0,17,0,1.0322181383768718,0,20
542,0,0.8310690522193909,0,3,0,0.963988995552063,0,8,0,0.8948060274124146,0,20
543,0,0.8211631178855896,0,3,0,1.0735183556874592,0,9,0,1.0114312171936035,0,20
544,0,0.795244574546814,0,3,0,0.972650408744812,0,8,0,0.8849675390455458,0,17,0,1.0387076139450073,0,20
545,0,0.8447360197703043,0,3,0,1.088751534620921,0,9,0,1.0803551077842712,0,17,0,1.1677258014678955,0,20
546,0,0.8858439524968466,0,3,0,1.1649532794952393,0,8,0,1.0884265104929607,0,11,0,1.1165184378623962,0,17,0,1.2132829825083415,0,20
547,0,0.9334225257237753,0,3,0,1.1662275075912476,0,8,0,1.1388868689537048,0,20
548,0,0.6163518031438192,0,3,0,0.6634507349559239,0,10,0,0.6602507948875427,0,20
549,0,0.6938941280047098,0,3,0,0.7333367963631948,0,9,0,0.7254511388865384,0,20
550,0,0.71727321545283,0,3,0,0.8400795459747314,0,9,0,0.8462163209915161,0,20
551,0,0.9514071146647135,0,3,0,1.1860269784927369,0,8,0,1.1605611509746976,0,17,0,1.2622127532958984,0,20
552,0,0.738050619761149,0,3,0,0.8208845768656049,0,10,0,0.8608527600765228,0,20
553,0,0.8394738634427389,0,3,0,0.9783355508531842,0,10,0,0.8886693716049194,0,17,0,0.9833650986353556,0,20
554,0,0.9005474050839742,0,3,0,1.0976372480392456,0,8,0,1.0800151228904724,0,20
555,0,0.672768235206604,0,3,0,0.6725939214229584,0,9,0,0.6639395789666609,0,20
556,0.8456289705441562,0.9429320891698202,2,3,0.15307304944802866,0.815287172794342,2,7,0,0.8099033037821451,0,10,0,0.8446690695626395,0,17,0,0.9392104546229044,0,20
557,18.973561083675673,1.2277112404505413,2,3,0,1.3595582644144695,0,6,0,1.5314543680711226,0,17,0,1.5246268510818481,0,20
558,24.120759359190124,1.0263063982129097,2,16,276.4912456156156,0.19303260743618011,2,19,444.78342657445614,0.15801433846354485,2,27,311.5747828391546,0.16993371148904166,2,30
559,0,0.6605593164761862,0,3,0,0.663034607966741,0,9,0,0.650413377718492,0,20
560,39.86126004224524,0.41848103816692644,2,26
561,15.43602847680365,0.4128245810667674,2,6,0,1.2301849343559959,0,17,0,1.338611404101054,0,20
562,0,0.8247585296630859,0,3,0,1.0178260405858357,0,9,0,1.019657850265503,0,20
563,41.78418227977877,0.2806293029676784,2,22
564,8.378440416623759,1.0721912185351055,2,6,0,0.9629514975981279,0,17,0,1.0170852343241374,0,20
565,31.747355405758125,0.230789452791214,2,6,0,1.2445422410964966,0,11,0,1.079560379187266,0,17,0,1.1736425558725994,0,20
566,19.78074183434555,0.32987019668022793,2,12,0,0.8052482604980469,0,17,0,0.9575876593589783,0,20
567,47.78861872398127,0.8586768209934235,2,4,0,1.2237028983923106,0,17,0,1.4660977919896443,0,20
568,27.731516122390556,1.045303503672282,2,3,0,1.2128067016601562,0,6,0,1.3063286542892456,0,12,0,1.2781412839889525,0,17,0,1.1979682445526123,0,20
569,26.607620500977568,0.6506075121107555,2,21
570,15.655053238454009,0.8800568159888772,2,17,0,0.8815686702728271,0,20
571,19.81088044608194,0.9292285442352295,2,5,0,0.8308646579583486,0,17,0,0.980882445971171,0,20
572,23.75802853709183,1.428086519241333,2,8,0,1.1301338937547472,0,17,0,1.350915511449178,0,20
573,17.87768219332758,1.0179200172424316,2,7,0,1.0014208555221558,0,10,0,1.0625084127698625,0,17,0,1.195189396540324,0,20
574,18.789118685349713,0.9889498472213745,2,10,0,0.8273710409800211,0,13,0,0.6547685265541077,0,17,0,0.8128358125686646,0,20
575,23.196374038431372,0.5055672327677408,2,3,0,1.2582833766937256,0,6,0,1.2894618511199951,0,12,0,1.1529690742492675,0,17,0,1.2020052274068196,0,20
576,0,0.8346476753552755,0,3,0,1.0405153036117554,0,8,0,1.0729230145613353,0,20
577,0,0.8156807025273641,0,3,0,1.0543756484985352,0,9,0,1.0274273306131363,0,17,0,1.113364815711975,0,20
578,14.182262290893371,1.06688192486763,2,8,0,0.9615613354576958,0,17,0,1.1150508324305217,0,20
579,0,0.7136779427528381,0,3,0,0.8607900142669678,0,8,0,0.7959247430165609,0,11,0,0.8722820149527656,0,20
580,19.557886025025752,0.4589265454560518,2,16,0,1.2678582072257996,0,20
581,32.69051040884891,1.850114629818843,2,13,384.1043236997621,1.7750441193580628,2,23,1.4771447783467846,1.765324592590332,2,26,501.7021130342608,1.6766375104586284,2,32,0.09888416125866246,1.4971323311328888,2,44
582,0,1.077719251314799,0,3,0,1.240003724892934,0,9,0,1.0633032538674094,0,20
583,0,0.8173199494679769,0,3,0,1.0302357435226441,0,8,0,0.9937553803126017,0,20
584,46.9218985501045,0.628041081568774,2,17,0,1.1698548793792725,0,20
585,29.55097374834444,0.5457227031389872,2,3,0,1.3558353583017986,0,6,0,1.302158539945429,0,17,0,1.2834151983261108,0,20
586,37.27454533148743,0.5434974730014801,2,4,18.31004751235873,0.5620776017506918,2,7,35.86090670117973,0.6430866221586863,2,25
587,129.43689746176315,0.10366078253303256,2,14,0,0.9715819557507833,0,20
588,7.611662814994719,0.7727514505386353,2,3,0,1.1529206434885662,0,6,0,1.355418237772855,0,17,0,1.312991460164388,0,20
589,21.013975225278994,0.8880616318095814,2,11,30.301027295764833,0.9109777212142944,2,14,0,0.9394252697626749,0,20
590,0,0.8727632959683737,0,3,0,1.1265907764434815,0,8,0,1.0399516820907593,0,11,0,1.0834314028422039,0,17,0,1.1810987790425618,0,20
591,13.441126325974945,0.8283350808279855,2,7,0,1.2375346541404724,0,17,0,1.453675667444865,0,20
592,5.346954442593629,0.11729491874575615,2,4,0,1.0229527400090144,0,17,0,1.1542277336120605,0,20
593,30.946759213390855,0.6995124022165934,2,18,84.70665716155726,0.3664869132794832,2,37
594,51.95645741728361,0.3888339272567204,2,14,10.527102372320893,1.0991082986195881,2,17,0,1.420337398846944,0,20
595,2.1875330068093892,0.7931337952613831,2,3,21.822228344459926,0.6734782854715983,2,6,0,1.203426805409518,0,17,0,1.3833935260772705,0,20
596,21.717251799980847,1.3038878043492634,2,3,0,1.3701184749603272,0,8,0,1.5198352601793077,0,17,0,1.481741468111674,0,20
597,53.90709661052149,0.3893212676048279,2,9,0,0.8598424196243286,0,12,0,0.72737817466259,0,16,0,0.8842195272445679,0,20
598,12.547088050938143,0.9916163853236607,2,7,0,0.9855447173118591,0,17,0,1.0637708107630413,0,20
599,0,0.8848466475804647,0,3,0,1.0979771812756856,0,9,0,1.043272539973259,0,17,0,1.076388994852702,0,20
600,12.714056687002754,0.992150354385376,2,5,0,1.3254563212394714,0,17,0,1.5156689882278442,0,20
601,69.55839564685233,0.2837747518505369,2,35
602,0,0.6212791403134664,0,3,0,0.6474622587362925,0,9,0,0.6190617463805459,0,20
603,49.76447458812609,1.029073801907626,2,33,28.9055448803711,0.952689915895462,2,37
604,21.836802521192052,0.7554454952478409,2,20
605,0,1.0204126238822937,0,3,0,1.2290530920028686,0,8,0,1.1033603880140517,0,17,0,1.156331459681193,0,20
606,10.640978175044514,1.0441362063090007,2,3,0,1.5707109106911554,0,12,0,1.510796594619751,0,17,0,1.4772019386291504,0,20
607,28.73111538566221,1.3120665550231934,2,3,0.17367189745505568,1.2462622267859322,2,10,96.81305504160876,1.1636365087408769,2,29,0.048936964286037776,1.4043194850285847,2,32,64.55005669706156,0.6735070546468099,2,35,223.84616479272174,0.28808972239494324,2,39
608,0,0.7072174549102783,0,3,0,0.8531677484512329,0,8,0,0.7886231342951456,0,11,0,0.8556439214282565,0,20
609,0,0.7878873546918234,0,3,0,1.0062348047892253,0,9,0,0.9334938742897727,0,20
610,17.732054513894234,1.2971890767415364,2,9,0,0.9797474145889282,0,12,0,0.7537378787994384,0,17,0,0.7525103092193604,0,20
611,0.21173857295240198,1.1468981107076008,2,3,0,1.3961122698254056,0,12,0,1.3196878671646117,0,17,0,1.2503518263498943,0,20
612,47.416787192678854,0.7411063462495804,2,8,0,1.0441009146826608,0,15,0,1.2355472326278687,0,20
613,42.66511802035935,0.5602127512296041,2,3,142.77042445351645,0.6469863057136536,2,9,77.58474182068076,0.8023755550384521,2,13,0,1.0132855006626673,0,20
614,7.198623974057741,0.8369002739588419,2,6,0,1.4947008653120561,0,17,0,1.5837777058283489,0,20
615,8.94706222105114,0.1702065199613571,2,5,0,1.0233325064182281,0,17,0,1.0851376851399739,0,20
616,0,0.9541098674138387,0,3,0,1.1438148736953735,0,8,0,1.0592100322246552,0,20
617,92.67907129843462,0.6054091453552246,2,5,0,1.3547956347465515,0,17,0,1.452165683110555,0,20
618,0.10542578766502658,0.8839868108431498,2,3,0,1.2385192844602797,0,12,0,1.2800938844680787,0,17,0,1.2289499441782634,0,20
619,21.327649544235456,1.0097866791945238,2,13,255.44465973775812,0.3707640894821712,2,20,75.88891301822945,0.39348297715187075,2,25
620,19.093896374270546,1.202193726192821,2,11,0,0.7272209326426188,0,14,0,0.6806294918060303,0,17,0,0.842989961306254,0,20
621,30.21016613533008,0.25992603972554207,2,4,0,1.5138003551042998,0,17,0,1.5999528169631958,0,20
622,17.11144112693397,0.6760791818300883,2,15,0,1.10062837600708,0,20
623,0.4098053249876269,1.149929682413737,2,3,0,1.4636386334896088,0,11,0,1.4438449939092,0,17,0,1.3630103667577107,0,20
624,4.853018980906723,0.3581493745247523,2,6,0,1.278937047178095,0,17,0,1.3294020891189575,0,20
625,8.725293479871054,0.14163034781813622,2,4,0,0.9909064036149245,0,17,0,1.0650731325149536,0,20
626,0,0.7726998130480448,0,3,0,0.9921847979227701,0,9,0,0.9214458573948253,0,20
627,25.43230787647142,1.643981675306956,2,6,0,1.137905565175143,0,17,0,1.337456464767456,0,20
628,0,1.1555271943410237,0,3,0,1.3548801342646282,0,9,0,1.1984738328240134,0,20
629,0,0.7761229674021403,0,3,0,0.9736566146214803,0,9,0,1.0312113978646018,0,20
630,0,0.9279692967732748,0,3,0,1.1605480909347534,0,8,0,1.1604386038250394,0,17,0,1.2478899161020915,0,20
631,44.634787628669145,1.0983449762517756,2,11,27.26327276404905,1.1705751816431682,2,14,0,0.8480429649353027,0,20
632,51.883106076800054,0.5452129112349616,2,9,0,1.0977768500645955,0,12,0,1.0741055965423585,0,17,0,1.2932802041371663,0,20
633,11.204218483586498,0.7773190438747406,2,4,0,1.5067491829395294,0,12,0,1.4772177696228028,0,17,0,1.4194029966990154,0,20
634,38.42112836846243,0.9556205055930398,2,22
635,17.60756766071195,1.1180342435836792,2,3,8.329478640028649,1.1060951948165894,2,6,15.357083356224601,1.1927841901779175,2,9,0,1.0838022773916072,0,20
636,16.100711527607682,1.1878146171569823,2,5,0,1.2375427881876628,0,8,0,1.366393831041124,0,17,0,1.4172375599543254,0,20
637,8.603232929964207,0.8635447223981222,2,12,0,0.7199069783091545,0,20
638,39.53384616977609,0.7372969090938568,2,8,0,0.9034375614590116,0,17,0,1.0569976965586345,0,20
639,34.61040439442845,0.5152557690938314,2,12,0,0.7440907955169678,0,20
640,33.29101950997832,1.0395799577236176,2,4,0,1.3030079786594098,0,17,0,1.4707145690917969,0,20
641,22.567678985625708,0.6838157922029495,2,8,43.60222131244375,0.5466161072254181,2,20
642,21.205670885901768,1.0987709760665894,2,4,0,1.2141311764717102,0,12,0,1.2650935888290404,0,17,0,1.2705742518107097,0,20
643,23.31690021801501,0.6829265356063843,2,3,0,1.4875412498201643,0,10,0,1.5548299891608102,0,17,0,1.4760062297185261,0,20
644,0,0.8090324799219767,0,3,0,1.0327709674835206,0,8,0,0.9425902764002482,0,11,0,0.9509615699450175,0,17,0,1.0255571603775024,0,20
645,0,0.9378641843795776,0,3,0,1.2028124332427979,0,8,0,1.1721464494864147,0,20
646,0,0.8589499791463217,0,3,0,1.1114414135615032,0,9,0,0.9972804459658536,0,20
647,0,1.0453266104062398,0,3,0,1.14592102595738,0,10,0,0.9801054954528808,0,20
648,22.023545994484568,0.6992678642272949,2,13,0,0.809979362147195,0,20
649,53.29435476978595,0.4538835346698761,2,10,40.872215136974695,0.46987633619989666,2,17,0,1.2315632104873657,0,20
650,27.46349266160045,1.4340942927769251,2,7,0,0.7177369793256124,0,10,0,0.7994812216077533,0,17,0,0.9901493390401205,0,20
651,120.44151634674944,0.1303535968065262,2,5,5.100371822908451,0.24215671916802725,2,8,126.57919848780882,0.12123701141940223,2,17,1.184243389049929,0.4684224526087443,2,20
652,20.517680640401267,1.0196706255276997,2,6,11.49055275720029,0.9800550937652588,2,9,22.231563827702416,0.9889227662767682,2,16,0,0.9939314126968384,0,20
653,18.708855970273348,0.7268604189157486,2,12,28.73218532588781,0.6436187624931335,2,15,0,0.9852088928222656,0,20
654,0,0.6855126023292542,0,3,0,0.7541384271212986,0,10,0,0.768150019645691,0,20
655,0,0.801808496316274,0,3,0,1.0396723985671996,0,8,0,0.9719850222269694,0,11,0,0.9821884433428446,0,17,0,1.0276927947998047,0,20
656,0.12644828270812428,0.8137628634770712,2,3,0,1.4172132355826241,0,10,0,1.3952422857284545,0,20
657,23.162133392146973,0.6314054528872172,2,3,0,1.2675649457507663,0,12,0,1.1868380069732667,0,17,0,1.2137157122294109,0,20
658,17.280851174330174,0.2816400080919266,2,4,0,0.9093215557245108,0,17,0,0.9885991414388021,0,20
659,64.27210132956823,0.3947964438370296,2,14,0,1.1839085221290588,0,20
660,62.7156895594143,0.06537373822468978,2,13,0,0.8764963660921369,0,20
661,0,0.8970892031987509,0,3,0,1.094331479072571,0,8,0,1.0553422470887501,0,20
662,0,0.6347930232683817,0,3,0,0.6916916767756144,0,9,0,0.959190845489502,0,20
663,0,0.6969433426856995,0,3,0,0.8372632026672363,0,8,0,0.7769936323165894,0,11,0,0.8596641884909736,0,20
664,10.826783601660924,0.8954532146453857,2,6,0,1.1044034307653254,0,17,0,1.191283146540324,0,20
665,0,0.8303827047348022,0,3,0,1.0191576878229778,0,9,0,1.0335180325941606,0,20
666,0.3223276800254767,0.8472619454065958,2,3,0,1.3321090539296467,0,12,0,1.1936414003372193,0,17,0,1.2122553586959839,0,20
667,28.738876881009375,0.6031526543877341,2,11,0,0.8542298740810819,0,20
668,23.974525108667184,0.805244505405426,2,6,0,1.3644427386197178,0,17,0,1.580495834350586,0,20
669,0,0.7921080589294434,0,3,0,0.9328101532799857,0,10,0,0.9049922943115234,0,20
670,0.24876713290649782,0.9815451304117838,2,3,0,1.5111714005470276,0,11,0,1.5881475408871968,0,17,0,1.4585130612055461,0,20
671,0.2330540181372537,0.7354378402233124,2,3,0,1.350933763715956,0,12,0,1.3165821313858033,0,17,0,1.2313921054204304,0,20
672,0,0.8739545345306396,0,3,0,1.2001346588134765,0,8,0,1.0506448149681091,0,14,0,0.9461479584376017,0,17,0,1.0288711388905842,0,20
673,0,0.7831776738166809,0,3,0,0.8771437009175619,0,9,0,0.811946299943057,0,20
674,0,0.9184995094935099,0,3,0,1.2052626132965087,0,8,0,1.1375763813654582,0,11,0,1.1585873365402222,0,17,0,1.2654147148132324,0,20
675,0,0.7772215207417806,0,3,0,0.9357973814010621,0,8,0,0.9284061888853709,0,20
676,0,0.8870528141657511,0,3,0,1.1639026880264283,0,8,0,0.9525930682818095,0,20
677,14.670898058000672,0.4825465798377991,2,5,0,1.1007491946220398,0,17,0,1.2487343152364094,0,20
678,34.84119045492302,0.8067536354064941,2,9,0,1.041433294614156,0,12,0,0.9947747389475504,0,15,0,1.1028205156326294,0,20
679,84.78126061353414,0.2812402546405792,2,7,0,0.9516504208246866,0,10,0,0.9610839287439982,0,16,0,1.0987420976161957,0,20
680,0.16318241873334086,0.7984185814857483,2,3,0,1.3048574527104695,0,12,0,1.3088505506515502,0,17,0,1.207820455233256,0,20
681,14.463588434540425,0.38657013575236004,2,6,0,1.1636117154901677,0,17,0,1.336505691210429,0,20
682,11.082104788629273,0.9647307197252909,2,6,0,1.1502154848792336,0,17,0,1.268938660621643,0,20
683,20.991347560396168,0.35066527624924976,2,6,0,1.2109592069279065,0,17,0,1.4076338211695354,0,20
684,14.176428222439581,0.9253352483113607,2,6,0,1.3372183821418069,0,17,0,1.4847067991892497,0,20
685,27.0857151505259,0.5193129420280457,2,5,0,1.3845304449399312,0,17,0,1.5444424152374268,0,20
686,7.842302879903273,0.8440237045288086,2,3,0,1.1812952491972182,0,12,0,1.2235527038574219,0,17,0,1.1400025685628254,0,20
687,0.21986646458349154,0.5981866916020712,2,3,0,1.1316145261128743,0,12,0,1.14161856174469,0,17,0,1.0617207288742065,0,20
688,0.2730187742520193,0.720856636762619,2,3,0,1.300897791981697,0,11,0,1.3132746418317158,0,17,0,1.2977547248204548,0,20
689,20.591745678784875,0.5216932654380798,2,5,0,1.1366962591807048,0,8,0,1.179208517074585,0,17,0,1.246360182762146,0,20
690,16.95628620401904,0.19247335195541382,2,3,0,1.1842528922217233,0,17,0,1.1389439105987549,0,20
691,8.989644836209806,0.6228004544973373,2,4,0,1.332148477435112,0,12,0,1.293522572517395,0,17,0,1.2903897762298584,0,20
692,14.969323055605614,0.8995257616043091,2,4,0,0.9614794162603525,0,17,0,1.0749046007792156,0,20
693,25.469340575669584,0.834658145904541,2,3,0,1.3444259961446126,0,6,0,1.5399921655654907,0,11,0,1.5755951801935832,0,17,0,1.4679239590962727,0,20
694,15.98944031142658,1.0038694143295288,2,3,0,1.4859406054019928,0,11,0,1.4737561146418254,0,17,0,1.4085523684819539,0,20
695,22.529762804469875,1.012490838766098,2,4,0,1.2370137801537147,0,17,0,1.355823278427124,0,20
696,0.3128639804325755,0.6578496098518372,2,3,0,1.4504246626581465,0,17,0,1.4270164171854656,0,20
697,33.797234757627024,0.7918407320976257,2,5,0,1.1070904731750488,0,17,0,1.3683704137802124,0,20
698,10.69949535272094,1.1955321629842122,2,3,0,1.581435203552246,0,12,0,1.5288142919540406,0,17,0,1.526074727376302,0,20
699,19.235541065440547,0.43592701107263565,2,4,0,0.9864595433076223,0,16,0,1.1524584889411926,0,20
700,0,0.75239364306132,0,3,0,0.8773332238197327,0,9,0,0.84683758020401,0,17,0,0.9655778408050537,0,20
701,0,0.7483841180801392,0,3,0,0.8468506676810128,0,10,0,0.8905533790588379,0,20
702,0,0.8571838140487671,0,3,0,1.0547422369321187,0,9,0,1.0556437102231113,0,20
703,0,0.9382219711939493,0,3,0,1.2213969469070434,0,8,0,1.1527336835861206,0,17,0,1.2626550594965618,0,20
704,19.55879342343258,0.8623815377553304,2,3,0,1.2952073216438293,0,11,0,1.3010782996813457,0,17,0,1.294433871905009,0,20
705,0,0.697439988454183,0,3,0,0.8406163215637207,0,8,0,0.7758408784866333,0,11,0,0.8417463567521837,0,20
706,0,0.7340243856112162,0,3,0,0.8123325705528259,0,10,0,0.8551423192024231,0,20
707,0,0.8512808879216512,0,3,0,1.0982977747917175,0,9,0,1.0853111743927002,0,20
708,20.091434254110624,0.4302706867456436,2,4,0,1.2381556767683763,0,17,0,1.2424144744873047,0,20
709,12.806355560942258,0.7860083281993866,2,4,0,1.1684674758177538,0,17,0,1.323097546895345,0,20
710,0,1.0035503506660461,0,3,0,1.2265174627304076,0,8,0,1.1081324915091197,0,20
711,0.40880765439811545,1.1264819701512654,2,3,0,1.6046300331751506,0,9,0,1.624291643500328,0,17,0,1.5511916081110637,0,20
712,0.3098683085699875,0.9356972773869833,2,3,0,1.3547244668006897,0,11,0,1.239892601966858,0,17,0,1.099932869275411,0,20
713,0,0.8459189136823019,0,3,0,1.0995651880900066,0,9,0,1.0014870464801788,0,17,0,1.1256786584854126,0,20
714,0,0.8727976679801941,0,3,0,1.1265714645385743,0,8,0,1.0399553378423054,0,11,0,1.0834364295005798,0,17,0,1.181010643641154,0,20
715,0,1.025519112745921,0,3,0,1.2293660442034404,0,9,0,1.0878657549619675,0,17,0,1.0993099610010784,0,20
716,0,0.997257669766744,0,3,0,1.2188015182813008,0,9,0,1.131612867116928,0,17,0,1.1795398791631062,0,20
717,0,0.675750215848287,0,3,0,0.7311209780829293,0,10,0,0.7416546046733856,0,20
