0,2.195120272625949,0.6639124353726705,2,3,30.257446825334426,0.5817077904939651,2,11,0,0.8402584460046556,0,20
1,90.42257485863406,0.2915406286716461,2,10,145.9399698134501,0.35985855095916325,2,28,190.1806872027176,0.3303839147090912,2,33,19.87784357028834,0.7946790854136149,2,36,11.25035255089053,0.8446349799633026,2,40
2,0.20758433687169028,0.8539599378903707,2,3,0,1.4352330565452576,0,11,0,1.3535517454147339,0,17,0,1.3425967693328857,0,20
3,12.880445160543601,0.8751442829767863,2,3,0,1.4038525025049846,0,6,0,1.3940327167510986,0,12,0,1.248188853263855,0,17,0,1.2358957926432292,0,20
4,0.07286205611606826,0.9008500576019287,2,3,0,1.4195747936473173,0,20
5,38.54467266377729,0.6764350930849711,2,3,0,1.097212513287862,0,6,0,1.1812955791299993,0,17,0,1.1543912490208943,0,20
6,27.677647562209295,1.168129841486613,2,3,0,1.4336251815160115,0,6,0,1.5983578291806309,0,17,0,1.5356862942377727,0,20
7,21.28060620752373,0.8268564144770304,2,12,0,0.8486081436276436,0,20
8,41.410574319830964,0.42045825719833374,2,5,0,1.3349454402923584,0,8,0,1.422022157245212,0,17,0,1.5629502534866333,0,20
9,27.878788111403722,1.422444686293602,2,8,0,1.1887628237406414,0,17,0,1.411415735880534,0,20
10,9.09396644475981,0.5894696116447449,2,3,0,1.1848415666156344,0,12,0,1.0946400612592697,0,20
11,0.3181353399769573,1.1002392371495564,2,3,0,1.45014588534832,0,11,0,1.4444766441980998,0,17,0,1.350246787071228,0,20
12,0,0.7102671066919962,0,3,0,0.7778164446353912,0,9,0,0.7480442415584218,0,20
13,35.24263557787782,0.6557634797963229,2,11,0,0.7141750256220499,0,14,0,0.6318949262301127,0,17,0,0.7522156635920206,0,20
14,17.956430188497706,1.3072913140058517,2,16,0,1.0382340550422668,0,20
15,11.245745142701999,0.8282107512156168,2,3,0,1.2868168751398723,0,6,0,1.4640498486432163,0,17,0,1.3631831804911296,0,20
16,3.193729360106316,0.7975469827651978,2,3,0,1.0194894737667508,0,12,0,1.1962065935134887,0,17,0,1.1033416589101155,0,20
17,26.01189590374551,0.5247021383709378,2,9,0,0.8277488549550375,0,12,0,0.6625490188598633,0,16,0,0.7479366958141327,0,20
18,15.601086744177948,0.7991695404052734,2,3,0,1.232222318649292,0,6,0,1.338130513827006,0,12,0,1.25017249584198,0,17,0,1.1267024278640747,0,20
19,22.93156357754243,1.2308065295219421,2,4,0,1.2725997613026545,0,17,0,1.345268964767456,0,20
20,0.06900750794661849,1.1075713237126668,2,3,0,1.3742721501518698,0,20
21,8.418000092823307,0.4922056496143341,2,3,0,1.1057282156414456,0,12,0,0.9622271537780762,0,17,0,0.9766966104507446,0,20
22,0,0.7366045316060384,0,3,0,0.932401200135549,0,9,0,0.9192313714460894,0,20
23,0.07861917737623972,0.7006841003894806,2,3,0,1.1383117586374283,0,11,0,1.1144124799304538,0,20
24,8.373040324340458,1.1495819985866547,2,4,77.26778482559224,0.2879907502369447,2,26
25,0.3209019032195283,0.8112051486968994,2,3,0,1.3538721650838852,0,11,0,1.320202926794688,0,17,0,1.2745242913564045,0,20
26,14.644462046159456,0.07542660534381866,2,5,39.40017984792723,0,0,10,78.39780635314054,0.008135253892225377,1,27,120.319173395869,0.028284129889115044,2,50,26.448198976134805,0.08183050155639648,2,53,138.47860481872968,0.04099257383495569,2,69,1.008323622474274,0.36286310851573944,2,73,0.19822532352612093,0.39942368119955063,2,77,79.44551701823914,0.1585472971200943,2,80,137.73953947639896,0.029330924726449527,2,106,98.29951305715385,0.10819154481093089,2,109
27,19.119706083912615,1.1618304902857,2,11,0,0.9163687626520792,0,14,0,0.8233406941095988,0,17,0,1.1062606970469158,0,20
28,35.668132100075056,0.652142159640789,2,16,50.17239982402065,1.1438712179660797,2,20
29,17.329134245386765,0.7756649606368121,2,17,0,1.1758869489034016,0,20
30,9.828284172769761,0.773922344048818,2,6,0,1.1418393552303314,0,10,0,1.135566098349435,0,17,0,1.2294248739878337,0,20
31,21.162617929705632,0.0125854363044103,1,3,52.95546776170306,0,0,6,104.02221486114998,0.06628454724947612,2,15,13.70743060656801,0.3188556532065074,2,18,8.800032852272333,0.4396011183659236,2,24
32,30.459863234094644,0.582825311592647,2,7,0,1.2582716464996337,0,17,0,1.5044413010279338,0,20
33,8.907621773607712,0.5271715720494589,2,3,38.74418853218018,0.4837675789992015,2,6,0,1.1152166525522869,0,9,0,1.0830813497304916,0,17,0,1.1659672260284424,0,20
34,29.15630789076942,0.19457942247390747,2,8,44.104127504519894,0.25933503607908887,2,17,63.47663301567382,0.3289567407439737,2,34,41.435666673629974,0.3087031617760658,2,38
35,20.00972887539459,1.1928457617759705,2,8,0,0.8406866192817688,0,17,0,0.9502951304117838,0,20
36,44.275385271815715,0.14388884529471396,2,20
37,99.8282403712045,0.3369383096694946,2,5,0,1.1401499509811401,0,8,0,1.1595615148544312,0,17,0,1.1551798979441326,0,20
38,0.3429712034745421,1.1237170696258545,2,3,0,1.4372112221188016,0,12,0,1.4004327297210692,0,17,0,1.3588354587554932,0,20
39,0.1724991587467955,0.9816718498865763,2,3,0,1.3998022079467773,0,11,0,1.4499433835347493,0,17,0,1.4142629702885945,0,20
40,18.31213309078762,1.1144016911001766,2,17,44.558058371446485,1.0124722321828206,2,20
41,32.85365415679746,0.7088534533977509,2,10,14.549670878048076,0.7417448401451111,2,15,0,0.972252607345581,0,20
42,11.70269591534323,0.7036939100785689,2,11,0,0.8819817304611206,0,14,0,0.7094708681106567,0,17,0,0.890168309211731,0,20
43,19.658906293142376,1.2581679423650105,2,3,0,1.2135717272758484,0,11,0,1.1740798552831013,0,17,0,1.2927356561024983,0,20
44,0.13824828404982759,0.8639941612879435,2,3,0,1.4343705309761896,0,12,0,1.4944364070892333,0,17,0,1.412613034248352,0,20
45,24.92728794298802,1.2998555501302083,2,3,0,1.2616581519444783,0,6,0,1.4500934102318503,0,17,0,1.4608227014541626,0,20
46,0,0.8257246812184652,0,3,0,1.0884779691696167,0,9,0,1.0282447879964656,0,20
47,12.128370673558537,0.8804457585016886,2,3,0,1.2823063532511394,0,6,0,1.322626034418742,0,12,0,1.2681700468063355,0,17,0,1.2565048535664876,0,20
48,0.11105178684968006,0.9881066878636678,2,3,0,1.3833488093482122,0,12,0,1.4398633003234864,0,17,0,1.3610373735427856,0,20
49,21.533875127868704,0.5767682685571558,2,17,0.7211165848451614,0.6032341519991556,2,20
50,0,1.0038519104321797,0,3,0,1.3004122257232666,0,8,0,1.2900811235109966,0,20
51,0.18399902816601652,0.8026883800824484,2,3,0,1.443281610806783,0,12,0,1.3699338674545287,0,17,0,1.3558164437611897,0,20
52,18.842462641854638,1.052175243695577,2,3,0,1.6199527051713731,0,12,0,1.6471087694168092,0,17,0,1.6277465025583904,0,20
53,0,0.8584737181663513,0,3,0,1.1189684629440309,0,8,0,1.0645062923431396,0,11,0,1.1121214032173157,0,17,0,1.2092708746592205,0,20
54,0,0.7158988316853842,0,3,0,0.8813912272453308,0,9,0,0.8432188142429698,0,20
55,0,0.8708619276682535,0,3,0,1.1476642886797588,0,9,0,1.1162645600058816,0,20
56,0,0.8565258979797363,0,3,0,1.0783917903900146,0,8,0,1.0041728681988187,0,17,0,1.0424182415008545,0,20
57,19.534592064450997,0.7101588845252991,2,18,91.48155204645907,0.5213557156649503,2,29
58,25.726352600307905,0.32407869895299274,2,6,0.7081693307997811,0.5473328332106272,2,9,58.985262981732824,0.3642573952674866,2,40,40.48904422331438,0.35750563364279897,2,59
59,23.10369990875192,0.6833514273166656,2,6,0,1.2918336689472198,0,10,0,1.348227092197963,0,17,0,1.3693674405415852,0,20
60,20.171622234807387,1.0763261318206787,2,3,0,1.2514378627141316,0,6,0,1.3233881755308672,0,17,0,1.2870299418767293,0,20
61,10.456047671118881,0.49454473572618823,2,17,0.5943743652895395,0.5262164572874705,2,20
62,15.749979626533113,0.787242571512858,2,9,0,1.0564360618591309,0,12,0,0.988655948638916,0,17,0,1.1863113641738892,0,20
63,35.30581472450053,0.7020348310470581,2,3,0,1.4108575979868572,0,6,0,1.3938755772330544,0,17,0,1.3316173156102498,0,20
64,14.584268115503457,1.5436541863850184,2,7,0,1.389325893842257,0,20
65,54.484544738217494,0.2870667263081199,2,19,71.3481483491359,0.28715999309833234,2,32
66,23.07382080495688,0.9132431528785012,2,11,0,0.6705521742502848,0,17,0,0.7338906526565552,0,20
67,19.256887438002693,0.8851230243841807,2,12,0,0.9261337593197823,0,20
68,14.241784938752359,0.5166665464639664,2,4,0,1.108111179791964,0,17,0,1.3012145360310872,0,20
69,22.595464365892294,0.7901549985011419,2,12,0,0.9037162363529205,0,20
70,0,0.7464234431584676,0,3,0,0.9036125898361206,0,8,0,0.8314965565999349,0,11,0,0.9048271046744453,0,20
71,0,0.9209028482437134,0,3,0,1.1405583222707112,0,9,0,1.0172189474105835,0,17,0,0.9840208292007446,0,20
72,0.22879629593660875,0.9175026218096415,2,3,0,1.3461925685405731,0,11,0,1.3546959161758423,0,17,0,1.2723358472188313,0,20
73,0,0.6912903587023417,0,3,0,0.7464527487754822,0,9,0,0.7337022694674405,0,20
74,0.33665679698481843,0.7931249936421713,2,3,0,1.4895985126495361,0,10,0,1.476760172843933,0,20
75,0,0.6538350184758505,0,3,0,0.7407286763191223,0,10,0,0.7324184834957123,0,20
76,0,0.7896888454755148,0,3,0,0.9898421764373779,0,9,0,1.0652883811430498,0,20
77,0,0.6601213415463766,0,3,0,0.6715418994426727,0,9,0,0.6556210192767057,0,20
78,0,0.7767447233200073,0,3,0,0.9650384386380514,0,9,0,1.0079157135703347,0,20
79,0,0.6664942105611166,0,3,0,0.6976050989968436,0,10,0,0.6946401953697204,0,20
80,14.569711137904319,1.0056163668632507,2,8,0,0.9560924371083578,0,17,0,1.1571474472681682,0,20
81,0,0.9043811162312826,0,3,0,1.1616085529327393,0,8,0,1.2180414100488026,0,20
82,0,0.6869302193323771,0,3,0,0.7980143087250846,0,10,0,0.8083197236061096,0,20
83,0,0.827324906984965,0,3,0,1.0571924249331157,0,9,0,0.9670805484056473,0,17,0,1.0905889670054119,0,20
84,0,0.8268398443857828,0,3,0,1.0793693661689758,0,9,0,1.0081105557355015,0,20
85,0,0.6849769155184428,0,3,0,0.7431086131504604,0,10,0,0.7343600451946258,0,20
86,28.581290538248474,1.119547107002952,2,11,0,1.1931832631429036,0,20
87,23.631600141867132,0.8242563659494574,2,11,0,0.8100854158401489,0,14,0,0.7310649752616882,0,17,0,0.9769697189331055,0,20
88,0.24586858529770117,1.0825769106547039,2,3,0,1.6132468836648124,0,10,0,1.6513415745326452,0,17,0,1.5751614570617676,0,20
89,18.492578648923654,0.9684257268905639,2,20
90,0,0.7815120617548624,0,3,0,0.8915859631129673,0,10,0,0.9092710614204407,0,20
91,0,0.7738331953684489,0,3,0,0.9204734802246094,0,8,0,0.9183890720208486,0,20
92,0,0.8970280090967814,0,3,0,1.0942391633987427,0,8,0,1.0554295182228088,0,20
93,14.049980806759322,1.1407709338448264,2,11,0,0.9288288752237955,0,14,0,0.7602857152620951,0,17,0,0.9020798206329346,0,20
94,0,0.8770883480707804,0,3,0,1.0717958807945251,0,9,0,0.9338303953409195,0,17,0,0.8833936850229899,0,20
95,0,0.880999763806661,0,3,0,1.059710144996643,0,8,0,1.023440311352412,0,20
96,0,0.8515444993972778,0,3,0,1.0937426686286926,0,9,0,1.071910186247392,0,20
97,13.683129819511302,0.762679914633433,2,3,0,1.5579062700271606,0,11,0,1.5658559600512187,0,17,0,1.560248851776123,0,20
98,22.493602009826844,0.6846655085682869,2,8,0,1.0905965864658356,0,12,0,1.1149133443832397,0,17,0,1.3473729689915974,0,20
99,19.814074447740666,0.37638060109955923,2,7,0,0.9986652135848999,0,10,0,1.0033147845949446,0,17,0,1.1544317404429119,0,20
100,18.02964960523991,0.4712965389092763,2,9,0,1.0621862411499023,0,12,0,0.8775210380554199,0,17,0,1.026740312576294,0,20
101,36.605428017720385,1.1833734273910523,2,5,0,1.2245596845944722,0,17,0,1.477971355120341,0,20
102,26.553961860264902,1.064795970916748,2,3,5.3440075970317915,0.9740043640136719,2,8,0.025987356817713893,0.46952124312520027,2,16,72.36547730796318,0.1980488420951934,2,37,0,1.0228615999221802,0,40,229.81260008111872,0.17178290540521796,2,51,124.8823413596274,0.19570069015026093,2,54,56.90423590156137,0.25897807876269024,2,57
103,16.44289171284123,0.9580342315492176,2,21
104,33.555659330961944,1.0861680961790539,2,21
105,30.23738952434379,0.379668299640928,2,7,0.04151112558389885,0.20574019104242325,2,11,0.0257178753521515,0.18044468263785043,2,14,2.0063289450571555,0.23638934890429178,2,17,0.07329686557596178,0.4788598318894704,2,20,316.8793296991862,0.23138361175855002,2,23,471.8802972623198,0.1971313625574112,2,28,0.029542645325439335,1.0433084070682526,2,44,50.2626155363718,0.5107248872518539,2,52,0.11802603404366156,0.6072740356127421,2,55,44.45753755789845,0.6516775687535604,2,58
106,19.806262049798473,0.4520011494557063,2,6,0,1.3862032131715254,0,17,0,1.5752085049947102,0,20
107,0,0.8412134051322937,0,3,0,1.0208425521850586,0,9,0,1.0261080698533491,0,20
108,20.725408893743964,0.175286295513312,2,6,0,1.1700565273111516,0,17,0,1.2316958109537761,0,20
109,57.25861934162341,0.5591727197170258,2,6,0,1.3172629529779607,0,17,0,1.551511287689209,0,20
110,16.62289195483041,1.122872531414032,2,8,0,1.0085302591323853,0,17,0,1.2975237369537354,0,20
111,49.268157747017824,0.6844133138656616,2,5,0,1.374916543563207,0,17,0,1.6393828392028809,0,20
112,13.074840093444838,0.9053808450698853,2,5,0,1.0063542425632477,0,17,0,1.1425256729125977,0,20
113,14.998206821323283,0.5247903108596802,2,5,0,1.2533665895462036,0,8,0,1.349120881822374,0,17,0,1.3980180025100708,0,20
114,9.608292420265489,0.6481331437826157,2,4,0,1.2552194136839647,0,17,0,1.3632911443710327,0,20
115,19.162068087985702,1.2784052610397338,2,5,0,1.1633449296156566,0,17,0,1.2756255467732747,0,20
116,0,0.8014065027236938,0,3,0,1.052427053451538,0,8,0,1.0183224280675252,0,11,0,1.040894905726115,0,17,0,1.0674857298533122,0,20
117,23.42679886219725,0.4667276553809643,2,8,0,0.9002267718315125,0,12,0,0.7424693256616592,0,16,0,0.9114277064800262,0,20
118,28.881860876173796,0.18741518259048462,2,4,0,1.043032536139855,0,17,0,1.1887009938557942,0,20
119,25.18747841596657,1.0350999964608087,2,9,0,1.2222241163253784,0,17,0,1.4561091661453247,0,20
120,28.30887011986155,0.34606226285298664,2,3,0,1.2271733794893538,0,17,0,1.3139970699946086,0,20
121,0.1697664867264085,1.0764782031377156,2,3,0,1.251723501417372,0,12,0,1.2720618009567262,0,17,0,1.1841159264246623,0,20
122,29.382953754702406,1.4619096517562866,2,4,0,1.224895037137545,0,17,0,1.385760227839152,0,20
123,0.2778843109435891,0.819514532883962,2,3,0,1.6683800617853801,0,12,0,1.5790696382522582,0,17,0,1.5053569078445435,0,20
124,0,0.943671464920044,0,3,0,1.2786784648895264,0,8,0,1.1619044144948323,0,11,0,1.1967697342236836,0,17,0,1.3025479316711426,0,20
125,0,0.894605278968811,0,3,0,1.1813735723495484,0,8,0,1.0084192057450612,0,20
126,0,0.865413228670756,0,3,0,1.1246354182561238,0,9,0,1.1017269654707476,0,20
127,0,0.8029852708180746,0,3,0,0.9342315395673116,0,9,0,0.8701532862403176,0,20
128,19.449939144235856,0.746313621600469,2,12,27.598347593616502,0.694345752398173,2,15,0,0.9613468408584595,0,20
129,0,0.9966735243797302,0,3,0,1.231776754061381,0,9,0,1.1460564678365535,0,20
130,0,0.8665150801340739,0,3,0,1.1510910034179687,0,8,0,1.0559597412745159,0,11,0,1.0861315925916035,0,17,0,1.1937520106633503,0,20
131,29.702503965036172,0.12644877036412558,2,3,112.1583867637402,0.23053871393203734,2,23
132,0,0.8335898518562317,0,3,0,1.0728116234143574,0,9,0,0.9408430402929132,0,20
133,60.74015220487891,0.4446319997310638,2,5,85.06065965901085,0.48447557787100476,2,11,0,1.1232547362645466,0,20
134,0,1.029439926147461,0,3,0,1.245412826538086,0,8,0,1.1139214171303644,0,17,0,1.1647000312805176,0,20
135,57.919395270556734,1.0326903263727825,2,3,0,1.0373403628667195,0,6,0,1.1083303888638814,0,12,0,1.1989654779434205,0,17,0,1.289334774017334,0,20
136,12.602507165745102,0.6385542949040731,2,3,0,1.1217398908403184,0,12,0,1.0935763835906982,0,17,0,1.079867680867513,0,20
137,35.01353090603768,1.144911789894104,2,10,0,1.1315300703048705,0,15,0,1.3582105398178101,0,20
138,0,0.6696053345998129,0,3,0,0.7508123417695364,0,9,0,0.7469611438837919,0,20
139,0,1.0162521203358967,0,3,0,1.2584856271743774,0,8,0,1.1080904934141371,0,17,0,1.1707606712977092,0,20
140,40.434284686347326,0.39790395753724234,2,14,0,0.7532763083775839,0,17,0,0.7007112701733907,0,20
141,14.24904352347693,0.8703397810459137,2,16,0,1.009155422449112,0,20
142,0.23688960909685677,1.1442710161209106,2,3,0,1.3949083856173925,0,17,0,1.3484649658203125,0,20
143,31.05506620007898,0.7030252871059236,2,21
144,32.897932962511696,0.41734128445386887,2,4,47.827804218909755,0.41719808578491213,2,24
145,12.823717995088689,0.5289529097080231,2,25
146,18.543242384375745,0.33359429240226746,2,4,0,1.0743078291416168,0,8,0,0.9536387787924873,0,17,0,1.0557067394256592,0,20
147,22.15708119005499,0.6190378467241923,2,9,39.887424839372436,0.4064376751581828,2,12,159.2617824527091,0.3274417854845524,2,20,90.87302373271055,0.39292362332344055,2,23
148,28.335056726245345,0.3883787214756012,2,20
149,32.55755700405118,0.4891391375235149,2,14,2.997058565747593,0.5712438027064005,2,17,45.264166663547414,0.6692912393602831,2,46
150,0,0.9791685740152994,0,3,0,1.294807453950246,0,9,0,1.250746101140976,0,17,0,1.3627513249715169,0,20
151,15.590159555743828,1.20851069688797,2,4,0,1.224602222442627,0,12,0,1.2108471870422364,0,17,0,1.2666845719019573,0,20
152,10.861560765732865,1.4941215515136719,2,5,0,1.2907774448394775,0,12,0,1.2287559032440185,0,17,0,1.2988569339116414,0,20
153,0.27552072610095296,0.6685190200805664,2,3,0,1.2325691382090251,0,12,0,1.1662498116493225,0,16,0,1.0903332233428955,0,20
154,41.77766013405072,0.46267272904515266,2,8,64.0971123872793,0.5450209975242615,2,13,0,0.8703185830797467,0,20
155,0,0.6347192128499349,0,3,0,0.6916183233261108,0,9,0,0.9590232047167692,0,20
156,38.34982169415917,1.2021568775177003,2,10,0,0.9122510637555804,0,17,0,1.1041940053304036,0,20
157,15.844308657273281,1.0423179183687483,2,7,0,1.0620418548583985,0,17,0,1.2694426377614338,0,20
158,0,0.705143948396047,0,3,0,0.8611589670181274,0,9,0,0.8071754574775696,0,20
159,0,0.6525595982869467,0,3,0,0.7245232065518697,0,9,0,0.7032550356604836,0,20
160,63.671637364381716,0.4393469627414431,2,14,0,1.0106521248817444,0,20
161,0.4040389362633106,1.3337796131769817,2,3,0,1.5777416974306107,0,11,0,1.628146489461263,0,17,0,1.620592753092448,0,20
162,0,0.8067139585812887,0,3,0,1.031988759835561,0,9,0,1.0548002394762905,0,20
163,0.29309077777656495,0.7893762191136678,2,3,0,1.3922684107507979,0,17,0,1.2939887046813965,0,20
164,0.336440137370166,0.6210986971855164,2,3,0,1.1871889063290186,0,17,0,1.2066675027211506,0,20
165,42.74788461819585,0.9891481101512909,2,8,0,1.1056254572338529,0,17,0,1.2450379530588787,0,20
166,17.385716046889865,0.4770718639095624,2,12,0,0.8003474235534668,0,17,0,0.9402770598729452,0,20
167,31.29037043399578,0.311574125289917,2,5,55.857687072328545,0.24228516221046448,2,8,0,1.1093900799751282,0,12,0,0.9898971796035767,0,17,0,1.2464487155278523,0,20
168,13.695567418088986,0.5460310975710551,2,6,0,1.2307880900122903,0,17,0,1.3915523290634155,0,20
169,0,0.8645150264104208,0,3,0,1.13760910431544,0,9,0,1.1107223142277112,0,20
170,14.055808712104254,0.5389240980148315,2,3,0,1.0884030262629192,0,12,0,1.2907950401306152,0,17,0,1.2047433058420818,0,20
171,0,0.6609994967778524,0,3,0,0.7406403919061025,0,9,0,0.7326195890253241,0,20
172,33.000659583625854,0.8638928929964701,2,6,0,1.3018521865208943,0,9,0,1.3308418244123459,0,17,0,1.3891187906265259,0,20
173,30.390597586751205,1.4413222968578339,2,4,0,1.3034796714782715,0,17,0,1.3352688948313396,0,20
174,14.906578342075997,0.9139298558235168,2,10,0,0.9954976081848145,0,20
175,144.69935884910927,0.4397392731446486,2,13,29.01546910619164,0.8183024525642395,2,16,13.825314354992635,1.4239379564921062,2,25
176,68.82563646050592,0.7425934274991354,2,3,0,1.2737902402877808,0,6,0,1.4041688658974387,0,17,0,1.396634578704834,0,20
177,22.94273804679417,0.6296034932136536,2,10,0,0.7758701273373195,0,17,0,0.8160632650057474,0,20
178,17.373652829764964,0.7844129800796509,2,11,24.99645425660921,0.7493615547815958,2,14,0,0.7951227823893229,0,17,0,0.7991431951522827,0,20
179,40.2594732607132,0.2255904312644686,2,7,0,1.081336537996928,0,10,0,1.0759443044662476,0,17,0,1.1760969559351604,0,20
180,0,0.6643683314323425,0,3,0,0.7511164886610848,0,10,0,0.7705576658248902,0,20
181,0.35549305381711876,1.0672188997268677,2,3,0,1.4880274363926478,0,10,0,1.4651123966489519,0,17,0,1.3651935656865437,0,20
182,18.792485920387463,1.360473354657491,2,3,0,1.285883280966017,0,12,0,1.2774826526641845,0,17,0,1.2879019578297932,0,20
183,52.32246106584557,0.34468026873138213,2,36
184,0,0.8350328207015991,0,3,0,1.1037949323654175,0,8,0,1.0191905498504639,0,11,0,1.0502260724703472,0,17,0,1.1441604693730671,0,20
185,0.07191393336840175,0.8493881821632385,2,3,0,1.272422797539655,0,20
186,20.95799536761518,0.6842072804768881,2,3,0,1.0480444033940632,0,6,0,1.1686786846681074,0,17,0,1.309356967608134,0,20
187,0.10780950871616934,0.7209263642628988,2,3,0,1.3632074859407213,0,12,0,1.3401311337947845,0,20
188,3.109300580700447,0.4667588373025258,2,3,0,1.1788595120112102,0,12,0,1.2600892543792725,0,17,0,1.1230889558792114,0,20
189,0,0.8189223210016886,0,3,0,1.0411181251207988,0,9,0,0.9683375060558319,0,17,0,1.0703348716100056,0,20
190,13.581385209930703,0.9487250447273254,2,6,0,1.2601634860038757,0,10,0,1.3683116436004639,0,17,0,1.451215386390686,0,20
191,0,0.8547113736470541,0,3,0,1.1156522512435914,0,8,0,0.9304338792959849,0,20
192,25.90283274390423,0.703584338937487,2,7,0,0.8105628291765848,0,10,0,0.8446994026501974,0,16,0,0.9502177238464355,0,20
193,20.179777889925052,1.4191278219223022,2,6,0,1.300736927986145,0,11,0,1.6057186656528049,0,20
194,0,0.6416988372802734,0,3,0,0.6448037226994833,0,9,0,0.6232348463752053,0,20
195,0,0.7106630603472391,0,3,0,0.7781280875205994,0,9,0,0.7480274330485951,0,20
196,0,0.9405614932378134,0,3,0,1.265382170677185,0,8,0,1.1613818009694417,0,11,0,1.200627823670705,0,17,0,1.306869347890218,0,20
197,0,1.052030364672343,0,3,0,1.150269865989685,0,10,0,0.9731496691703796,0,20
198,0,0.724587619304657,0,3,0,0.9136520425478617,0,9,0,0.8668107444589789,0,20
199,0.2906995184905987,0.8081943194071451,2,3,0,1.4642743170261383,0,11,0,1.4791006843249004,0,17,0,1.3608640829722087,0,20
200,0.37475685182952917,0.8926198681195577,2,3,0,1.521419299973382,0,12,0,1.4970298528671264,0,17,0,1.4452386299769084,0,20
201,0,0.8881604671478271,0,3,0,1.2012688398361206,0,8,0,1.0845506191253662,0,20
202,18.33907338279252,0.777485191822052,2,3,0,1.3582707246144612,0,6,0,1.4411984086036682,0,12,0,1.350909948348999,0,17,0,1.2898757855097454,0,20
203,0,0.9073597490787506,0,3,0,1.2379013538360595,0,8,0,1.0914157032966614,0,20
204,23.251753698488784,1.2140840291976929,2,3,0,1.281420906384786,0,6,0,1.447486976782481,0,12,0,1.4712613105773926,0,17,0,1.4003177881240845,0,20
205,0,0.9902521371841431,0,3,0,1.1455943981806438,0,9,0,1.023424657908353,0,20
206,12.110170223441642,0.8047577540079752,2,3,0,1.402465542157491,0,6,0,1.4056302417408337,0,17,0,1.3236884673436482,0,20
207,16.065596473412867,0.6544521252314249,2,3,0,1.394711176554362,0,6,0,1.4197299046949907,0,17,0,1.3776400486628215,0,20
208,20.340055454634495,0.6281349857648214,2,6,0.0685114307587549,1.014447033405304,2,10,33.953049160497144,0.5906384646892547,2,15,172.26949919857933,0.15510603785514832,2,20,232.91998728007863,0.11622985384681007,2,42,445.0286232142799,1.839576667547226,2,62,0.025509250525092064,0.24482245317527226,2,69,1.0736658658890246,0.4549243152141571,2,72
209,54.73943259507578,0.5309197547344061,2,26
210,24.550268059210588,0.9472731772591086,2,17,0,0.9841690460840861,0,20
211,0,0.7294747432072958,0,3,0,0.7897137488637652,0,10,0,0.8247210562229157,0,20
212,0.25577462570228293,0.9367136160532633,2,3,0,1.3399930000305176,0,6,0,1.3715240160624187,0,12,0,1.3507037162780762,0,17,0,1.2521281242370605,0,20
213,15.043469083269937,0.5727791587511698,2,3,0,1.4495824310514662,0,12,0,1.382235622406006,0,17,0,1.3851483662923176,0,20
214,15.940361191501353,0.3273654381434123,2,6,0,1.0207737882932026,0,12,0,0.8015939593315125,0,17,0,0.874670147895813,0,20
215,0,0.8040168682734171,0,3,0,1.0583212574323018,0,9,0,0.9973616816780784,0,20
216,0,0.6646188894907633,0,3,0,0.6999525527159373,0,9,0,0.6794785152782093,0,20
217,0,0.9476157029469808,0,3,0,1.1203816958836146,0,10,0,0.9742185728890556,0,17,0,0.9432498613993326,0,20
218,18.511100527257174,1.0166782935460408,2,9,0,1.1136990934610367,0,17,0,1.2724641561508179,0,20
219,0.059968951398183847,0.9256887833277384,2,3,0,1.3365298930336447,0,20
220,24.049224240622692,0.7238961756229401,2,4,0,1.2802184522151947,0,12,0,1.2575452089309693,0,17,0,1.2901005744934082,0,20
221,0,0.6030403176943461,0,3,0,0.6600471990449088,0,10,0,0.6490843951702118,0,20
222,11.925156978649463,0.49765666127204894,2,5,0,1.0800364315509796,0,17,0,1.2491758664449055,0,20
223,0.21169175276525748,0.8934515118598938,2,3,0,1.652940524948968,0,12,0,1.5885066509246826,0,17,0,1.5176299413045247,0,20
224,18.782307832564058,1.2167082230250041,2,3,0,1.3776200082567003,0,12,0,1.476897621154785,0,17,0,1.4994406700134277,0,20
225,0,0.7834940354029337,0,3,0,1.0054534435272218,0,8,0,1.040332019329071,0,20
226,0,1.0489248832066853,0,3,0,1.2395901679992676,0,9,0,1.0538197755813599,0,20
227,15.129738277168235,0.6611264646053314,2,4,0,1.3257951277952928,0,17,0,1.4157322645187378,0,20
228,16.599790546022856,1.0504668752352397,2,6,0,0.8811750809351603,0,9,0,0.8526484966278076,0,17,0,0.9578714370727539,0,20
229,26.259736493122283,0.32915907353162766,2,4,0,1.218780205799983,0,17,0,1.298485517501831,0,20
230,0.13844643072298868,0.7139893372853597,2,3,0,1.2143752707375421,0,12,0,1.2803786039352416,0,17,0,1.1906439463297527,0,20
231,0.3860284363494234,1.0700302521387737,2,3,0,1.6119705608912878,0,10,0,1.6803957394191198,0,17,0,1.6013753414154053,0,20
232,0,0.9082062244415283,0,3,0,1.2393871784210204,0,8,0,1.097318172454834,0,20
233,0,0.8745718201001486,0,3,0,1.172853660583496,0,8,0,1.0446559886137645,0,20
234,13.051541237562203,0.9585894048213959,2,8,0,1.0940949651930068,0,17,0,1.2723549207051594,0,20
235,0,0.7705854972203573,0,3,0,0.9659866491953532,0,9,0,0.9378169233148749,0,20
236,53.414624432184205,0.10322014490763347,2,6,69.15952508907174,0.13287448065896187,2,37,0.07941763226133675,0.3942156046628952,2,47,0.191874182555423,0.45833762486775714,2,50,15.282686024104462,0.6320762236913046,2,53,0.11717172428142358,0.3205024103323619,2,56,0.05546266032520222,0.36347548961639403,2,66,71.7762728630788,0.17301904037594795,2,70,0.05146000323953848,0.4358012527227402,2,76,89.37399060211968,0.21041817848499006,2,89,54.29966123194947,0.09864770372708638,2,92,0.13212098380590212,0.2032548300921917,2,96,31.506386910701238,0.11159331227342288,2,108
237,0.4907500931014309,1.1744429270426433,2,3,0,1.5607334971427917,0,9,0,1.4989216923713684,0,17,0,1.3934499820073445,0,20
238,27.41674989725305,0.7439307787201621,2,11,0,0.8508388797442118,0,14,0,0.7227368156115214,0,17,0,0.8955116073290507,0,20
239,20.06005195892073,0.26861847067872685,2,12,0,0.8060822114348412,0,20
240,19.31160625501342,0.419088472922643,2,6,0,1.2980346896431663,0,17,0,1.4324594736099243,0,20
241,260.0152197620553,0.14819833636283875,2,27,320.4460525052263,0.12391528622670607,2,49,239.24927966242993,0.3722972199320793,2,53
242,56.16732673100086,0.5772164811690649,2,12,28.042238355096934,0.8687733895069844,2,49
243,9.303043225545887,1.1293254295984905,2,6,0,1.1663583517074585,0,17,0,1.3336622714996338,0,20
244,22.94650428567919,0.7183631211519241,2,20
245,75.23965178253496,0.08896494077311622,2,9,0,0.8420426448186239,0,12,0,0.6675936132669449,0,16,0,0.7770196199417114,0,20
246,16.07483269833216,0.4712531992367336,2,7,0,1.0580860376358032,0,10,0,1.1345374754496984,0,17,0,1.2716460625330608,0,20
247,38.21075842193889,0.7299074490865072,2,15,52.92450119656335,0.462741752465566,2,18,0.07810777644546733,0.16477447003126144,2,24,14.853527720353364,0.062403056770563126,2,28,5.379976168699023,0.09126831218600273,2,32,0.03654268306168793,0.5073673099279403,2,42,134.49119695892736,0.3088558216889699,2,45,51.8292842295796,0.40905038515726727,2,48,33.411410991247756,0.46888498961925507,2,52,0.41364938414807356,0.5931854645411173,2,55,56.71402881625377,0.44305286499170154,2,68
248,21.69573076652324,0.9094368327747692,2,11,0,0.8422553737958273,0,17,0,1.011663277943929,0,20
249,24.500989578381894,0.6699021011590958,2,8,0,1.206796129544576,0,11,0,1.2935135960578918,0,17,0,1.4494297504425049,0,20
250,30.969409482310716,0.997092434338161,2,14,0,0.7279216249783834,0,20
251,0.3416725630342886,0.7888861894607544,2,3,0,1.351360069380866,0,12,0,1.346047830581665,0,17,0,1.3454294602076213,0,20
252,20.84875215984315,0.8148741483688354,2,5,0,1.1724558174610138,0,17,0,1.4409281015396118,0,20
253,28.11101712574588,0.918345034122467,2,4,0,1.318465021940378,0,17,0,1.5720141331354778,0,20
254,0,0.7320456902186075,0,3,0,0.7917211055755615,0,9,0,0.754757512699474,0,20
255,15.664990871413593,0.6727139304081599,2,12,0,0.6865222156047821,0,20
256,11.419063794059978,0.8289143045743307,2,6,0,1.1162898865613071,0,17,0,1.144701600074768,0,20
257,0,0.8999331394831339,0,3,0,1.2096128940582276,0,8,0,1.0412820279598236,0,20
258,8.623643671476952,0.5392685277121407,2,7,0,1.1527390082677205,0,10,0,1.226898533957345,0,17,0,1.3602425654729207,0,20
259,0,0.9500717520713806,0,3,0,1.1450448513031006,0,8,0,1.086497922738393,0,20
260,0,0.915719191233317,0,3,0,1.2541250228881835,0,8,0,1.1504879527621799,0,17,0,1.233578046162923,0,20
261,0,0.7727616230646769,0,3,0,0.9922694365183512,0,9,0,0.921465971253135,0,20
262,0.2123638778582506,0.9557962814966837,2,3,0,1.3363756073845758,0,12,0,1.2972299098968505,0,17,0,1.2525747617085774,0,20
263,12.889994381856193,0.6702333688735962,2,3,27.130942737849004,0.6873359580834707,2,15,8.936860688444948,0.7749101320902506,2,18,29.705259815812774,0.912020206451416,2,21
264,9.134786176944186,1.385181983311971,2,3,0,1.436896522839864,0,12,0,1.436215615272522,0,17,0,1.4293581247329712,0,20
265,34.857756812299705,0.8155847558608422,2,26
266,16.352706589436224,0.4655741095542908,2,5,0,1.0117163360118866,0,17,0,1.097398320833842,0,20
267,0,0.9383539358774821,0,3,0,1.1530810991923015,0,9,0,1.047885462641716,0,17,0,1.0346613725026448,0,20
268,0,0.6534698009490967,0,3,0,0.6718611617883047,0,9,0,0.6731264970519326,0,20
269,0,0.6720126072565714,0,3,0,0.721302717924118,0,9,0,0.6983305215835571,0,20
270,0,0.7001098394393921,0,3,0,0.785840664591108,0,10,0,0.8002411603927613,0,20
271,27.353159739738228,0.7401064932346344,2,24,121.38326801629793,0.8198437929153443,2,29
272,0,0.7692013382911682,0,3,0,0.904187818368276,0,9,0,0.9292173277248036,0,20
273,0,0.871787448724111,0,3,0,1.0676147937774658,0,8,0,1.057428518931071,0,20
274,0,0.8195481499036154,0,3,0,1.0640496810277302,0,9,0,0.9603084434162487,0,20
275,12.123508649758096,0.301156222820282,2,6,0,0.908308207988739,0,10,0,0.885094233921596,0,17,0,1.0030786991119385,0,20
276,31.7339628741051,0.9019380211830139,2,6,0,1.272962050004439,0,17,0,1.4615787665049236,0,20
277,0,0.8970280090967814,0,3,0,1.0942391633987427,0,8,0,1.0554295182228088,0,20
278,39.66802161080575,0.5446976953082614,2,9,0,1.0240925550460815,0,12,0,0.974786639213562,0,17,0,1.1974787712097168,0,20
279,33.62471826937969,0.6802317202091217,2,4,0,0.830781510243049,0,17,0,0.9573791027069092,0,20
280,9.892454098729434,1.125617333820888,2,14,1.4163341402618448,0.3799329300721486,2,20,69.39963580993711,0.24647225936253866,2,26
281,32.33954574504247,1.0301650166511536,2,4,0,1.2657418847084045,0,12,0,1.3871269941329956,0,17,0,1.4984902540842693,0,20
282,35.38956292102518,0.5891531912180094,2,26
283,44.99387728412375,0.5066511465443505,2,9,6.830971152287841,0.937719444433848,2,15,0,0.9224199652671814,0,20
284,0,0.9715060790379842,0,3,0,1.2426106691360475,0,8,0,1.2228350639343262,0,20
285,30.212137711674533,1.0228009521961212,2,4,0,1.343463659286499,0,10,0,1.35354346036911,0,16,0,1.3951927721500397,0,20
286,36.009945333026856,0.28838272641102475,2,12,0,0.8066589713096619,0,17,0,0.8865905205408732,0,20
287,13.96251669915476,1.004174280166626,2,5,0,1.1518378938947404,0,12,0,1.140813446044922,0,17,0,1.2831737995147705,0,20
288,36.414563739341574,0.10542300840218861,2,9,0,0.7966075936953226,0,12,0,0.5978081524372101,0,16,0,0.6759467273950577,0,20
289,0,0.7480472723642985,0,3,0,0.9045270919799805,0,8,0,0.833552082379659,0,11,0,0.9171481662326388,0,20
290,0,0.7571678956349691,0,3,0,0.8449350794156393,0,9,0,0.8603577722202648,0,20
291,0,0.9330443938573202,0,3,0,1.25833899974823,0,8,0,1.1472262541453044,0,11,0,1.1980104843775432,0,17,0,1.3096533219019573,0,20
292,0,0.8209085663159689,0,3,0,1.0553168455759685,0,9,0,0.9468926191329956,0,20
293,0,0.740830143292745,0,3,0,0.8966968297958374,0,8,0,0.8276755015055338,0,11,0,0.9099258051978217,0,20
294,19.952713282145456,0.5419241956302098,2,7,0,0.9852976004282633,0,10,0,1.030836820602417,0,17,0,1.0958019892374675,0,20
295,19.83292998542127,0.7860518991947174,2,20
296,13.61600482322968,0.7240452170372009,2,7,0,1.2391255299250286,0,10,0,1.3321916375841414,0,17,0,1.4559016625086467,0,20
297,36.15945504257957,0.8014332489533857,2,22,47.468908376571676,0.7987743616104126,2,27
298,22.260272537059585,1.0847776777604048,2,17,0,1.1098785797754924,0,20
299,17.378579498226358,0.5843830638461642,2,9,0,1.0278515021006267,0,12,0,0.9904657900333405,0,16,0,1.1499302387237549,0,20
300,12.53937914329883,0.5355115085840225,2,4,0,1.1705942245630117,0,17,0,1.2569928566614788,0,20
301,27.336779659826114,0.899918380237761,2,21
302,14.202788631573108,0.23025075644254683,2,10,0,0.9102200865745544,0,14,0,0.7101981043815613,0,17,0,0.8561671376228333,0,20
303,40.45299284892822,0.730969522680555,2,7,0,0.867671529452006,0,10,0,0.9381755079541888,0,17,0,1.1092668374379475,0,20
304,30.260679856489535,0.49263661354780197,2,8,0,1.0075831678178575,0,17,0,1.191271225611369,0,20
305,15.671178949467397,0.756756705897195,2,7,0,0.8419212500254313,0,10,0,0.9026814528873989,0,17,0,1.050938367843628,0,20
306,45.21362200868809,0.43065065145492554,2,7,59.3251783906938,0.45865807973820233,2,30
307,0,0.854624072710673,0,3,0,1.099679946899414,0,8,0,1.0342059135437012,0,11,0,1.0853506525357564,0,17,0,1.172562559445699,0,20
308,15.631918578311794,0.8249592781066895,2,12,0,0.762212947010994,0,20
309,0,0.7625134189923605,0,3,0,0.9090017591203962,0,10,0,0.9096867918968201,0,20
310,11.999476173264148,0.2803308367729187,2,10,0,0.8400640338659286,0,14,0,0.6636587778727213,0,17,0,0.8434675534566244,0,20
311,0.2271819103643271,0.7682377696037292,2,3,0,1.3421614319086075,0,11,0,1.291583259900411,0,17,0,1.223770538965861,0,20
312,12.293505487142891,0.9351671934127808,2,4,0,1.1732413310271044,0,17,0,1.320154031117757,0,20
313,25.849256057040755,0.9597541689872742,2,4,0,1.0660021213384776,0,17,0,1.0677729845046997,0,20
314,45.09870133788908,0.0641247034072876,2,3,70.32903118590164,0.07991410978138447,2,11,0,0.9714476267496744,0,14,0,0.837515632311503,0,17,0,1.0984526475270588,0,20
315,20.25588910692175,0.40551847881740993,2,9,0,0.9870578845342001,0,12,0,0.8070170283317566,0,16,0,0.9678023755550385,0,20
316,19.45968321220324,0.5132843613624573,2,5,0,1.408226986726125,0,17,0,1.5069682598114014,0,20
317,19.43138067910367,0.5411083565817939,2,9,0,0.8857335249582926,0,12,0,0.6638387739658356,0,16,0,0.8074246048927307,0,20
318,36.281967761184774,1.0076572895050049,2,4,0,1.2816074719795814,0,17,0,1.4757413864135742,0,20
319,0,0.7727616230646769,0,3,0,0.9922694365183512,0,9,0,0.921465971253135,0,20
320,27.142788293019024,0.7340263247489929,2,15,0,0.989585018157959,0,20
321,0.27935304031475294,0.6917558908462524,2,3,0,1.4651743383968578,0,20
322,11.141732862809532,0.9321681601660592,2,7,0,1.1000713507334392,0,10,0,1.1423250777380807,0,17,0,1.2632141908009846,0,20
323,35.88702375347353,0.23971308146913847,2,12,48.66643948542822,0.48462942739327747,2,30
324,6.004661317559957,0.5893622040748596,2,3,0,1.300685895813836,0,12,0,1.2239751815795898,0,17,0,1.2604738473892212,0,20
325,25.3682569797896,1.0272292375564576,2,5,0,1.458577275276184,0,8,0,1.4648520648479462,0,12,0,1.3098749071359634,0,20
326,21.58915025767072,0.37590378522872925,2,3,0,1.2375293837653265,0,12,0,1.126214337348938,0,17,0,1.1198168992996216,0,20
327,0.3636318803475469,0.9358727733294169,2,3,0,1.494724949200948,0,9,0,1.5003481209278107,0,17,0,1.408441384633382,0,20
328,20.282431281923564,0.7982274532318115,2,5,0,0.7826210260391235,0,8,0,0.9592612981796265,0,17,0,1.1413623094558716,0,20
329,23.692476476584222,1.2666030611310686,2,7,0,1.3618159752625685,0,20
330,76.434887134704,0.16930058432949913,2,9,108.69334610872504,0.16375504859856196,2,16,38.586783576903095,1.221164311681475,2,30
331,12.57207802463863,0.3623120119938484,2,13,0,1.1284048386982508,0,20
332,24.82907496231331,0.8268781219209943,2,7,0,1.3123963832855225,0,17,0,1.5330829222997029,0,20
333,45.5693615841355,0.6124830742677053,2,54
334,32.83773758231708,0.9491353197531267,2,22
335,5.920609320786718,0.7474496066570282,2,4,0,1.3278024196624756,0,17,0,1.4567732016245525,0,20
336,0.1774705175318492,1.063178300857544,2,3,0,1.32378788292408,0,11,0,1.3429444432258606,0,17,0,1.2758999268213909,0,20
337,0,0.9879687229792277,0,3,0,1.1925848484039308,0,8,0,1.0667089621225994,0,20
338,27.353200673658055,0.39233414714153,2,13,0,0.9125270843505859,0,17,0,1.071003834406535,0,20
339,0,0.8970280090967814,0,3,0,1.0942391633987427,0,8,0,1.0554295182228088,0,20
340,0,1.02951180934906,0,3,0,1.233557939529419,0,9,0,1.1162165105342865,0,17,0,1.1595570246378581,0,20
341,0,0.8034842809041342,0,3,0,1.018401598930359,0,8,0,1.0837607681751251,0,20
342,29.84341599314088,0.4348686009645462,2,10,0,0.8630292862653732,0,14,0,0.7617127895355225,0,17,0,0.9731093645095825,0,20
343,15.396406707463646,1.3341424067815144,2,3,0,1.4786496460437775,0,11,0,1.4915533264478047,0,17,0,1.4251916408538818,0,20
344,0,0.9270721673965454,0,3,0,1.2191931009292603,0,9,0,1.1581069380044937,0,17,0,1.2718693415323894,0,20
345,0,0.9109054803848267,0,3,0,1.1964922428131104,0,8,0,1.1569044192632039,0,11,0,1.1739318370819092,0,17,0,1.2610756158828735,0,20
346,0,0.7094529867172241,0,3,0,0.8345500230789185,0,9,0,0.8374894965778698,0,20
347,0,0.9289001623789469,0,3,0,1.2553385496139526,0,8,0,1.141495903333028,0,11,0,1.191328187783559,0,17,0,1.30034073193868,0,20
348,0,0.7827856540679932,0,3,0,1.0175589521725972,0,9,0,1.0183089646426113,0,20
349,26.50344087977981,0.9441661755243937,2,15,0,0.962140703201294,0,20
350,0,1.019729216893514,0,3,0,1.270773696899414,0,8,0,1.1626176337401073,0,20
351,0,0.8316013216972351,0,3,0,1.060212751229604,0,9,0,1.0558994900096546,0,20
352,33.83847476906862,0.5228217669895717,2,14,49.961498869611255,0.5065952688455582,2,18,88.64298592150669,0.5025805413722992,2,23,64.38915673826439,0.4790535072485606,2,29
353,20.047289514927844,1.1279166828502307,2,11,0,0.6889572540918986,0,14,0,0.5909725626309713,0,17,0,0.7321884433428446,0,20
354,0.31689405866485215,0.9834731022516886,2,3,0,1.4922885100046794,0,6,0,1.3862474831667813,0,17,0,1.3351060152053833,0,20
355,27.66147931485794,0.6931695342063904,2,15,35.422547319929386,0.692683478196462,2,27
356,45.13086196752387,0.33944382412093027,2,7,0,1.037883202234904,0,10,0,0.7929094774382455,0,17,0,0.8472818533579508,0,20
357,24.790957924168765,0.8012985785802206,2,3,0,1.357216755549113,0,6,0,1.5040671933781018,0,17,0,1.4955579042434692,0,20
358,15.600155126221386,1.0618768003251817,2,9,0,0.9646919171015421,0,12,0,0.8593056052923203,0,16,0,0.9385808408260345,0,20
359,35.64592919857085,0.8512144565582276,2,5,0,1.2015759263719832,0,12,0,1.203356385231018,0,17,0,1.2045562664667766,0,20
360,19.648228836232793,1.0816653271516163,2,12,0,0.8909668773412704,0,20
361,0,0.6347192128499349,0,3,0,0.6916183233261108,0,9,0,0.9590232047167692,0,20
362,20.11645156322404,0.5870069116353989,2,4,0,1.3680920142393846,0,17,0,1.4145793914794922,0,20
363,17.582944496745366,0.6685675740242004,2,5,0,1.1487234830856323,0,17,0,1.285433053970337,0,20
364,17.938327328536605,1.1241674721240997,2,4,0,1.2128089666366577,0,12,0,1.2119105100631713,0,17,0,1.3436048825581868,0,20
365,24.194841030189277,1.3637563356986413,2,13,0,0.2719860881567001,0,18,3.0087963924514747,0.17653258641560873,2,21,0,0.5691579679648081,0,24,21.763725465233215,0.11530635133385658,2,28,0.9031363996954956,0.3719121068716049,2,31,23.573990604429415,0.2614954660336177,2,34,0.4925506323940077,0.47922783096631366,2,37,35.070969969569035,0.07936779941831316,2,44,68.75562401563546,0.07637282141617366,2,58,54.82817777631051,0.08041255983213584,2,82,75.77777409831404,0.22464878981312117,2,94
366,33.68111550016848,1.6814946134885151,2,6,0,1.3335286378860474,0,17,0,1.6601930061976116,0,20
367,26.24992940717367,0.6526215473810831,2,3,0,1.560215777821011,0,12,0,1.528281021118164,0,17,0,1.5261706113815308,0,20
368,9.874567013332273,0.6692894697189331,2,3,0,1.0784331113100052,0,11,0,1.1769169370333354,0,17,0,1.132422685623169,0,20
369,27.074866560741704,0.5920750300089518,2,9,0,1.2276813983917236,0,12,0,1.1896527767181397,0,17,0,1.3808287382125854,0,20
370,0,1.2478201389312744,0,3,0,1.393712858359019,0,9,0,1.3582058250904083,0,17,0,1.4286752541859944,0,20
371,0,0.8053119977315267,0,3,0,0.9893999695777893,0,9,0,0.9796898906881158,0,20
372,0.1438518307969725,0.8949195146560669,2,3,0,1.2589069207509358,0,12,0,1.2423674583435058,0,17,0,1.129138986269633,0,20
373,0.2745206317385677,0.8019675811131796,2,3,0,1.3889081478118896,0,20
374,50.09332187867241,0.20267414897680283,2,10,0,1.0450269281864166,0,14,0,0.8903113206227621,0,17,0,1.1404237349828084,0,20
375,84.91326735821156,0.04626486202081045,2,12,0,0.8557035624980927,0,20
376,33.40591108718071,0.6684433281421661,2,10,0,1.031847059726715,0,16,0,1.0487189888954163,0,20
377,13.66036907042291,0.776307612657547,2,4,0,1.3760041640355036,0,17,0,1.4666411876678467,0,20
378,0,1.0084464152654011,0,3,0,1.1995238463083904,0,9,0,1.0549970120191574,0,17,0,1.0626983642578125,0,20
379,0,0.7703932523727417,0,3,0,0.9809381564458212,0,9,0,1.0268788446079602,0,20
380,15.414896417796715,1.1747071875466242,2,9,0,1.057431976000468,0,12,0,0.9556080400943756,0,16,0,1.092402696609497,0,20
381,33.15523865482444,0.5508132219314575,2,5,0,1.5022576848665874,0,17,0,1.6430663267771404,0,20
382,42.08998925591294,0.5155393719673157,2,5,0,1.2231325308481853,0,17,0,1.38749365011851,0,20
383,0,0.7657536665598551,0,3,0,0.8590533903666905,0,10,0,0.8859040021896363,0,20
384,22.537596435164115,0.9913413226604462,2,4,0,1.2401864528656006,0,12,0,1.1260425329208374,0,17,0,1.2062097390492756,0,20
385,35.86046877998789,0.5828944087028504,2,10,0,0.8554081320762634,0,17,0,1.0660324494043987,0,20
386,13.490075485138693,0.8951595226923624,2,3,0,1.1316428184509277,0,6,0,1.1922667741775512,0,11,0,1.1474953691164653,0,17,0,1.0446292161941528,0,20
387,20.118340276287288,0.6043381889661154,2,15,0,0.8905702352523803,0,20
388,16.36726487414894,0.6535381078720093,2,7,0,0.8049577077229818,0,10,0,0.8661586727414813,0,17,0,0.9834446509679159,0,20
389,14.905659920170889,0.8962262074152628,2,3,0.24362430747930178,1.2920073668162029,2,6,37.83757007506483,0.11373278126120567,2,10,4.642191028850099,0.1936411758263906,2,13,32.23384336736268,0.08047427702695131,2,29,169.74518294387008,0.5192330578962961,2,44,33.03340308048422,0.4532703591717614,2,62,59.015543438864285,0.4839206271701389,2,71
390,0.0611466657934037,0.7287282943725586,2,3,0,1.1601914307650398,0,20
391,25.105663550090462,1.3375494970994837,2,17,9.301427157529542,1.3195106188456218,2,20
392,20.430916324619734,0.30775590538978576,2,10,0,0.8915469795465469,0,14,0,0.7755446434020996,0,17,0,0.9001343647638956,0,20
393,16.2845208662868,0.7494164903958639,2,3,0,1.2261980772018433,0,6,0,1.2160719958218662,0,17,0,1.1843053102493286,0,20
394,20.05863827281085,0.45383573571840924,2,6,0,1.3284956000067971,0,17,0,1.5188726584116619,0,20
395,41.49006938355321,0.4087291936079661,2,15,0,1.0903573274612426,0,20
396,0,0.7642395893732706,0,3,0,0.8688383272715977,0,10,0,0.8611911177635193,0,20
397,0,0.8957577149073283,0,3,0,1.194350504875183,0,8,0,1.02249480287234,0,20
398,0,0.7733984390894572,0,3,0,0.9754257996877035,0,9,0,0.9241190932013772,0,20
399,0,0.9265508155028025,0,3,0,1.2558518648147583,0,8,0,1.0966953734556835,0,20
400,21.92642832279865,1.2026512622833252,2,4,0,1.4936649340849657,0,17,0,1.6065984169642131,0,20
401,20.53816055107032,0.49120448665185407,2,11,0,0.9587785402933756,0,17,0,1.1444967985153198,0,20
402,12.198748405379186,0.8205224275588989,2,3,0,1.3791764577229817,0,6,0,1.453357924114574,0,17,0,1.3806136846542358,0,20
403,16.936159124538477,0.5286559249673571,2,7,0,1.1747920910517375,0,10,0,1.1162703548158919,0,17,0,1.240525484085083,0,20
404,0.1335364423105333,0.9387893279393514,2,3,0,1.188969044124379,0,20
405,12.790371775400754,0.38483316202958423,2,6,0,1.3065396547317505,0,10,0,1.3381613152367728,0,17,0,1.3777249654134114,0,20
406,24.443353300433845,0.7382387320200602,2,3,0,1.152109146118164,0,6,0,1.2372096300125122,0,11,0,1.302977701028188,0,17,0,1.2905712922414143,0,20
407,0.33912867525674,0.9767965873082479,2,3,0,1.634876046861921,0,10,0,1.6440235206059046,0,17,0,1.586593230565389,0,20
408,19.620046630901694,0.9109338351658413,2,7,0,1.0453685919443767,0,10,0,1.166652798652649,0,17,0,1.3146528800328572,0,20
409,0,0.8028654853502909,0,3,0,1.0636426210403442,0,9,0,1.0206167697906494,0,20
410,0,0.7983457644780477,0,3,0,1.0114516019821167,0,9,0,1.010282501578331,0,17,0,1.0982693433761597,0,20
411,0.2507636221179563,1.0767935117085774,2,3,0,1.4861463904380798,0,11,0,1.447372019290924,0,17,0,1.3657291730244954,0,20
412,0.19414458261980191,0.9126802285512289,2,3,0,1.3312119245529175,0,12,0,1.2923510670661926,0,16,0,1.1771383583545685,0,20
413,46.38077133782461,0.36367908120155334,2,5,0,0.9585139950116476,0,17,0,0.9390555222829183,0,20
414,0.3140428661103988,0.8942661285400391,2,3,0,1.3874488323926926,0,11,0,1.3781721790631611,0,17,0,1.2667074998219807,0,20
415,0.2746176784860629,0.8800946474075317,2,3,0,1.3969016207589044,0,12,0,1.334994339942932,0,17,0,1.3445145686467488,0,20
416,22.58806064712961,0.7942357882857323,2,16,0,1.0638567507266998,0,20
417,42.207058059600904,0.38874276876449587,2,10,0,0.8598567247390747,0,14,0,0.7520251671473185,0,17,0,0.893199602762858,0,20
418,0,0.804946760336558,0,3,0,0.9259775195802961,0,10,0,0.8886971235275268,0,20
419,0,0.7877698739369711,0,3,0,0.9232796430587769,0,8,0,0.8798603713512421,0,20
420,0,0.7614272634188334,0,3,0,0.8498361110687256,0,10,0,0.8769124507904053,0,20
421,0,0.7887654304504395,0,3,0,0.8923550844192505,0,10,0,0.8846842288970947,0,20
422,0,0.7536676724751791,0,3,0,0.8111248711744944,0,9,0,0.7830302823673595,0,20
423,0,0.8849150737126669,0,3,0,1.190242099761963,0,8,0,1.1104065279165904,0,20
424,53.394032301705835,1.2644575834274292,2,4,0,1.4492805646016047,0,17,0,1.5483805338541667,0,20
425,17.3758215988468,0.8658126341669183,2,19,32.3043740258879,0.8385951121648153,2,22
426,20.67032541777744,1.104940931002299,2,3,0,1.2573089599609375,0,6,0,1.3458969593048096,0,17,0,1.40187672773997,0,20
427,33.7112018343274,0.5705795253024382,2,17,0,1.1136045853296916,0,20
428,0.24723783073192973,1.138629674911499,2,3,0,1.3907759274755205,0,17,0,1.345337708791097,0,20
429,33.987114415474004,1.347324808438619,2,3,0,1.3214826669011797,0,17,0,1.4580769936243694,0,20
430,0.2436846337818829,0.7631699740886688,2,3,0,1.4494738323347909,0,17,0,1.3753358125686646,0,20
431,10.942615042763101,0.7777167707681656,2,4,31.215571823288887,0.7922629515329996,2,7,0,0.7562604745229086,0,10,0,0.7529005606969198,0,16,0,0.8632304072380066,0,20
432,46.20581329510867,0.4672139957547188,2,8,0.4547559522820638,0.45870838562647503,2,11,58.243824971504345,0.4625999629497528,2,14,0.1819831689429633,0.6982886095841726,2,17,55.26895493731726,0.4615357448072994,2,34
433,35.982947287730845,0.5610029697418213,2,4,0.024080327470925166,0.177447942396005,2,10,1.439213492168943,0.3959921995798747,2,13,0.03549496675916746,0.4046984612941742,2,18,54.30240078283087,0.6894437313079834,2,23
434,39.41154528187733,0.9248441457748413,2,4,0,1.2220696061849594,0,12,0,1.304054045677185,0,17,0,1.3821132183074951,0,20
435,27.492624919562665,0.32773249815492067,2,17,0,1.2312643925348918,0,20
436,0,0.783197263876597,0,3,0,0.9305216584886823,0,10,0,0.9061683177947998,0,20
437,28.585906066377156,1.2298943996429443,2,4,0,1.5961416959762573,0,7,0,1.4104457259178163,0,17,0,1.338227351506551,0,20
438,18.903012221553755,1.0498401607785905,2,14,0,0.7622418403625488,0,20
439,2.4528808446410895,0.8553330302238464,2,3,0.05854042832678857,0.5694345434506735,2,6,13.11760998961153,1.058599591255188,2,11,0,0.9186593294143677,0,14,0,0.8302277326583862,0,17,0,1.0162791013717651,0,20
440,0.29445785778436495,0.6234212418397268,2,3,0,1.2277339299519856,0,12,0,1.1558774948120116,0,17,0,1.0245471795399983,0,20
441,17.510234014514356,0.16120006144046783,2,5,0,0.9992771844069163,0,17,0,1.118221124013265,0,20
442,0,0.7213426828384399,0,3,0,0.9103012561798096,0,8,0,0.8571386138598124,0,20
443,14.049048248318266,0.5698223114013672,2,4,0,1.5045400032630334,0,17,0,1.526125152905782,0,20
444,12.702202921414978,0.40356382727622986,2,5,0,1.3619032502174377,0,17,0,1.3909031947453816,0,20
445,0.2009029086645011,1.067137638727824,2,3,0,1.3221925050020218,0,11,0,1.3311745524406433,0,17,0,1.2086305618286133,0,20
446,0,0.8623309930165609,0,3,0,1.1315849065780639,0,8,0,1.0041673978169758,0,11,0,1.0361995299657185,0,17,0,1.1567940711975098,0,20
447,15.535552311533836,0.625125527381897,2,3,0,1.2593395709991455,0,6,0,1.2930452715266834,0,17,0,1.1757999261220295,0,20
448,27.94323253720287,0.6086616913477579,2,6,0,1.210270350629633,0,17,0,1.323456883430481,0,20
449,26.894002729816574,1.3754817724227906,2,10,0,0.811781678880964,0,17,0,0.9428917169570923,0,20
450,3.9510103160262777,0.890619158744812,2,4,0,1.1936011115709941,0,10,0,1.0947492974145072,0,17,0,1.1751458644866943,0,20
451,0,0.8164984782536825,0,3,0,1.010961389541626,0,8,0,0.8920738167232938,0,17,0,1.0387419859568279,0,20
452,0.03950777130453776,0.9510843753814697,2,3,0,1.014243294210995,0,20
453,18.67625473051565,0.711908051600823,2,13,0.09881365618505994,0.6453626652558645,2,19,96.86826327736135,0.3716322819391886,2,49,2.441959133844758,0.43652404099702835,2,53
454,34.80156129706831,0.4713484988762782,2,26
455,0,0.8245962460835775,0,3,0,0.9761051109858921,0,10,0,1.0011722207069398,0,20
456,0,0.9184815088907877,0,3,0,1.1486321926116942,0,8,0,1.137064923842748,0,20
457,0,0.8225329717000326,0,3,0,1.0568170348803203,0,9,0,0.989131981676275,0,20
458,21.552591186326556,0.5881460706392924,2,6,0,1.2699419856071472,0,10,0,1.3030397210802351,0,17,0,1.3679583470026653,0,20
459,0,0.7679259777069092,0,3,0,0.896215421812875,0,10,0,0.8957671284675598,0,20
460,0,0.7799028555552164,0,3,0,0.970186996459961,0,8,0,0.8668886721134186,0,20
461,35.532683412802946,0.9281928539276123,2,6,0,0.9831348874352195,0,17,0,1.2320411602656047,0,20
462,28.711900051808794,0.7139726877212524,2,7,0,1.357049787044525,0,17,0,1.5653887192408245,0,20
463,36.72299287470964,0.48903947075208026,2,3,0,1.2831988334655762,0,6,0,1.4222269708460027,0,17,0,1.3674021164576213,0,20
464,0,0.7764000097910563,0,3,0,0.9293841361999512,0,8,0,0.8092515137460496,0,17,0,0.9402032693227133,0,20
465,49.7916452732874,0.6392109990119934,2,5,0,1.216327538092931,0,17,0,1.4960506359736125,0,20
466,19.46863082217043,0.9526441097259521,2,3,0,1.346372405687968,0,6,0,1.3869650038805874,0,17,0,1.3595210711161296,0,20
467,0,0.8514699141184489,0,3,0,1.076398452123006,0,9,0,1.019769625230269,0,20
468,0,0.746390144030253,0,3,0,0.8211829577173505,0,10,0,0.8485318064689636,0,20
469,0,0.6777583758036295,0,3,0,0.8099916875362396,0,9,0,0.7526132301850752,0,20
470,0,0.904178520043691,0,3,0,1.2303759574890136,0,8,0,1.1076493958632152,0,20
471,21.575186018538524,0.35674681067466735,2,5,0,0.7681395212809244,0,17,0,0.9319303830464681,0,20
472,18.52043319622462,0.44719427824020386,2,6,0,1.1175581325184216,0,17,0,1.2127789656321208,0,20
473,38.70656998695119,0.6587869798143705,2,24
474,54.2020659221241,0.5192830452212581,2,27
475,0,0.744573970635732,0,3,0,0.838452418645223,0,9,0,0.7914155051112175,0,17,0,0.9159878492355347,0,20
476,0,0.8338783979415894,0,3,0,1.0298548738161724,0,9,0,1.0442458607933738,0,20
477,25.92348839996173,1.2379870905595667,2,17,0,1.0547727743784587,0,20
478,36.44944401994083,0.5884922100947454,2,13,0,0.8996768849236625,0,20
479,16.49909462947334,0.655883648816277,2,17,0,1.210758090019226,0,20
480,32.69935918433744,1.3638180096944172,2,3,0,1.4483860731124878,0,10,0,1.496870415551322,0,17,0,1.4075856606165569,0,20
481,13.644726147823569,0.5729182064533234,2,4,0,1.2760267349389882,0,17,0,1.3300312757492065,0,20
482,0,0.6503307819366455,0,3,0,0.7201681562832424,0,10,0,0.7406365513801575,0,20
483,7.303307207142763,0.7951817512512207,2,3,11.438145834871994,0.752344936132431,2,7,0,1.1301683982213337,0,10,0,1.184139949934823,0,17,0,1.2935152451197307,0,20
484,28.357793899840665,1.541071097056071,2,3,0,1.175653772694724,0,17,0,1.2557550271352131,0,20
485,0,0.7902327378590902,0,3,0,1.0136478424072266,0,8,0,0.9617021481196085,0,11,0,1.0336015820503235,0,17,0,1.1189344724019368,0,20
486,3.009804345120177,0.460998276869456,2,6,0,1.1080497936768965,0,17,0,1.2668911616007488,0,20
487,25.36657585769171,0.7610127131144205,2,6,0,1.292441032149575,0,17,0,1.5334521532058716,0,20
488,18.970138839481976,1.0935053527355194,2,4,0,1.372293472290039,0,12,0,1.3674307346343995,0,17,0,1.4025991757710774,0,20
489,13.611844341442728,0.6463142484426498,2,4,0,0.9029988784056443,0,17,0,1.053816835085551,0,20
490,0,0.8661214709281921,0,3,0,1.1479746580123902,0,8,0,1.0568777720133464,0,17,0,1.1596095561981201,0,20
491,15.38282421316611,0.5006771087646484,2,6,0,1.3037625659595837,0,17,0,1.3803577025731404,0,20
492,0,0.918524980545044,0,3,0,1.1123523712158203,0,9,0,0.9670947045087814,0,17,0,0.9192584753036499,0,20
493,15.625025399129742,0.4199137772832598,2,7,0,1.1498206456502278,0,10,0,1.2207158633640833,0,17,0,1.4058982928593953,0,20
494,35.439401345220425,0.5907835147597573,2,11,0,0.6341612339019775,0,14,0,0.5519708395004272,0,17,0,0.638767808675766,0,20
495,0,0.6417297522226969,0,3,0,0.6895695328712463,0,9,0,0.687776197086681,0,20
496,0.4038728355352262,0.7287863691647848,2,3,0,1.1079393890168932,0,12,0,1.067274570465088,0,16,0,0.9945904314517975,0,20
497,0.1513167748524341,0.8547062873840332,2,3,0,1.390516723905291,0,10,0,1.35232275724411,0,20
498,0,0.9325559735298157,0,3,0,1.2559583902359008,0,8,0,1.149181564648946,0,11,0,1.1899810433387756,0,17,0,1.2967524925867717,0,20
499,25.192497493395578,0.2230866402387619,2,4,0,0.9136960506439209,0,16,0,0.9920212924480438,0,20
500,0,0.9079281886418661,0,3,0,1.1201394557952882,0,8,0,0.9448581536610922,0,20
501,0,0.8207243879636129,0,3,0,0.9854193131128947,0,9,0,1.0091893889687278,0,20
502,31.709636124914518,0.6146209478378296,2,5,0,1.225414663553238,0,17,0,1.4906339248021443,0,20
503,23.921015363914076,1.2368823687235515,2,3,0,1.3516459316015244,0,11,0,1.4438270529111226,0,17,0,1.3870640993118286,0,20
504,0.1070675440319189,0.9178255200386047,2,3,0,1.2736888461642795,0,12,0,1.2620660543441773,0,17,0,1.1583795547485352,0,20
505,0,0.8159386316935221,0,3,0,1.0459131002426147,0,9,0,0.9945865273475647,0,17,0,1.0954182147979736,0,20
506,0.14856071052830602,0.7054728468259176,2,3,0,1.511683793628917,0,20
507,27.90353386336991,0.690570342540741,2,5,0,1.0742521683375041,0,17,0,1.2530776262283325,0,20
508,25.344934083095488,0.5265409052371979,2,6,0,1.347403342073614,0,17,0,1.4766181707382202,0,20
509,0.14855643565839893,1.1205126444498699,2,3,0,1.4248967038260565,0,12,0,1.4096383333206177,0,17,0,1.3410322268803914,0,20
510,22.10980448289677,0.5842537780602773,2,6,0,1.310439868406816,0,17,0,1.516359766324361,0,20
511,0.44133704601327256,1.088172475496928,2,3,0,1.4674225598573685,0,11,0,1.4328146576881409,0,17,0,1.405701716740926,0,20
512,55.74379709020522,0.15622485180695853,2,9,0,0.8957200050354004,0,12,0,0.7062670350074768,0,17,0,0.856042226155599,0,20
513,22.22847568125563,0.5541840891043345,2,6,0,1.079096794128418,0,9,0,1.0769314169883728,0,17,0,1.1791235605875652,0,20
514,27.411722702824683,1.495873785018921,2,5,0,1.0401532451311748,0,17,0,1.2613670031229656,0,20
515,0,0.7877378662427267,0,3,0,1.0206113855044048,0,9,0,0.950706958770752,0,20
516,11.384158615115687,0.539749542872111,2,3,0,1.196916977564494,0,12,0,1.2793637812137604,0,16,0,1.2712166011333466,0,20
517,0.23073728297331775,1.155578374862671,2,3,0,1.4019569605588913,0,11,0,1.4101602633794148,0,17,0,1.3153265714645386,0,20
518,17.03534676066075,0.779790997505188,2,3,0,1.4456312259038289,0,6,0,1.5200571905482898,0,17,0,1.4839619000752766,0,20
519,52.870081636167846,0.2828555486855968,2,31,73.88236137189634,0.39578835666179657,2,63
520,0,0.897290309270223,0,3,0,1.2043784856796265,0,8,0,1.037575473388036,0,20
521,14.121514086218873,1.222788393497467,2,6,0,1.238873145797036,0,17,0,1.3173610766728718,0,20
522,20.928378144578954,0.4920122226079305,2,3,0,1.0813523530960083,0,6,0,1.116374904459173,0,17,0,1.1197324593861897,0,20
523,18.970250392011337,1.155528792968163,2,13,0,0.7761325921331134,0,20
524,25.508070211503295,0.9826143980026245,2,4,0,1.3634907190616314,0,17,0,1.5758397976557414,0,20
525,21.48888189832112,0.7275403738021851,2,4,0,1.209327404315655,0,17,0,1.3911312023798625,0,20
526,27.829543274801594,1.2479083240032196,2,4,0,1.192435594705435,0,17,0,1.3757309516270955,0,20
527,23.91997849476156,0.5253473669290543,2,12,0,0.8453746239344279,0,15,0,0.7835761308670044,0,20
528,0.304290286728063,0.7693063815434774,2,3,0,1.534062147140503,0,17,0,1.4414790471394856,0,20
529,43.079233358237595,0.7766203085581461,2,3,0,1.4073820908864338,0,6,0,1.4933806856473286,0,12,0,1.4558652877807616,0,17,0,1.412875731786092,0,20
530,12.113848693603721,0.21704132854938507,2,15,0.10589547777012122,0.3640114441514015,2,19,11.460776648007789,0.23563743631045023,2,28,0.06777534253666666,0.49124516050020856,2,37,164.1779037285902,0.8001289765040079,2,40
531,0,1.1119136412938435,0,3,0,1.291005829970042,0,9,0,1.1182797171852805,0,20
532,6.103233030186363,1.2521015405654907,2,3,0,1.159867564837138,0,6,0,1.4079869985580444,0,17,0,1.3748324712117512,0,20
533,0.3756649614774683,1.2125071287155151,2,3,0,1.5446193218231201,0,10,0,1.5179693358285087,0,17,0,1.4868915875752766,0,20
534,0,0.7724993228912354,0,3,0,0.8927370111147562,0,9,0,0.9152297431772406,0,20
535,5.184406065551854,0.6013608376185099,2,3,0,1.4299222363366022,0,12,0,1.4548905611038208,0,17,0,1.2843856414159138,0,20
536,0.09739106884355506,1.1770114501317341,2,3,0,1.469735132323371,0,12,0,1.5347418069839478,0,17,0,1.4170773426691692,0,20
537,0.16307049986187552,0.7289061943689982,2,3,0,1.2113598585128784,0,12,0,1.1919321715831757,0,16,0,1.1076147854328156,0,20
538,21.350685168185215,0.5551753401756286,2,5,0,1.065864086151123,0,12,0,1.0295732617378235,0,16,0,1.0858390033245087,0,20
539,0,0.7421923081080118,0,3,0,0.8065957937921796,0,10,0,0.8410318791866302,0,20
540,33.397704410659095,1.4078106880187988,2,5,0,0.902043620745341,0,8,0,1.2149179114235773,0,17,0,1.5506863594055176,0,20
541,37.181858016898126,0.45164663663932253,2,14,0,0.7132824758688608,0,20
542,0,0.8939543962478638,0,3,0,1.2106065511703492,0,8,0,1.0315682192643483,0,20
543,18.963022062846612,0.6264168123404185,2,6,0,1.4112441539764404,0,17,0,1.561815659205119,0,20
544,0.09204332474323387,0.997000257174174,2,3,0,1.336442701956805,0,20
545,47.55981375069446,0.06008959263563156,2,10,0,0.8731614202260971,0,14,0,0.7946817477544149,0,17,0,1.0581281582514446,0,20
546,0,0.7877698739369711,0,3,0,0.9232796430587769,0,8,0,0.8798603713512421,0,20
547,0,0.7950837214787801,0,3,0,1.045907974243164,0,9,0,1.0194139047102495,0,20
548,0,0.7341744105021158,0,3,0,0.8469565255301339,0,10,0,0.8469851553440094,0,20
549,0,0.7057210405667623,0,3,0,0.7588969270388285,0,9,0,0.7501215392893011,0,20
550,0,0.6062824527422587,0,3,0,0.6545134584108988,0,9,0,0.6445025747472589,0,20
551,0,1.0047649145126343,0,3,0,1.2562517166137694,0,8,0,1.2101175983746846,0,20
552,0,0.7466356158256531,0,3,0,0.8210174185889108,0,10,0,0.8490820527076721,0,20
553,30.772969884274943,0.6694583793481191,2,6,0,1.5342228412628174,0,13,0,1.7808400392532349,0,20
554,45.53239860232523,0.3543580486660912,2,42
555,21.111974521720246,0.4890724668900172,2,6,0,1.0243364464152942,0,17,0,1.155691425005595,0,20
556,0,0.8739411433537801,0,3,0,1.12825186252594,0,8,0,1.0206964015960693,0,11,0,1.0665740966796875,0,17,0,1.1765122413635254,0,20
557,18.01432921958283,0.3903847485780716,2,10,0,0.8685455322265625,0,17,0,0.9433607657750448,0,20
558,0,0.8021693030993143,0,3,0,1.0229403972625732,0,8,0,0.9735972086588541,0,20
559,0,0.732315719127655,0,3,0,0.823052636214665,0,10,0,0.7992834210395813,0,20
560,0.12140100360503189,0.9175677299499512,2,3,0,1.5576809855068432,0,20
561,10.867651255360258,0.9283769130706787,2,3,0,1.2849458853403728,0,6,0,1.4152169624964397,0,12,0,1.3935789823532105,0,17,0,1.4604219595591228,0,20
562,0.23839972279298652,1.0857456525166829,2,3,0,1.3688742849561903,0,12,0,1.364569115638733,0,17,0,1.3402105967203777,0,20
563,22.90283503921353,1.3912122249603271,2,5,0,1.0992678205172222,0,17,0,1.410137414932251,0,20
564,13.490985808296783,0.4998331566651662,2,3,0,1.357161521911621,0,6,0,1.3984653516249224,0,17,0,1.3305152654647827,0,20
565,4.637204821563111,0.9977207978566488,2,6,0,1.081380009651184,0,9,0,1.0629122406244278,0,17,0,1.1638092199961345,0,20
566,28.391154621348207,0.4684510976076126,2,4,0,0.9196175336837769,0,17,0,1.1127796570460002,0,20
567,7.5022049939885616,0.7761926651000977,2,3,0,1.58274245262146,0,12,0,1.5421751976013183,0,17,0,1.4702817996342976,0,20
568,32.79254722238923,0.07474829469408308,2,7,0,0.9080863952636719,0,12,0,0.7389426231384277,0,17,0,0.8508834838867188,0,20
569,0,0.6205066045125326,0,3,0,0.6626597046852112,0,10,0,0.6566403269767761,0,20
570,0,0.8411874771118164,0,3,0,1.023546000321706,0,9,0,1.0419447096911343,0,20
571,46.70483687424014,0.39743921409050625,2,12,65.40747863587123,0.3570944368839264,2,17,101.66589694221756,0.3675984740257263,2,25,145.65887273049435,0.306495863199234,2,30,0.3144129745802023,0.6547198593616486,2,33,152.97512526772198,0.3135186731815338,2,39
572,0,0.7793907125790914,0,3,0,0.9739618897438049,0,9,0,0.9382688105106354,0,17,0,1.034242828687032,0,20
573,17.024448653930452,0.9611935274941581,2,14,25.12218579130926,1.062471604347229,2,24,32.23685207929113,1.0856738090515137,2,35
574,0,0.8144200444221497,0,3,0,0.9867947442190987,0,10,0,0.9488315343856811,0,20
575,0,0.8564239343007406,0,3,0,1.132469157377879,0,9,0,1.0579147338867188,0,20
576,0,0.7739072839419047,0,3,0,0.9223450899124146,0,8,0,0.9260444442431132,0,20
577,0,0.8195698658625284,0,3,0,1.0651460886001587,0,9,0,0.9619925889101896,0,20
578,13.478425072673598,1.0548787117004395,2,3,0,1.6456984728574753,0,11,0,1.6520190238952637,0,17,0,1.4587613741556804,0,20
579,0,0.7460062702496847,0,3,0,0.935694694519043,0,9,0,0.8850289149717852,0,20
580,0,0.670668383439382,0,3,0,0.7685661145618984,0,10,0,0.7746258199214935,0,20
581,13.77222452435215,0.8610559361321586,2,7,0,1.1278597513834636,0,10,0,1.2347798177174159,0,17,0,1.3572734991709392,0,20
582,0,0.7251017888387045,0,3,0,0.8596752200807843,0,10,0,0.8746758341789246,0,20
583,17.00773541607238,0.8547478020191193,2,4,0,1.3295171707868576,0,12,0,1.2752686262130737,0,17,0,1.3646552165349324,0,20
584,0,0.8909002741177877,0,3,0,1.2065837621688842,0,8,0,1.1067753334840138,0,20
585,0,1.0165133277575176,0,3,0,1.1999149719874065,0,9,0,1.0846147537231445,0,17,0,1.099732240041097,0,20
586,0.223746126528712,0.6978168586889902,2,3,0,1.4401631846147425,0,20
587,13.09373904483752,0.8200011650721232,2,3,0,1.310434103012085,0,6,0,1.4235653227025813,0,17,0,1.424993594487508,0,20
588,21.319887215230207,0.7895342111587524,2,3,0,1.421438917517662,0,11,0,1.4500228365262349,0,17,0,1.3699647188186646,0,20
589,16.297908593404006,0.46680285533269245,2,6,0,1.0376582741737366,0,10,0,1.049697722707476,0,17,0,1.1130213340123494,0,20
590,0.24826166288706153,0.8146878878275553,2,3,0,1.3265943080186844,0,11,0,1.2976400057474773,0,17,0,1.3061595757802327,0,20
591,0.061883723238153075,1.042219599088033,2,3,0,1.2412566211488512,0,12,0,1.2550673961639405,0,17,0,1.181079626083374,0,20
592,22.50955508752581,1.2014828125635784,2,9,0,1.061442534128825,0,12,0,0.8299519181251526,0,17,0,1.1168386141459148,0,20
593,0.13028306071343201,1.1139514843622844,2,3,0,1.392906732029385,0,12,0,1.425314450263977,0,17,0,1.3816134134928386,0,20
594,0.37798813743076626,0.7267362674077352,2,3,0,1.4568066000938416,0,17,0,1.4095815022786458,0,20
595,28.680786513676672,0.445471784898213,2,7,0,1.1803219318389893,0,17,0,1.360604961713155,0,20
596,0,0.8892888327439626,0,3,0,1.2109668970108032,0,8,0,1.0951506594816844,0,20
597,23.834463017126538,0.3327096019472395,2,7,0,1.225827658176422,0,17,0,1.4081213076909382,0,20
598,27.26102282300205,1.1958131790161133,2,3,0,1.379459818204244,0,6,0,1.3520806377584285,0,17,0,1.338352640469869,0,20
599,18.66990137655836,0.7970304310321807,2,20
600,0,0.7203088998794556,0,3,0,0.8347923159599304,0,9,0,0.8380153937773271,0,20
601,0,0.8083513379096985,0,3,0,1.0332119464874268,0,9,0,1.0542646863243796,0,20
602,0,0.9740538597106934,0,3,0,1.2903724908828735,0,9,0,1.2483136653900146,0,17,0,1.3542240858078003,0,20
603,0,0.699650247891744,0,3,0,0.810236496584756,0,10,0,0.8288766145706177,0,20
604,0,0.8362613320350647,0,3,0,1.1022182703018188,0,9,0,1.0411984270269221,0,20
605,0,0.6487143635749817,0,3,0,0.7336345059531075,0,10,0,0.7249141216278077,0,20
606,0,0.7531864047050476,0,3,0,0.8227987119129726,0,10,0,0.859185916185379,0,20
607,23.81630412221726,0.6975275079409281,2,6,0,0.9995602369308472,0,9,0,0.9371633380651474,0,17,0,1.0660187005996704,0,20
608,13.072861525061994,0.6566984398024422,2,7,0,0.9578820864359537,0,10,0,0.8872525521687099,0,17,0,0.9437516132990519,0,20
609,51.26157415173835,0.8999876578648885,2,3,0,1.4661434888839722,0,11,0,1.4398798147837322,0,17,0,1.3605972528457642,0,20
610,66.98907540394806,0.1372684519737959,2,8,140.67333679919895,0.10000725388526917,2,18,96.09101799021543,0.13384543359279633,2,22,0.3340448372082211,0.33919547001520794,2,25,21.775216634748553,0.31697156429290774,2,30,0.31252860677855593,0.520829459031423,2,33,6.854017749443202,0.25593301653862,2,38,0.09670114833627921,0.601449986298879,2,41,14.140619999269965,0.2543046112571444,2,48,0,0.8834027449289957,0,51
611,19.8033250145958,0.6310860297896645,2,11,29.43480093469978,0.6094359556833903,2,14,0,0.6943085491657257,0,20
612,54.37982908049348,0.4059017181396484,2,15,27.572996612203465,0.9318094650904337,2,18,13.79596045939551,0.8966435939073563,2,26,0.05646783062168373,0.40154336765408516,2,34,43.098157191287655,0.3194415395458539,2,46
613,52.956070997586075,0.7322409451007843,2,4,0,1.3073616119531484,0,17,0,1.5686960617701213,0,20
614,17.447712572354227,0.9531222879886627,2,8,0,1.186159461736679,0,12,0,1.2387569189071654,0,17,0,1.4000728925069172,0,20
615,7.266989785125687,0.42491500576337177,2,3,70.86126285692043,0.12853158116340638,2,8,0,0.9642314910888672,0,12,0,0.8518543481826782,0,17,0,1.0460325876871746,0,20
616,1.7789136304767843,0.6259825825691223,2,3,13.805828722872365,0.6079716980457306,2,7,0,0.9783101081848145,0,10,0,1.0735059976577759,0,17,0,1.1815751393636067,0,20
617,33.45090582994783,0.2262867021560669,2,25
618,0,1.1337482929229736,0,3,0,1.3345069885253906,0,10,0,1.187961792945862,0,20
619,22.646321818687902,0.912373940149943,2,3,0,1.2663911978403728,0,6,0,1.3906778693199158,0,12,0,1.409008836746216,0,17,0,1.4395113388697307,0,20
620,26.675261145347815,0.5898442149162293,2,25
621,32.09957559900684,1.028061827023824,2,3,0,1.1510086825915746,0,17,0,1.2468959093093872,0,20
622,26.708707293133468,1.4518973297542996,2,9,0,0.650074414908886,0,17,0,0.8038609822591146,0,20
623,30.056534226245,0.779785389249975,2,11,0,0.8080017367998759,0,17,0,0.9625697135925293,0,20
624,13.692907101725147,1.2645024061203003,2,5,32.30577507585069,1.1661934852600098,2,8,542.0839215384788,0.22654242316881815,2,14,21.69006156700122,1.202712525020946,2,36
625,0.2526377964628027,0.9160893360773722,2,3,0,1.5278224498033524,0,11,0,1.4697126348813374,0,17,0,1.3488144477208455,0,20
626,48.499214096971656,0.3709302723407745,2,5,81.901491729425,0.32078895966211957,2,8,0.22698624959096442,0.459879070520401,2,11,100.83719207428848,0.22530213743448257,2,15,68.3334944089514,0.157045518549589,2,41,0.07376319065457215,1.1720657348632812,2,44,29.041660573921703,0.10765833854675293,2,49
627,24.973777775837092,0.8318434357643127,2,6,0,1.0656137358058582,0,17,0,1.1495254834493,0,20
628,18.315411668731908,0.5303430897848946,2,7,0,1.1674527883529664,0,17,0,1.3421753247578938,0,20
629,10.56783978200453,0.912121574083964,2,3,16.148974282664554,0.9108606576919556,2,6,0,1.2567383159290662,0,17,0,1.370295564333598,0,20
630,0.10339391387017566,0.8283993999163309,2,3,0,1.4289334030712353,0,20
631,34.36547060685776,0.565251025888655,2,9,141.56638021869813,0.4248815145757463,2,18,14.142640347029907,0.520370622475942,2,24,23.44356250844271,0.720029320035662,2,31
632,61.28694748851629,0.061187103390693665,2,7,0,0.8756123383839926,0,10,0,0.6370259523391724,0,17,0,0.7994681795438131,0,20
633,34.399122394727854,0.5052084748943647,2,12,0,0.9190425992012023,0,17,0,1.0835219621658325,0,20
634,18.848192214393436,0.8329575061798096,2,8,0,1.0497727791468303,0,17,0,1.2070884307225545,0,20
635,11.295015203671209,0.7734986960887908,2,10,0,1.1009579045431954,0,17,0,1.2909967104593914,0,20
636,8.066512281354806,0.1458081677556038,2,4,0,1.2520868594829853,0,17,0,1.299909234046936,0,20
637,20.997488728840086,0.5726864735285441,2,6,0,0.9879624446233114,0,9,0,1.0264945924282074,0,17,0,1.1756613651911418,0,20
638,35.5356826944053,0.5046294877926508,2,6,52.731386033767926,0.5809842944145203,2,20
639,44.90272536642379,0.5291687369346618,2,10,0,0.7880130708217621,0,14,0,0.5854829748471578,0,17,0,0.7283746798833212,0,20
640,25.647633884949528,0.4787573963403702,2,4,0,1.5235043397316566,0,17,0,1.668015718460083,0,20
641,18.2103052726235,0.9358842174212137,2,12,0,0.7911926433444023,0,20
642,13.348078152558084,0.616706353166829,2,23
643,0.10077566714237303,0.8102806607882181,2,3,0,1.2757609188556671,0,11,0,1.294422407944997,0,17,0,1.276643991470337,0,20
644,34.60787944813569,0.4930391686303275,2,35
645,28.648476556754,0.49167952154363903,2,14,0,0.7908969521522522,0,20
646,0.10930595351588045,1.0005898078282673,2,3,0,1.2953696648279827,0,12,0,1.3146304368972779,0,17,0,1.2016554673512776,0,20
647,26.476904744156858,1.4543489217758179,2,7,156.0679294928204,0.22017350529923158,2,24
648,0.15369915348065458,0.8221021095911661,2,3,0,1.2291237248314753,0,12,0,1.2338834762573243,0,17,0,1.1816686391830444,0,20
649,16.53278543797176,0.8132738769054413,2,4,0,1.1890396154843843,0,17,0,1.2547262112299602,0,20
650,27.937328443243896,0.6039492921395735,2,11,0,0.8681526647673713,0,20
651,0,0.9326432148615519,0,3,0,1.2166047096252441,0,8,0,1.1749800046284993,0,11,0,1.2022571365038555,0,17,0,1.250913937886556,0,20
652,31.07577958092733,0.8604601383209228,2,5,0,1.6006969894681657,0,12,0,1.7227391481399537,0,17,0,1.792842944463094,0,20
653,0,0.8933277328809103,0,3,0,1.1931130647659303,0,8,0,1.002198984225591,0,20
654,29.495779370914263,0.5495480298995972,2,11,0,0.6992237766583761,0,14,0,0.5851256847381592,0,17,0,0.7302137613296509,0,20
655,12.498988339773282,0.6035186201334,2,4,0,1.4292991069646983,0,17,0,1.4655718803405762,0,20
656,19.789366834378246,0.40375642478466034,2,4,0,1.3232380335147564,0,17,0,1.476209044456482,0,20
657,0.2509203556309331,0.8016312917073568,2,3,0,1.4873023313634537,0,20
658,23.66733156359824,0.37691335265453046,2,13,0,1.1101795775549752,0,20
659,14.340099205505705,0.18360725541909537,2,9,0,1.0740238825480144,0,12,0,0.8983759880065918,0,17,0,1.0885261297225952,0,20
660,26.604024633132116,0.22263123591740927,2,9,0,1.0441803932189941,0,12,0,0.8235416173934936,0,17,0,1.0240545272827148,0,20
661,22.321251247292828,1.5172739148139953,2,10,0,0.9201765775680542,0,20
662,0,1.0120873649915059,0,3,0,1.232426905632019,0,8,0,1.0829801162083943,0,20
663,40.66558846373238,0.6975894689559936,2,5,0.0799764876169653,0.5059776221002851,2,12,52.17302778636693,0.6226979811986287,2,27
664,0.20557662776906577,0.6480091909567515,2,3,0,1.2308464731488908,0,17,0,1.0795903603235881,0,20
665,21.116239440355653,0.5400284131368002,2,9,13.322599922691753,0.6153057813644409,2,12,0,0.7792160987854004,0,17,0,0.9265098571777344,0,20
666,0.0739229723250004,0.8751140435536703,2,3,0,1.3054495559019201,0,20
667,9.749604616471444,0.9453234871228536,2,12,0,0.765848346054554,0,20
668,21.79164004065518,0.9631971716880798,2,4,0,1.4462552219629288,0,12,0,1.6766139268875122,0,17,0,1.660898486773173,0,20
669,16.22790921802809,0.7874214703386481,2,11,0,1.0071714056862726,0,20
670,0,0.9070101579030355,0,3,0,1.1384989023208618,0,8,0,1.189635346333186,0,20
671,45.33128429089872,0.35757260937844554,2,31
672,18.783806008317427,0.5296726301312447,2,8,0,1.236040621995926,0,12,0,1.1777276754379273,0,17,0,1.3866304159164429,0,20
673,0,0.9046403566996256,0,3,0,1.1822625875473023,0,8,0,1.0781433714760675,0,17,0,1.2144757111867268,0,20
674,22.57757081847607,0.8441873292128245,2,12,0,0.8343483135104179,0,20
675,10.187130095536721,0.8113776842753092,2,3,0,1.4910774098502264,0,12,0,1.4682188510894776,0,17,0,1.4220521052678425,0,20
676,19.576789294312004,0.6343052506446838,2,10,0,0.6880645006895065,0,14,0,0.5632667342821757,0,17,0,0.6926554838816324,0,20
677,60.14714945978121,0.635469400882721,2,5,23.534065020834202,0.5424299836158752,2,8,12.127863919501106,0.5638409223821428,2,26
678,16.71181629589798,0.549778938293457,2,6,0,1.3100134892897173,0,17,0,1.4701777696609497,0,20
679,32.97409403107715,0.8315683126449585,2,10,0,0.8726391593615214,0,13,0,0.7964141368865967,0,20
680,0.07528045611393051,0.8615844249725342,2,3,0,1.0441382196214464,0,12,0,1.0564822554588318,0,16,0,1.0213863253593445,0,20
681,17.174198717338232,0.6476250439882278,2,4,0,1.2546603232622147,0,12,0,1.2019862890243531,0,17,0,1.2601453463236492,0,20
682,11.998992004632367,0.7647299647331238,2,5,0,0.984289805094401,0,8,0,1.1498810582690768,0,17,0,1.3008928298950195,0,20
683,18.627022423891614,0.7650046110153198,2,5,0,0.96917857726415,0,17,0,1.0879308382670085,0,20
684,0,0.712803840637207,0,3,0,0.7933292190233866,0,9,0,0.80447364395315,0,20
685,0,0.8925154606501261,0,3,0,1.1845953464508057,0,8,0,1.1281028985977173,0,11,0,1.145630160967509,0,17,0,1.239528218905131,0,20
686,57.71778149013189,0.3766755074262619,2,20
687,0,0.7595696250597636,0,3,0,0.8529186248779297,0,10,0,0.8936068415641785,0,20
688,0.35584623788433045,0.9521106084187826,2,3,0,1.489010282925197,0,17,0,1.4417305787404378,0,20
689,24.9422838865306,1.279016415278117,2,3,0,1.1397446990013123,0,11,0,1.2889211972554524,0,17,0,1.31299885114034,0,20
690,0,0.8774492343266805,0,3,0,1.0840702056884766,0,8,0,0.9795364240805308,0,20
691,0,0.8311687707901001,0,3,0,1.0803240935007732,0,9,0,0.998465126210993,0,20
692,0,0.7376391887664795,0,3,0,0.7875913282235464,0,9,0,0.7688850543715737,0,20
693,147.881921468261,0.193236848115921,2,25
694,10.144817117274645,0.7656085888544718,2,3,0,1.4917434321509466,0,12,0,1.5007776021957397,0,17,0,1.3869178692499797,0,20
695,32.04364224625817,0.8429011503855387,2,3,0,1.2754147450129192,0,6,0,1.1679158409436543,0,12,0,1.2140262842178344,0,17,0,1.2143969535827637,0,20
696,22.87282852955937,1.413983634540013,2,7,0,1.1493000268936158,0,17,0,1.2940315802892048,0,20
697,0.13830028851168044,1.0889975627263386,2,3,0,1.4209562804963853,0,12,0,1.4665570974349975,0,17,0,1.394695242245992,0,20
698,0.27905501843741426,0.821818212668101,2,3,0,1.3560284243689642,0,12,0,1.315730333328247,0,17,0,1.206047773361206,0,20
699,14.177251900880234,0.7027983665466309,2,3,0,1.474746306737264,0,12,0,1.419620680809021,0,17,0,1.4015332063039143,0,20
700,0,0.8667861819267273,0,3,0,1.055859367052714,0,9,0,1.0611839836294001,0,20
701,30.41555080445703,0.41872328850958085,2,9,16.694668901325617,0.557842880487442,2,12,0,0.6266605108976364,0,20
702,0,0.8704108993212382,0,3,0,1.162210965156555,0,8,0,1.0447571575641632,0,20
703,0,0.7740622758865356,0,3,0,0.9322614192962646,0,8,0,0.9257659812768301,0,20
704,0,1.0123903354008992,0,3,0,1.2212119499842327,0,9,0,1.0759172981435603,0,20
705,0,0.6196475625038147,0,3,0,0.6383920993123736,0,10,0,0.6515924453735351,0,20
706,0,0.8153153657913208,0,3,0,1.051559607187907,0,9,0,0.9595833583311602,0,20
707,52.34927643397724,0.26777421073480084,2,11,0,0.8694007396697998,0,17,0,0.9715622266133627,0,20
708,0,0.8348467548688253,0,3,0,1.097431230545044,0,8,0,1.1112639804681141,0,20
709,0,0.7793583273887634,0,3,0,1.0009625156720479,0,9,0,0.9287060932679609,0,20
710,0,1.041957159837087,0,3,0,1.239941696325938,0,9,0,0.9610345363616943,0,20
711,52.581515949475424,0.2211158350110054,2,6,76.39966280464164,0.15987563530604046,2,21
712,107.85736913193413,0.2589371076651982,2,7,0,0.7767676115036011,0,10,0,0.532010888059934,0,16,0,0.49748068302869797,0,20
713,1.141566920651012,0.8230603138605753,2,3,45.38734767540531,0.6157873604032729,2,12,93.02031421330612,1.0966103374958038,2,16,0.14284510226353586,0.7466343343257904,2,20
714,40.35035804668511,0.24304385696138656,2,7,0,0.9482860962549845,0,10,0,0.8673753908702305,0,17,0,0.9704737265904745,0,20
715,72.97095711221313,0.21207874312120326,2,17,0,1.3353923956553142,0,20
716,0.23007998065168847,0.7643151978651682,2,3,0,1.6334741115570068,0,12,0,1.5988651514053345,0,17,0,1.4855337142944336,0,20
717,0,0.8140973647435507,0,3,0,1.0505324800809224,0,9,0,0.972818526354703,0,20
718,0,0.8297953406969706,0,3,0,1.0554586847623189,0,9,0,1.052141016179865,0,20
719,0.2431793446543493,0.8707163135210673,2,3,0,1.4191381798850164,0,12,0,1.4314287424087524,0,17,0,1.3495796124140422,0,20
720,0.21868690044707567,0.9134237368901571,2,3,0,1.5943983048200607,0,11,0,1.5802670915921528,0,17,0,1.4848270018895466,0,20
721,0,0.7697641650835673,0,3,0,0.9581385453542074,0,9,0,1.0139545310627331,0,20
722,0.2752436149315531,0.8561069567998251,2,3,0,1.3666380196809769,0,11,0,1.3921884894371033,0,17,0,1.3688174486160278,0,20
723,6.559053677940696,0.8167311747868856,2,3,15.991749620144436,0.7971965349637545,2,16,0,1.0737075209617615,0,20
724,18.337791779814296,0.388777282088995,2,16,0,1.0674269795417786,0,20
725,27.953395702450475,0.6749788150191307,2,8,0,1.128755701912774,0,17,0,1.339876691500346,0,20
726,0.28939071389810944,0.9534021019935608,2,3,0,1.5580329762564764,0,12,0,1.4773900032043457,0,17,0,1.4460957447687786,0,20
727,0,0.8118678331375122,0,3,0,0.9877891302108764,0,8,0,0.8649279773235321,0,20
728,15.942468261696558,0.3912420610586802,2,15,0,0.969937551021576,0,20
729,29.89761997617187,0.8279080470403035,2,15,0,1.162526535987854,0,20
730,26.211705123835397,0.36122742891311643,2,5,0,0.6746793289979299,0,17,0,0.7640091975529989,0,20
731,0,0.6957763036092123,0,3,0,0.7381620506445566,0,9,0,0.7296624292026866,0,20
732,12.72962389996416,1.2880135476589203,2,8,0,1.0271862480375502,0,17,0,1.2206549644470215,0,20
733,9.611418548586046,1.427843987941742,2,4,0,1.2110484288288996,0,17,0,1.3458598454793294,0,20
734,23.445440122283305,0.9741397637587327,2,13,0,0.6899736523628235,0,16,0,0.8322384059429169,0,20
735,0,1.0490923126538594,0,3,0,1.239845077196757,0,9,0,1.054111740805886,0,20
736,20.22750590920963,0.6661603848139445,2,3,0,1.0376511414845784,0,6,0,1.11905304590861,0,12,0,1.1083108186721802,0,17,0,1.009494145711263,0,20
737,0.1655555085337223,0.766668458779653,2,3,0,1.4881704780790541,0,12,0,1.4979353845119476,0,16,0,1.3348248302936554,0,20
738,0,0.8420521020889282,0,3,0,1.0863948464393616,0,9,0,1.0313513576984406,0,17,0,1.1440161069234211,0,20
739,0.09298873087284121,1.146655837694804,2,3,0,1.5192002143178667,0,17,0,1.4448703130086262,0,20
740,26.39130572772933,0.28136481751095166,2,11,0,0.8554103374481201,0,14,0,0.7039057811101278,0,17,0,0.9016356468200684,0,20
741,0,0.6507440408070883,0,3,0,0.6859820485115051,0,10,0,0.7111444354057312,0,20
742,24.346024692006935,0.9985283116499583,2,12,0,0.9351950883865356,0,20
743,0,0.823110302289327,0,3,0,1.0206812858581542,0,8,0,0.8913040293587579,0,17,0,0.8810323079427084,0,20
744,20.245363864683263,0.6687488635381063,2,15,0,1.0129308938980102,0,20
745,0.1253492163468811,0.8869804938634237,2,3,0,1.44460924466451,0,12,0,1.4759034365415573,0,20
746,45.39806118429046,0.7743778705596924,2,15,0,1.3435075998306274,0,20
747,27.411958212265592,0.6315013617277145,2,4,55.12366744574903,0.6592649271090826,2,16,0,1.0737887024879456,0,20
748,0,0.8358690142631531,0,3,0,1.0022628903388977,0,9,0,0.8545706868171692,0,17,0,0.7997994820276896,0,20
749,27.430397681610092,1.3583597739537556,2,3,0,1.5684363501412528,0,17,0,1.6326332887013753,0,20
750,33.21352198394815,0.03820948153734207,2,10,0,0.7306253015995026,0,14,0,0.5576344827810923,0,17,0,0.7019539773464203,0,20
751,0.14779081878917832,0.8314730127652487,2,3,0,1.2610974311828613,0,12,0,1.2021551609039307,0,17,0,1.2119076649347942,0,20
752,18.224254701412466,1.1767964839935303,2,5,0,1.0745646158854167,0,17,0,1.3018162647883098,0,20
753,18.89334514623001,0.30561746656894684,2,10,0,0.8513722590037754,0,17,0,1.0054134925206502,0,20
754,0,0.7071815331776937,0,3,0,0.8038201451301574,0,8,0,0.7190923343102137,0,20
755,5.36378529705612,0.6161038279533386,2,3,0,1.0418571498658922,0,12,0,0.9736782312393188,0,17,0,1.02729328473409,0,20
756,12.754504099328624,0.5569608608881632,2,3,0,1.1765918731689453,0,6,0,1.312945055961609,0,16,0,1.3415433764457703,0,20
757,31.818972761305872,0.34861847162246706,2,10,0,0.6813406735658646,0,20
758,15.168490938418262,0.6613404750823975,2,3,0,1.0742111206054688,0,7,0,1.1937180399894713,0,17,0,1.0305779377619426,0,20
759,14.226965956330739,0.5675588846206665,2,9,0,0.807987317442894,0,17,0,0.9857525825500488,0,20
760,0,0.9169271886348724,0,3,0,1.247796654701233,0,8,0,1.0820952951908112,0,20
761,0.390485211087142,0.9820032119750977,2,3,0,1.4445616271760728,0,12,0,1.4855446577072144,0,17,0,1.3846384684244792,0,20
762,9.905987709904084,1.4964303374290466,2,4,0,1.2684432359842153,0,17,0,1.3694343566894531,0,20
763,26.394147338631107,1.1054482460021973,2,3,0,1.4051389296849568,0,6,0,1.3932382464408875,0,12,0,1.3634442567825318,0,17,0,1.424431562423706,0,20
764,24.57804469943111,0.38602963902733545,2,11,0,0.7004216313362122,0,14,0,0.5727968811988831,0,17,0,0.6468027234077454,0,20
765,31.74566923024472,0.3427312821149826,2,6,49.971895093748856,0.25792208313941956,2,9,0,1.054761568705241,0,12,0,0.8520402669906616,0,17,0,1.0095465580622356,0,20
766,14.452173434557855,0.7364885956048965,2,8,0,1.1962496936321259,0,12,0,1.1975536823272706,0,17,0,1.3819500207901,0,20
767,8.771952333461082,0.5309027263096401,2,7,0,1.1802151203155518,0,10,0,1.2266696861812048,0,17,0,1.309609095255534,0,20
768,10.943480623989947,0.3353681117296219,2,6,0,0.725520827553489,0,17,0,0.7232894500096639,0,20
769,10.050688548480748,0.3726375301678975,2,6,0,1.0504026753561837,0,13,0,0.8247198164463043,0,17,0,0.8436566988627116,0,20
770,0,0.9543088674545288,0,3,0,1.078602393468221,0,9,0,0.9427293755791404,0,20
771,35.27948339464892,0.6054874062538147,2,4,0,1.3230310827493668,0,12,0,1.3687145233154296,0,17,0,1.3728851477305095,0,20
772,13.749950481198919,1.6140741109848022,2,4,0,1.3937047903354352,0,17,0,1.4873770475387573,0,20
773,16.18878221854933,0.08605979382991791,2,4,0,1.1095702548821766,0,16,0,1.197715163230896,0,20
774,13.561186688831711,0.6047968665758768,2,6,0,1.0331014719876377,0,17,0,1.285647948582967,0,20
775,11.18169317884057,0.9107907772064209,2,5,0,1.4194671909014385,0,17,0,1.5731032689412434,0,20
776,0.20011208004074205,0.8593795696894327,2,3,0,1.406149074435234,0,11,0,1.321406881014506,0,17,0,1.2729183435440063,0,20
777,32.45337541978924,0.8731455405553182,2,3,0.06214398108347928,0.6500198841094971,2,8,0,1.0602075656255086,0,11,0,1.2079174518585205,0,17,0,1.3535056511561077,0,20
778,13.222199371453653,0.21706636846065522,2,5,0,1.0635684728622437,0,17,0,1.0801825523376465,0,20
779,14.489266805751017,0.5026918709278106,2,5,0,0.7106585452953974,0,17,0,0.7876416047414144,0,20
780,9.06572471428753,0.9610229134559631,2,4,0,1.2707632780075073,0,17,0,1.3920222520828247,0,20
781,0.49422359261685844,0.8279279867808024,2,3,0,1.482476790746053,0,12,0,1.4572508335113525,0,17,0,1.409973382949829,0,20
782,39.05286230619347,0.266752190887928,2,4,0,1.1489309622691228,0,17,0,1.196457862854004,0,20
783,13.540676879342751,0.7712545841932297,2,4,0,1.023649349808693,0,12,0,0.8531881332397461,0,17,0,0.9211509227752686,0,20
784,8.486627726647356,1.0324521362781525,2,4,0,0.9976172149181366,0,12,0,0.9967224359512329,0,17,0,1.0838727553685505,0,20
785,33.127826351657774,1.1124547719955444,2,3,0,1.5987059672673543,0,6,0,1.6123116612434387,0,12,0,1.5778721570968628,0,17,0,1.5026531616846721,0,20
786,18.195465830375607,0.6799376726150512,2,5,0,1.1373311519622802,0,10,0,1.2250352927616663,0,17,0,1.3558585246404011,0,20
787,0,1.0396053791046143,0,3,0,1.2591608762741089,0,9,0,1.1111369349739768,0,20
788,17.661324274737254,0.6058853069941202,2,3,0,1.4696922699610393,0,6,0,1.6309372728521174,0,17,0,1.5308850606282551,0,20
789,0,0.8988228241602579,0,3,0,1.1797528743743897,0,8,0,1.1063052415847778,0,11,0,1.1297805309295654,0,17,0,1.2261569897333782,0,20
790,0,0.9421033064524332,0,3,0,1.1989192962646484,0,8,0,1.1343116892708673,0,17,0,1.248708168665568,0,20
791,0,0.6646409829457601,0,3,0,0.7675686478614807,0,10,0,0.7716021358966827,0,20
792,0,0.6564145684242249,0,3,0,0.7215348822729928,0,10,0,0.7475679159164429,0,20
793,0,1.0110390186309814,0,3,0,1.308803391456604,0,8,0,1.2924548784891765,0,20
794,9.603008023606384,0.8162645498911539,2,3,0,1.0711923837661743,0,12,0,0.9848521947860718,0,17,0,0.9797636270523071,0,20
795,0,0.9996950427691141,0,3,0,1.183914045492808,0,9,0,1.0393833070993423,0,17,0,1.0515771706899006,0,20
796,0.0673328879193865,0.6949994564056396,2,3,0,1.1831920287188362,0,20
