0,0.062071221990614774,1.2229982316493988,2,8,0.04214774046165241,1.1695825258890789,2,11,0,0.23880896220604578,0,23,0,0.4978448748588562,0,26
1,0.03088752510300908,1.1888318438279002,2,19,0.07366658023263774,0.9907755851745605,2,22
2,0.12437745962139184,0.8714350461959839,2,3,0,1.529591785536872,0,12,0,1.538741946220398,0,17,0,1.3966079552968342,0,20
3,0,1.3788197726011275,0,40,0.028464149915199632,1.237467368443807,2,43
4,21.026326083073872,0.5090469062328339,2,5,0,1.24434628089269,0,17,0,1.4063136577606201,0,20
5,0.02659908645381394,1.0676367431879044,2,8,0.2838458062515425,1.012748161951701,2,11,0,0.7858191132545471,0,14,0,0.701234777768453,0,17,0,0.8111312588055929,0,20
6,0,0.6853975460336015,0,37,0,0.6297139677890512,0,80,4.38536062069456,0.3128178656101227,2,85,0,0.476618488629659,0,88,0,0.4953632950782776,0,93,0.9884075654370278,1.2895668506622315,2,98,55.10093926172035,0.36835719645023346,2,101,126.08739980211816,0.013493617375691732,1,107,0.28440991187813675,0.42790401726961136,2,111,118.38494247709278,0.11463597913583119,2,117,0.3779174012596528,0.517147439221541,2,123,108.79784798669208,0.11761043621943547,2,136,0.05674051276279078,1.002365509668986,2,139,131.35802257901008,0.07235092421372731,2,142,0.1912487685593152,0.8305883010228475,2,145,136.1341741833716,0.10674128433068593,2,148,1.2658523648250315,0.3434051771958669,2,151,133.07468287954168,0.1564064605368508,2,160,0.2962607679592016,0.5325137637555599,2,164,0,0.6677940189838409,0,171,0.38910483104063065,0.757032960653305,2,175
7,0.07800927779587771,0.9146326963718121,2,13,37.90263332878105,1.588205799460411,2,21,0.3162791709787731,1.5269257227579753,2,24,51.583242556918954,1.6428382396697998,2,27,10.789203361404782,1.5992719531059265,2,31,0.713332658183841,1.543001413345337,2,34,112.91494979611836,1.560580062866211,2,39
8,16.56159348503079,0.5579348683357239,2,5,0,0.6733198960622152,0,8,0,0.6098243064350553,0,17,0,0.7599887450536092,0,20
9,0,0.29920144514604047,0,22,48.25190365375533,0.2204461067914963,2,27,0,0.35682706941257825,0,38,39.0809041281323,1.3140066862106323,2,41
10,0.0647992638595885,1.1874194622039795,2,5,9.54329633598017,0.15492057179411253,2,17,0.11998813492964235,0.9034376621246338,2,22,33.45858056402719,1.1024952828884125,2,34,0.6947754820400415,1.4151335060596466,2,38,0.3997340795560869,1.3155164003372193,2,53,1.2987702131259777,0.7767101973295212,2,57,0.445196012065886,1.554768721262614,2,66,12.882195964733771,1.0990224083264668,2,72,6.8739823091468235,1.1271106004714966,2,75,0.1945346285204993,1.0481209754943848,2,79,19.888961989599235,0.8462209701538086,2,82,0.5347888869595594,0.7976000070571899,2,87
11,0.04414369499165883,1.6383932338041418,2,34,35.827206892153036,0.4939287602901459,2,39
12,0.09445424715951632,1.2327634811401367,2,5,24.133852422787786,0.156770092745622,2,11,1.1476196739354618,0.6948410471280416,2,14,25.897622358415063,0.2854181230068207,2,18,0.36961355080990915,1.9382641077041627,3,28,0.5834780861957237,1.9377187887827556,3,31
13,0.503930429200043,1.7068460182710128,2,55,31.181824362469563,0.48456429690122604,2,63,0.432640587410809,1.682845588773489,2,127,2.5471736294099676,1.4085495869318645,2,130
14,40.53176413527003,0.40019091218709946,2,4,0,0.7702902555465698,0,9,0,0.9612728804349899,0,17,0,1.087794820467631,0,20
15,0.036004847289702255,0.7965944939189487,2,18,145.07112529662112,0.5682797133922577,2,22,216.75774284338706,0.5091968843570123,2,35
16,0,0.634742816289266,0,3,0,0.6915922462940216,0,9,0,0.9591592225161466,0,20
17,0.4543528905293441,1.8400070071220398,2,32,1.7820182187911766,1.4165972073872883,2,35
18,0.030607006075366885,1.5018488466739655,2,12,2.504003149839193,0.4568110704421997,2,15,0.04584544460462668,0.7171938916047415,2,21,0.03163102379205106,0.931398974524604,2,30,0.38902654069087395,1.050541877746582,2,35,0.05576884039566068,1.0374594926834106,2,38,1.0714337077292753,1.1868841409683228,2,43,67.11312512922458,0.4197222407047565,2,56
19,7.708495901242481,1.0067859093348186,2,3,0,1.0829549233118694,0,6,0,1.2293675740559895,0,12,0,1.3277655363082885,0,17,0,1.3158319393793743,0,20
20,0.5494964661875322,0.9810349657422021,2,21,36.90459284438983,1.1245036522547405,2,24,58.31059855683879,1.1425423860549926,2,29,5.720294445278364,1.265716552734375,2,32,0.036400728824466135,0.564686526854833,2,38,141.52662616504128,0.22545079674039567,2,45,283.0905328196969,0.048692094428198676,2,52,51.363406799730974,0.0548063317934672,2,55,295.2844283275677,0.05009569823741913,2,60,0.6578195863667613,0.789471760392189,2,64,277.2191988313881,0.03983370794190301,2,73,0.09107938718323927,1.2495484054088593,2,77,29.471293255500218,0.293036624789238,2,80,1.444271927093201,0.5553552731871605,2,84,0.036519233733527695,0.5473844011624655,2,87,302.3334184136867,0.008574724197387695,1,91,0.4071476568673489,1.1264114141464234,2,96,47.44503416571055,0.2678977797428767,2,99,0.39546989674417654,0.9455716371536255,2,104,319.57526259307053,0.052811193466186526,2,109,9.925345560162441,0.1841459423303604,2,112,0.8340616817191112,0.25944729646046955,2,115,320.6535431724183,0.05014563351869583,2,119,0.14572859874442604,1.1839218735694885,2,123,358.3644288164325,0.04795728251338005,2,131,0,0.7380786538124084,0,134,281.85150680797096,0.03954974114894867,2,139,0.028519703189588873,0.640073299407959,2,142,256.2941589205668,0.05185538232326507,2,147,0,0.559573252995809,0,150,308.4746461988227,0.06006360650062561,2,160,0,0.5021442373593649,0,163,307.7736397200174,0.055158257484436035,2,168,0.19346871289924883,1.0009246269861858,2,171,0.7267338535752531,0.4161033257842064,2,175,344.1387143798745,0.04816029965877533,2,180,2.2124956660179027,0.242398073275884,2,183,294.4000102990228,0.0561460190349155,2,192,0.07966935239448375,0.6855632781982421,2,197,278.8109828609067,0.07059218486150105,2,200
21,0,0.9291778008143107,0,3,0,1.220624069372813,0,9,0,1.148910328745842,0,17,0,1.267960508664449,0,20
22,1.1337664884682155,1.5183685421943665,2,8,21.897645340156004,0.3487186133861542,2,12,0.5156283277073295,1.6589592297871907,2,15,0.3255642030647506,1.660367727279663,2,19,1.4103634777179699,1.6422853867212932,2,22
23,27.41620412486011,1.3589144051074982,2,8,0,1.225503338707818,0,17,0,1.457411487897237,0,20
24,121.21931505269075,0.030925592141492025,2,14,1.9689574105169838,0.25409867366154987,2,17,126.33660134894599,0.04219369164534977,2,24,0.02738846683048029,0.4465622062032873,2,35,143.64889848855302,0.05473439040638152,2,56,2.4446446550115404,0.21698994934558868,2,59,134.81121578492008,0.04869682990735577,2,90,14.667167509514448,0.12554251154263815,2,93,114.62709489527565,0.05459181666374206,2,98,65.30156422938717,0.09035627543926239,2,102,0.051836692073253976,0.50954270362854,2,108,77.6706514852079,0.03357889254887899,2,117,0.020396966092436446,1.31914484500885,2,121,99.08662953151929,0.035157675544420876,2,136,0.029686731271697284,0.3394954225846699,2,150,35.28986817493842,0.08955176723630805,2,169,2.8084485512762574,0.25524259731173515,2,173,48.95462697527008,0.06620556612809499,2,176,30.18401916196493,0.0885695293545723,2,180,9.669155998925852,0.12021697064240773,2,183,0.041171545658190124,1.1848368644714355,2,187,57.15888439509759,0.06797552853822708,2,191,24.644024530229103,0.07572030524412791,2,194,0.8003344223735559,0.7203628867864609,2,197
25,0.3006880128218658,0.8075956106185913,2,3,0,1.4762513637542725,0,17,0,1.422959526379903,0,20
26,23.942213453451593,0.7783655325571696,2,3,0,1.1253251284360886,0,11,0,1.082917292912801,0,17,0,1.0032564401626587,0,20
27,0,0.6629682183265686,0,3,0,0.6962582554136004,0,10,0,0.6968933582305908,0,20
28,37.19672510031487,1.0150781869888306,2,3,0,1.5136324167251587,0,6,0,1.590677629817616,0,17,0,1.5515282551447551,0,20
29,26.84242832591374,0.45813992992043495,2,8,0,1.161493460337321,0,17,0,1.4116499423980713,0,20
30,16.13254462625761,1.2812378883361817,2,5,0.0738035725370228,1.0021003045533832,2,24,0.09325831737708383,0.9364736477533976,2,45,104.88079351089706,0.42648662130037945,2,48,4.321776437819289,0.2949027468760808,2,51,261.31422641930504,0.1672868033250173,2,54,0.08638068621968206,0.7656629848480224,2,79,5.460647082434592,0.3022742072741191,2,82,0.15372316782020545,0.40387027462323505,2,85,17.72456753985644,0.29754820466041565,2,88,0,0.6850966744952731,0,97,48.01681232541792,0.7143231630325317,2,101,71.22861581334054,0.8115835905075073,2,111,0.7084021127727675,1.208990792433421,2,117,11.074750848887406,0.3255768492817879,2,121,4.168035981262707,0.4208434025446574,2,124,8.407872051869647,0.3229200740655263,2,127,0.0398693212909887,0.47267823219299315,2,132,16.27267390189366,0.26438237229983014,2,135,0.030533728802709676,1.1459044218063354,2,187,0.0991249583601321,1.014406184355418,2,190
31,42.228586791093086,0.9066481698643077,2,11,0,0.8170476224687364,0,20
32,0,0.8215033014615377,0,3,0,1.0237804412841798,0,8,0,0.8870623906453451,0,17,0,1.0281328757603962,0,20
33,0,0.7914047638575236,0,3,0,1.048953938484192,0,8,0,0.9876412153244019,0,11,0,0.9984265367190043,0,17,0,1.029521067937215,0,20
34,0,0.6959099372227987,0,3,0,0.7793105602264404,0,8,0,0.730390469233195,0,20
35,0,0.9340731104214987,0,3,0,1.1230339765548707,0,8,0,1.0715493559837341,0,20
36,6.591852125473369,1.2569310665130615,2,3,0,1.3441607289844089,0,12,0,1.4107234954833985,0,17,0,1.4150621096293132,0,20
37,0,0.8514797488848368,0,3,0,1.1078607320785523,0,8,0,0.9198431074619293,0,20
38,0.45910855108006526,1.1107611258824666,2,3,0,1.602454920609792,0,9,0,1.5929574817419052,0,17,0,1.526720643043518,0,20
39,29.295584763516505,0.5822312065533229,2,7,0,1.266316258907318,0,17,0,1.5035917361577351,0,20
40,0.32473124771805356,0.9048131505648295,2,3,0,1.559222976366679,0,12,0,1.5489148378372193,0,17,0,1.462066888809204,0,20
41,34.92899566963664,0.3177262395620346,2,4,0,1.195247483253479,0,9,0,1.418367549777031,0,17,0,1.5096415281295776,0,20
42,31.47621570307011,0.5925022255290638,2,11,0.11747724671310251,0.25330114861329395,2,14,1.14599447721456,0.4022638976573944,2,19,0.5736200812305425,1.6667628117970057,2,47
43,0,0.8961261312166849,0,3,0,1.2061426162719726,0,8,0,1.0471179982026417,0,20
44,0,0.9458673596382141,0,3,0,1.2476579427719117,0,8,0,1.1083978811899822,0,20
45,34.2935494132905,0.5726819568210177,2,9,0,0.7970682779947916,0,12,0,0.640358829498291,0,17,0,0.7737080256144205,0,20
46,0,1.0844905773798625,0,3,0,1.3452088832855225,0,8,0,1.1339484055836995,0,20
47,21.381729896784964,1.1293989221254985,2,6,0.025230148228560227,1.3724816640218098,2,9,21.780136019322182,1.0391989052295685,2,13,0.07716766996423834,1.062606362735524,2,30,39.24205915753016,1.2044125625065394,2,37,0.07221394333479954,0.8791553179423014,2,40,90.37743239211055,0.16068149771955278,2,49,0,0.6347926110029221,0,53,5.823885339353414,0.5817548632621765,2,58,299.5078858148017,0.004903904520548307,1,71,0.9224509180191116,1.4290381222963333,2,79,2.742376417909857,1.2746971448262532,2,82,0,0.2370085914929708,0,100,0,0.20608552421132723,0,136,26.88455371519711,0.9906165334913466,2,145,4.604699591571284,0.8954377174377441,2,148,44.63847173067129,0.3152888814608256,2,157,0,0.7622268795967102,0,167,0.043191014083773134,0.54954860607783,2,170
48,0,0.7567899624506632,0,3,0,0.8395049373308817,0,9,0,0.8266403783451427,0,20
49,0,0.6610365112622579,0,3,0,0.6715868711471558,0,10,0,0.6499929845333099,0,20
50,20.11039579945603,0.7240344882011414,2,8,0.09144512637257324,1.0494720816612244,2,18,32.368780116824,0.6607969800631205,2,24
51,0.37308486510971967,1.364488857133048,2,7,0.25148393750831755,1.3658213853836059,2,17,0,1.2150771617889404,0,20
52,0.42749534885237794,1.3967174424065485,2,9,6.423149194508957,0.5001609027385712,2,12,0,1.6899407633713313,0,40,24.374914549752024,0.10999426474938026,2,53,0.7113788165669152,0.37198089559872943,2,56,13.919697242742975,0.15395365158716837,2,59,27.857123879280394,0.08103215197722118,2,62,2.4964736757316763,0.2708090506494045,2,66,0,1.529687762260437,0,79,35.78888893565203,0.060640920485769,2,86,0.6921761888191831,0.897233247756958,2,90,0.4223602529938813,0.8684923033560475,2,121,0.6106822353707861,0.8475216388702392,2,126,9.98668309427232,0.22059688717126846,2,130,1.3668005983295328,0.37692809104919434,2,137,0.26655132371348894,1.1665137897838245,2,148,29.563407810533317,0.25539808720350266,2,160
53,30.93172033028618,1.2477403770793567,2,11,0,0.8863690495491028,0,17,0,1.0735940138498943,0,20
54,32.147875902485964,0.9231471180915832,2,10,0,0.8451835215091705,0,14,0,0.7444051702817281,0,17,0,0.924231211344401,0,20
55,2.477249641573398,1.2932769854863484,2,3,0.05041956713243781,1.6966602435478797,2,16,66.81678988592074,0.13558917120099068,2,20,92.43913457778072,0.10761574975081853,2,27,2.894502431049743,1.0994444290796916,2,30,7.601699794009621,1.0025447805722554,2,36,0.02467901292828137,1.5657041470209758,2,39,0.3652899855837884,1.2744261821111043,2,42,0.02474513218207735,1.5002870559692383,2,46,7.438173406990062,1.0187700589497883,2,49,0.037738532680036414,1.4707287614409987,2,86,18.689039178784977,0.4474520186583201,2,89,0.029151993395104547,1.7203848021371024,2,96,5.907450335045956,0.7411883771419525,2,100,0.03291258046208933,1.5157059397016253,2,135,8.238563881319244,0.9454801082611084,2,138
56,0,0.909673810005188,0,3,0,1.1982812881469727,0,8,0,1.073338270187378,0,11,0,1.1037580370903015,0,17,0,1.2347193956375122,0,20
57,39.65754491165325,0.37150933146476744,2,5,0,0.9166721105575562,0,8,0,1.0768973032633464,0,17,0,1.1444048484166462,0,20
58,8.365266639150317,1.5986923774083455,2,3,0.22335829364379964,1.9598385393619537,3,27,0.45053641681798723,1.780498782793681,2,30
59,30.186134032669056,0.5425484418869019,2,5,0.17347181566727887,1.7324670106172562,2,29,18.395762227237636,0.6374321728944778,2,33,3.9460318083250523,0.7979376792907715,2,38,19.824987790967835,0.7053536102175713,2,46,0.15587431745390046,1.772909158315414,2,85,3.5882807939014234,1.3528345425923665,2,88
60,36.86698150264532,0.6769963069395586,2,11,0,0.8450421889623007,0,14,0,0.761235773563385,0,17,0,0.972777525583903,0,20
61,31.29038589398211,0.7718584405051337,2,9,0,1.052932471036911,0,17,0,1.2720004320144653,0,20
62,0,0.7600990533828735,0,3,0,0.8214156797954014,0,10,0,0.8375927448272705,0,20
63,0.2935028657334149,0.9195120731989542,2,3,0,1.5909888082080417,0,12,0,1.543670654296875,0,17,0,1.503811518351237,0,20
64,0.14094242905493806,1.0722881158192952,2,3,0,1.5298474099900987,0,12,0,1.5967483520507812,0,17,0,1.4715487957000732,0,20
65,10.325009960529048,1.1505596126828874,2,14,0,0.935136079788208,0,20
66,38.085603047314535,0.6572987870736555,2,11,0.02960540200213153,0.7929206860216358,2,90,10.29576911190591,0.8797416687011719,2,93
67,8.65756888665356,0.438569005046572,2,7,0,1.0285807450612385,0,10,0,1.1238230807440621,0,17,0,1.2337928613026936,0,20
68,26.97490512851961,0.6039630700560177,2,17,0,1.2483234008153279,0,20
69,38.5320240148537,0.2745008785277605,2,16,0.4155034127464654,1.746720708333529,2,42,3.2188401889416722,1.503292401631673,2,45,0.04260807614649547,1.6470625400543213,2,48,0.06334258573304803,1.7889989376068116,2,88,12.797270061966323,0.2293559561173121,2,91,6.491751932627219,0.24693098664283752,2,94,13.852870436278977,0.19429654628038406,2,100,0,0.507407953341802,0,103,0.2551248516429727,0.4169171191751957,2,107,15.286590611173832,0.1647283434867859,2,110,2.078625699946636,0.2877919226884842,2,113,19.2196773866846,0.2582610175013542,2,121,0.34638431649446877,0.5159219563007355,2,126,0.42651624543063726,1.1126519441604614,2,130,0.3232246051577649,0.9570031285285949,2,135,0,1.0856024026870728,0,138
70,0,0.7083624998728434,0,3,0,0.8061423063278198,0,8,0,0.7467370430628458,0,20
71,0,1.020259439945221,0,3,0,1.3075453281402587,0,8,0,1.2283060948053997,0,20
72,0.14439541017631136,0.9289719661076864,2,3,0,1.5991613335079617,0,12,0,1.6159412384033203,0,17,0,1.5231011311213176,0,20
73,44.64223867053719,0.7084762215614319,2,5,0,1.0569076140721638,0,17,0,1.3225235144297283,0,20
74,0,0.7789960503578186,0,3,0,1.0054000616073608,0,9,0,0.9320457130670547,0,17,0,0.9750860134760538,0,20
75,0.3712171906768659,0.8103031913439432,2,3,0,1.5948893361621432,0,12,0,1.5553856134414672,0,17,0,1.5682957172393799,0,20
76,0,0.796846608320872,0,3,0,0.9206597208976746,0,9,0,0.8637510971589522,0,20
77,0.6223948095918411,0.8886459668477377,2,3,0.12676451825461377,0.8714962402979533,2,6,0.8898767662794949,0.6815581421057383,2,12,0,1.1574437618255615,0,15,0,0.9619729121526083,0,18,0,1.1737899780273438,0,21
78,0,0.9720158576965332,0,3,0,1.2100369453430175,0,8,0,1.1616543266508315,0,17,0,1.204218864440918,0,20
79,0,1.4688533147176106,0,3,135.57261982051506,1.8846186598141987,3,9,0.07052027822442254,1.1239665746688843,2,13,114.61191559924178,1.8945043087005615,3,16,304.0555752765499,1.9687955504969548,3,35,248.5091169629747,1.9492847442626953,3,45,0,1.0502466360727947,0,48,445.9704694260403,1.9264033274217085,3,59,0.2525306888448146,1.457944052559989,2,80,0.17846989969252983,1.408668577671051,2,84,252.26136096029282,1.9898163761411394,3,91,343.2697949144087,1.9767786622047425,3,101,0.040407239382695886,1.99,3,107,29.566026993098614,1.8716036876042683,2,110
80,40.567938289477844,0.5017185360193253,2,4,0,1.1300206979115803,0,7,0,1.1156176328659058,0,17,0,1.2195695638656616,0,20
81,12.62981525186398,0.5963767766952515,2,3,7.051854256109985,0.6511688431104025,2,6,0.18484180569368455,0.9380189478397369,2,14,1.4196113478954404,0.5381065160036087,2,18,17.47317863008804,0.16459807753562927,2,22,0.4291719269911078,0.9259158883775983,2,29,21.506998826751,0.3238293180863063,2,32,0.3388277258468778,1.1201752821604412,2,38,0.22798358567924057,0.9480824073155721,2,41,16.680055560432795,1.1906259059906006,2,44
82,0.02255663053946538,0.7945381879806519,2,15,0.04018586177170414,0.8137518167495728,2,18,0.8215397992203285,1.0379504561424255,2,24,10.048134216166183,0.19986886282761893,2,27,0,1.009926632472447,0,62,0.2597060322649495,0.8565687735875448,2,65,0,0.747035339474678,0,69,0.02060482906739587,0.8168820738792419,2,72,15.042989957380243,0.4445589244365692,2,82,0,1.2803320407867431,0,87,23.558526659307155,0.5336759239435196,2,91,0,0.7861803968747457,0,94,0.16322597343650083,0.6468013823032379,2,98,0.2970654037560384,1.523125750677926,2,105
83,0,0.6230941414833069,0,3,0,0.6602526108423868,0,9,0,0.6500079956921664,0,20
84,27.360992180508966,0.4704173008600871,2,3,0,0.70151330365075,0,12,0,0.7349859237670898,0,17,0,0.8101819356282552,0,20
85,0.3508143932879628,0.8739039897918701,2,3,0,1.3705737250191825,0,17,0,1.3422929843266804,0,20
86,18.2650154836207,0.5201707780361176,2,8,0,1.1161761813693576,0,17,0,1.261437972386678,0,20
87,0,0.6879770557085673,0,3,0,0.752519599028996,0,10,0,0.7432941138744354,0,20
88,0.46668310991103457,1.6620723724365234,2,10,0,0.778206717967987,0,20
89,25.900136564606907,0.7396509200334549,2,12,0.5096188020155741,0.7430676089392768,2,21,25.84869848678239,0.10815970972180367,2,33,3.323639302796725,0.2215209702650706,2,36,26.58783255931183,0.056048924724260964,2,39,0.09378504449447086,0.7192228198051452,2,44,24.622767641534754,0.06986230186053685,2,51,0.02909479999987323,1.3921235501766205,2,59,26.815993512293034,0.021019780210086277,2,66,0.8358971740276503,0.3067122648159663,2,69,3.1241799480465033,0.30278844634691876,2,75,1.6958447499101048,0.2553990036249161,2,78,24.22019443091847,0.01570400968194008,1,82,8.604593948875058,0.10184659560521443,2,85,21.54651761833593,0.048879297716276984,2,92
90,0,0.587868312994639,0,3,0,0.621201889855521,0,10,0,0.6192143440246582,0,20
91,21.043180246431003,1.197497010231018,2,3,0,1.6093660593032837,0,6,0,1.6480070153872173,0,12,0,1.6911393880844117,0,17,0,1.6446409225463867,0,20
92,0,0.8360170324643453,0,3,0,1.0562010010083516,0,9,0,1.0246890634298325,0,17,0,1.127461353937785,0,20
93,0,0.7648481925328573,0,3,0,0.8265894949436188,0,9,0,0.7964429692788557,0,20
94,28.648422259781253,1.1578015089035034,2,3,0,1.2595537900924683,0,6,0,1.3261208335558574,0,12,0,1.4224020719528199,0,17,0,1.4477590322494507,0,20
95,0.17948563307893295,1.088045557339986,2,3,0,1.2839316470282418,0,17,0,1.2258152961730957,0,20
96,0,0.855111559232076,0,3,0,1.0403352975845337,0,8,0,0.956262297100491,0,17,0,1.1205931504567463,0,20
97,0.2868390422309422,0.7988017002741495,2,3,0,1.478722375981948,0,20
98,0.32714657238384454,0.8185722629229227,2,3,0,1.4662542740503948,0,12,0,1.3985348701477052,0,17,0,1.3895506858825684,0,20
99,25.201756753719536,0.8827771842479706,2,4,0.2200063021668621,0.859716018040975,2,7,27.265248475148237,0.8514076868693033,2,10,0.30095482636917836,1.3284392058849335,2,18,0.8190427193958696,1.0242067972819011,2,21,0,0.5453544139862061,0,66,0,0.7058771053949991,0,69
100,23.212507667530865,1.2262921571731566,2,5,0.5223485888619819,0.686667663710458,2,12,8.429968628838406,0.6955600380897522,2,15,0.2229350274813292,0.5728826948574611,2,22,12.109809562338052,0.9026592175165812,2,25,0.6155342071370994,0.9858348369598389,2,31,0.0312021133470979,1.2236629724502563,2,48,0.150783847067374,1.1224764585494995,2,51,44.591215955253155,1.0956541001796722,2,59
101,19.256165937902676,0.5921654105186462,2,3,0,1.294669681125217,0,12,0,1.368947410583496,0,17,0,1.3354865312576294,0,20
102,36.37450911921666,0.4614752255953275,2,13,0,0.6050474842389425,0,16,50.32340024801074,0.4733811393380165,2,20,0.10529869026505896,1.1016928950945537,2,26,7.053460230378799,0.33671677112579346,2,29,0.032293243454091736,1.3850273609161377,2,34,28.222524304377362,0.3202120479610231,2,43
103,0,1.16172194480896,0,3,0,0.7724364797274271,0,6,0,1.0132749478022258,0,9,0,0.5180264830589294,0,14,0,1.131105939547221,0,17,0,1.0060387015342713,0,27,0,1.0284599781036377,0,32,0.04356594736471337,1.3391280003956385,2,39,0,1.4126920223236084,0,44,0.026896234648898783,1.4460982169423784,2,58,0.03954921686945595,1.406848708788554,2,61
104,29.30752244547842,0.26148610313733417,2,3,0,1.0980349514219496,0,12,0,1.0683789730072022,0,17,0,1.083126187324524,0,20
105,21.668817827652667,0.8651684522628784,2,3,0,1.4484902487860785,0,12,0,1.4984891653060912,0,17,0,1.4773314793904622,0,20
106,18.48431831634078,1.0704775773561919,2,13,0,0.9383372068405151,0,16,0,1.0582470893859863,0,20
107,0.24192133177374064,1.7594946424166362,2,12,0.1645053048464917,1.635923941930135,2,15,0,0.257282161286899,0,29,0.7843001798270516,0.13870011766751608,2,32,0,0.18457366029421488,0,35,0,0.18937972063819566,0,47
108,21.76848072304376,1.4405521949132283,2,3,0,1.3409896691640217,0,6,0,1.443749731237238,0,17,0,1.4021282990773518,0,20
109,19.722465910195144,1.699760913848877,2,4,0,1.0829564332962036,0,17,0,1.208591341972351,0,20
110,0,0.6875802675882975,0,3,0,0.7274207671483358,0,9,0,0.7189467007463629,0,20
111,19.842584697710876,0.979248046875,2,5,0.023400733769341854,1.1874572038650513,2,8,20.09275924973909,0.9693087339401245,2,16,0,1.0958586633205414,0,20
112,43.13058455123176,0.24642338976264,2,12,0.03725201817580662,1.403368890285492,2,36
113,32.457362787124524,0.7838473320007324,2,8,0,1.228116340107388,0,17,0,1.4464561939239502,0,20
114,0,0.6795811057090759,0,3,0,0.7558813492457072,0,9,0,0.7721921042962507,0,20
115,0.17352778960019904,1.070322076479594,2,3,0,1.5835689306259155,0,17,0,1.5156355301539104,0,20
116,12.426628589427635,0.9423188209533692,2,5,1.7312959877228777,0.7014796932538351,2,11,0.508007915582901,1.316148817539215,2,23
117,34.97386073218429,0.5778869135039193,2,7,0,1.1055022875467937,0,10,0,1.1344653538295202,0,17,0,1.2780122359593709,0,20
118,19.587548632542408,0.880431592464447,2,4,0,1.2747705624653742,0,17,0,1.4823169708251953,0,20
119,20.169564920278493,1.0489317178726196,2,4,0,1.49623769063216,0,17,0,1.6981697877248128,0,20
120,1.3377061520351292,1.2618358135223389,2,3,0.7875828269879974,1.403255237473382,2,12,0,0.7423727065324783,0,20
121,36.17275503178656,0.9659131169319153,2,4,0,1.2805742208774273,0,17,0,1.3844904502232869,0,20
122,55.704958611762756,0.0398318866888682,2,6,85.05202902316731,0.028367186586062115,2,9,0,0.873114287853241,0,12,0,0.6862679719924927,0,17,0,0.7701172828674316,0,20
123,0,0.7234124342600504,0,3,0,0.8031108123915536,0,10,0,0.8082124829292298,0,20
124,0,0.7294515371322632,0,3,0,0.7915177004677909,0,10,0,0.8307857692241669,0,20
