0,1.1164541969819064,0.5228133201599121,2,3,35.67347113518409,0.6632008669631821,2,31
1,23.75222575111635,0.49447521567344666,2,10,0,0.9928705011095319,0,17,0,1.1788045167922974,0,20
2,18.327939829954268,0.4418055198409341,2,11,0,0.7584242423375448,0,14,0,0.578048050403595,0,17,0,0.6416765749454498,0,20
3,0.822434938718841,0.643229216337204,2,6,31.853574571032688,0.8204304342684539,2,29
4,8.590494957115206,1.1415667533874512,2,8,0,1.0505975484848022,0,11,0,1.0024725198745728,0,17,0,1.1228333711624146,0,20
5,0,0.7320280075073242,0,3,0,0.9000735680262247,0,9,0,0.8543011383576826,0,20
6,52.71731091281969,0.2738871765136719,2,25,41.494789273410355,1.6024543792009354,2,33
7,0,0.7877698739369711,0,3,0,0.9232796430587769,0,8,0,0.8798603713512421,0,20
8,0,0.822623093922933,0,3,0,0.9965738739286151,0,10,0,0.9679261088371277,0,20
9,8.023714986191054,1.3306514620780945,2,4,0,1.231100246310234,0,12,0,1.2394089698791504,0,17,0,1.2207295894622803,0,20
10,11.681289473970443,0.971541553735733,2,4,0,1.203371680699862,0,17,0,1.3015085458755493,0,20
11,18.06847379387789,0.8431800901889801,2,4,0,1.3780181774726281,0,17,0,1.4698559045791626,0,20
12,26.439805612941704,0.32920516153861734,2,29,1.8434110833687025,0.6222864133971078,2,36
13,9.662265693291717,1.0029650628566742,2,8,0,1.1726266145706177,0,11,0,1.2107016642888386,0,17,0,1.3919082880020142,0,20
14,0,0.7981050809224447,0,3,0,0.9072648627417428,0,10,0,0.88170006275177,0,20
15,5.578043993507531,0.8938754399617513,2,3,2.123801855767179,0.9322808980941772,2,9,47.13522677237678,0.10918115517672371,2,26,139.5010330563263,0.08437429865201314,2,29,200.30692027607995,0.0034654086286371403,1,40,131.29392993698758,0.0067898426204919815,1,48,2.0588136111537345,0.2804831067721049,2,51,135.29825152438076,0,0,54,0.07505221411026741,0.6035509506861368,2,57,152.31325808901053,0,0,61,7.002187861998606,0.15091285606225333,2,64,205.79090483451967,0.007883171240488688,1,82,72.84863577154786,0.26718636229634285,2,86,95.64391373981583,1.1077961921691895,2,89,0.054907477703101774,1.2305287917455037,2,92,121.09283271245714,1.7473795413970947,2,98,0.07210882801301569,0.8256128033002218,2,101,56.75618616697129,1.0556519031524658,2,106,134.14914258505516,0.1781559023592207,2,115
16,0,0.8814090291659037,0,3,0,1.147156286239624,0,8,0,1.1732614040374756,0,20
17,25.559207292435573,0.505989425948688,2,14,0,0.7963792284329733,0,20
18,25.512203374838933,0.5949122050534124,2,23,32.551622932041,0.6617867350578308,2,30
19,17.924489417555282,0.44688289761543276,2,5,0,1.268289049466451,0,8,0,1.3528967565960355,0,17,0,1.3552289803822835,0,20
20,17.97807873243737,0.9925083518028259,2,6,0,1.0623414733193137,0,17,0,1.2482906182607014,0,20
21,26.669820599844737,0.6337276697158813,2,7,0,1.2134926716486614,0,10,0,1.295731782913208,0,17,0,1.396682858467102,0,20
22,11.643599155816672,0.4114556163549423,2,14,0,0.9064309298992157,0,20
23,10.894570330789723,1.2013827860355377,2,4,0,1.1297229803525484,0,17,0,1.2386567989985149,0,20
24,0.07785262315078373,0.7838370402654012,2,3,0,1.2871322491589714,0,20
25,5.136344909590102,0.4929603636264801,2,3,0,1.3959486219618056,0,12,0,1.402928924560547,0,17,0,1.3141098419825237,0,20
26,8.761398080184877,0.7116104364395142,2,3,0,1.3618927399317424,0,6,0,1.4722316156734119,0,17,0,1.4016663630803425,0,20
27,0.0995724020547467,0.7991827328999838,2,3,0,1.489641375011868,0,12,0,1.5233810395002365,0,20
28,10.381892994151,0.6051185230414072,2,6,0,1.0517851005900989,0,17,0,1.1285546223322551,0,20
29,9.334539175658788,0.45133085548877716,2,6,0,1.0685306191444397,0,10,0,1.1005420344216483,0,17,0,1.225937008857727,0,20
30,44.27662916212662,1.8191376129786174,2,6,76.59889199706852,1.2609740893046062,2,12,94.32269050733848,0.35734394257483276,2,35
31,24.290018330013616,1.1891032258669536,2,12,0,0.8120585009455681,0,20
32,20.05515583990264,1.187613104070936,2,14,0,0.9930085142453512,0,20
33,38.69253750286526,0.7441587911711799,2,9,0,1.2031680237163196,0,20
34,0.0948024616831443,0.8349589506785074,2,3,0,1.2522952291700575,0,12,0,1.3657702505588531,0,16,0,1.2959162294864655,0,20
35,0.4268004451197831,1.0766017436981201,2,3,0,1.4990528992244176,0,10,0,1.4414145265306746,0,17,0,1.38077712059021,0,20
36,0.30465993993241564,0.8638861576716105,2,3,0,1.542016863822937,0,12,0,1.5178832054138183,0,17,0,1.4574143489201863,0,20
37,6.045688317426765,0.6972064018249512,2,5,0,1.3575814962387085,0,12,0,1.428801417350769,0,17,0,1.539202610651652,0,20
38,0.1368864267766862,0.8397338589032491,2,3,0,1.2678335772620306,0,12,0,1.1497800827026368,0,17,0,1.1413760979970295,0,20
39,10.971689874025351,0.8816859483718872,2,5,0,1.284840891758601,0,17,0,1.4492100874582927,0,20
40,69.86680296034548,0.21652562490531377,2,21
41,7.697481905549163,0.7473389863967895,2,5,0,0.9502112170060476,0,17,0,1.2053958972295125,0,20
42,19.099532600072823,1.1998632589975993,2,15,0,0.6578154861927032,0,20
43,34.186433792894626,0.632234200835228,2,4,0,1.2135631487919734,0,17,0,1.289925217628479,0,20
44,30.54716755729331,0.5575415160920885,2,18,38.761956136629514,0.4474868880850928,2,32
45,0.07767361736023676,0.8166719277699789,2,3,0,1.2573329210281372,0,11,0,1.302823007106781,0,17,0,1.2484264373779297,0,20
46,0,0.7199738820393881,0,3,0,0.8379096388816833,0,10,0,0.8586161375045777,0,20
47,0,0.8145016431808472,0,3,0,0.9878656148910523,0,8,0,1.014853964249293,0,20
48,0.23979763962911818,1.0079426368077595,2,3,0,1.3422090874777899,0,12,0,1.3626106977462769,0,17,0,1.2931185166041057,0,20
49,0,0.7926408052444458,0,3,0,0.9208476373127529,0,10,0,0.9525013089179992,0,20
50,37.15850933538703,0.39008792241414386,2,21
51,0,0.7161845962206522,0,3,0,0.8858933250109354,0,9,0,0.8360130786895752,0,20
52,0.3367078104888469,0.9317065874735514,2,3,0,1.664372271961636,0,12,0,1.600790524482727,0,17,0,1.5912866592407227,0,20
53,12.770932214155792,0.06688673421740532,2,4,0.5144439487125602,0.2924090623855591,2,7,15.021061760943796,0.033511598904927574,2,10,1.0426666476455109,0.21825440724690756,2,13,13.452945858492882,0.02949364483356476,2,21,0.07867121351995601,0.32224081953366596,2,24,119.20281367437893,0.38357495069503783,2,29,2.3115208986688365,0.38628963828086854,2,34,0.24693659556424952,0.44496387243270874,2,37,53.62640979673822,0.38540514558553696,2,53,0.06903727988796045,0.8935511708259583,2,58,49.12672763482324,0.6823368072509766,2,61,0.11401360780936026,0.8530003229777018,2,64,57.114245551311626,0.5858365058898926,2,74
54,0,0.9214241107304891,0,3,0,1.1246298750241597,0,9,0,0.971424785527316,0,20
55,83.35577436505716,0.5566436101992925,2,12,58.89483759654375,0.6066220124562581,2,27,1.4145849189579025,0.5960954229036967,2,33,17.63733435928131,0.3106948986649513,2,43,345.83765572609724,1.8658918417417085,2,56,248.90297379951883,1.7995682443891252,2,63,25.932560811450355,1.447398841381073,2,67,67.23569467289154,0.7373133103052775,2,76,1.2654956982358208,1.5878234969245062,2,85,78.18960913596625,1.3191837072372437,2,95
56,0.10298609243812035,0.7732804417610168,2,3,0,1.1312696271472507,0,12,0,1.1345123946666718,0,20
57,43.67876084137534,0.4103452048518441,2,11,61.841377812177974,0.3514813880125682,2,14,0,0.7406065861384074,0,20
58,0.2405738368204163,0.9217837651570638,2,3,0,1.0748575925827026,0,12,0,1.0055224657058717,0,17,0,0.90670112768809,0,20
59,4.941126923578117,0.9663920601209005,2,6,0,0.9836444060007731,0,9,0,1.0358702391386032,0,17,0,1.1255348523457844,0,20
60,18.41617287569849,0.849495142698288,2,12,0,0.8443814069032669,0,20
61,16.751791181164222,0.8298255205154419,2,5,0,0.693094735344251,0,17,0,0.8451321919759115,0,20
62,18.314626694703144,0.6670284469922384,2,3,0,1.5234317034482956,0,11,0,1.6067948937416077,0,17,0,1.5851802825927734,0,20
63,22.69663646712479,0.7679613679647446,2,24,19.273460936397537,0.8703631219409761,2,45
64,31.268937604050695,0.6657639507736478,2,28
65,0,0.9672571619351705,0,3,0,1.2738179365793865,0,9,0,1.2290458679199219,0,17,0,1.335342248280843,0,20
66,38.74682455138749,0.6713629904247466,2,21
67,13.96506929278667,0.7140214443206787,2,3,0,1.370154619216919,0,11,0,1.4233624339103699,0,17,0,1.2765167156855266,0,20
68,10.733528435061103,1.3991491794586182,2,4,0,1.2067811764203584,0,17,0,1.2989558776219685,0,20
69,22.343036438392243,0.40962349091257366,2,7,0,1.0090211629867554,0,10,0,1.0296918834958757,0,17,0,1.1331603129704793,0,20
70,23.64275867860016,0.782565678868975,2,7,0,1.1846917072931926,0,10,0,1.3577809504100256,0,17,0,1.4704644680023193,0,20
71,0,0.7192404667536417,0,3,0,0.806573246206556,0,10,0,0.8309826731681824,0,20
72,24.524730570991334,0.5064509681292942,2,7,0,1.1851857542991637,0,17,0,1.3005235989888508,0,20
73,26.10342367669993,1.024607464671135,2,24
74,0,0.9222397804260254,0,3,0,1.1823044538497924,0,8,0,1.1793844799200695,0,20
75,49.91784372587355,0.2570798893769582,2,3,0.4596170310893594,0.41468169788519543,2,6,79.60744454533571,0.27435453913428565,2,39,54.39534709495406,0.5446471691131591,2,49
76,69.09561370197487,0.6737977928585477,2,9,0,0.7648641467094421,0,12,0,0.6319748610258102,0,16,0,0.7610031962394714,0,20
77,0,0.8938754796981812,0,3,0,1.1595728993415833,0,9,0,1.0518369227647781,0,17,0,1.1528151035308838,0,20
78,13.217848127599913,1.138089668750763,2,10,0,0.8515422493219376,0,14,0,0.6687922676404318,0,17,0,0.7922506729761759,0,20
79,20.485480267995243,0.3965396583080292,2,3,0,1.1854179700215657,0,6,0,1.3549208424308083,0,17,0,1.3268865744272869,0,20
80,10.049685771507368,1.0639028946558635,2,3,58.798774617114425,1.826439795286759,2,26
81,10.986561355393212,0.251557569950819,2,4,0,1.1115792898031382,0,17,0,1.2487880786259968,0,20
82,0,0.7878137826919556,0,3,0,1.0065889358520508,0,9,0,0.9433684132315896,0,20
83,0.24193258766162504,0.8160011370976766,2,3,0,1.6487590339448717,0,12,0,1.616519522666931,0,17,0,1.5782009760538738,0,20
84,0,0.7920416990915934,0,3,0,1.0143990715344746,0,9,0,0.9479919997128573,0,20
85,38.70270992688148,1.1864787340164185,2,3,0,1.3944770495096843,0,6,0,1.3535151481628418,0,12,0,1.3476869344711304,0,17,0,1.3650953769683838,0,20
86,40.31312847083522,0.394293449819088,2,8,0,1.0119691292444866,0,17,0,1.1457972129185994,0,20
87,0,0.8469843069712321,0,3,0,1.070322823524475,0,8,0,1.0398742457230885,0,20
88,0,0.7206073999404907,0,3,0,0.7562135032245091,0,10,0,0.7860996842384338,0,20
89,26.50436402221362,0.70972990244627,2,8,0,1.270955761273702,0,20
90,32.980965846827424,0.2863920157154401,2,12,3.3326344183898926,0.5795468837022781,2,16,42.859907506108925,0.30449062160083223,2,23
91,77.21431373794033,0.6777990609407425,2,8,35.37968621665661,0.7913079460461935,2,11,18.83300876685068,0.85273677110672,2,17,4.236595604014649,0.8842944701512655,2,20
92,20.778037554212773,1.2273217886686325,2,16,0,1.1182146966457367,0,20
93,27.353432641715827,0.6904407143592834,2,36
94,24.945242846107217,0.3194725662469864,2,4,0,1.0230260170423067,0,17,0,1.1588575442632039,0,20
95,0.28244368365354044,0.9296227296193441,2,3,0,1.441747716494969,0,10,0,1.4699009656906128,0,17,0,1.4929872751235962,0,20
96,0.02783525220115633,1.1785739660263062,2,3,0,1.2911987164441276,0,20
97,0,0.6747346719106039,0,3,0,0.7851625170026507,0,10,0,0.7892656564712525,0,20
98,14.33704083632954,0.6568170189857483,2,5,0,1.110733022292455,0,17,0,1.2891637086868286,0,20
99,30.18674258315307,0.4697899454169803,2,9,49.843192136139926,0.3878815770149231,2,12,0,1.021350383758545,0,17,0,1.2341678539911907,0,20
100,6.450329728987079,0.7037736376126608,2,3,0,1.5243361393610637,0,12,0,1.4163312911987305,0,17,0,1.39077627658844,0,20
101,13.630676521428427,0.4183030625184377,2,3,22.706115297725688,0.41318412621816,2,6,0,1.2535754442214966,0,13,0,1.3483203053474426,0,17,0,1.4220661719640095,0,20
102,0.0754686272255934,0.7775687575340271,2,3,0,1.267682348980623,0,20
103,0.10466699666980345,0.8224396109580994,2,3,0,1.2652790811326768,0,12,0,1.2912856340408325,0,17,0,1.1781554619471233,0,20
104,20.091041597893028,0.9518263101577759,2,5,0,1.1450609862804413,0,17,0,1.2755484183629353,0,20
105,5.558328177440785,1.1563867330551147,2,6,0,0.9307769934336344,0,9,0,0.7815518751740456,0,17,0,0.8774651288986206,0,20
106,9.914754023774519,1.4583864957094193,2,8,0,1.205556141005622,0,17,0,1.3372048139572144,0,20
107,28.222124056527083,1.5001312494277954,2,3,0,1.2032731771469116,0,6,0,0.9453885772011497,0,17,0,1.1128768920898438,0,20
108,0,1.041329602400462,0,3,0,1.2442761262257893,0,9,0,1.0998560637235641,0,17,0,1.095126748085022,0,20
109,0,0.7318430344263712,0,3,0,0.791218774659293,0,10,0,0.8323068022727966,0,20
110,0,0.9005841414133707,0,3,0,1.1546303510665894,0,8,0,1.0656462510426838,0,17,0,1.213040550549825,0,20
111,0,0.7170476118723551,0,3,0,0.8510785500208536,0,9,0,0.8896321275017478,0,20
112,13.954455502620903,0.7843934297561646,2,4,0,0.9972318502572867,0,17,0,1.0365008115768433,0,20
113,18.778665963648766,0.43580015301704406,2,5,0,1.2462641894817352,0,17,0,1.3771800994873047,0,20
114,37.599213176134015,0.77936119556427,2,25
115,0.2296507621797821,0.781494140625,2,3,0,1.3156652980380588,0,12,0,1.278633213043213,0,17,0,1.1593196392059326,0,20
116,26.617677774059473,0.5843340754508972,2,6,0,1.259527412327853,0,17,0,1.484129508336385,0,20
117,8.181363215873091,0.386894424756368,2,6,0,1.0721883475780487,0,10,0,1.0456207309450423,0,17,0,1.210312048594157,0,20
118,68.87542994176808,0.7939714193344116,2,24
119,0,0.733400305112203,0,3,0,0.8042141880307879,0,10,0,0.8410334050655365,0,20
120,48.449642299080494,0.29767089811238373,2,22,38.41142284686919,0.41970339843205046,2,29
121,23.273570334108374,0.8950695196787516,2,3,0,1.6448033253351848,0,12,0,1.5746854305267335,0,17,0,1.5051711797714233,0,20
122,15.657617961317065,0.4696617007255554,2,20
123,0,0.8518388271331787,0,3,0,1.049123430252075,0,8,0,0.9888145128885905,0,20
124,0,0.8766667048136393,0,3,0,1.1182788848876952,0,8,0,1.1088467836380005,0,20
125,27.43871938515324,0.8630856990814209,2,5,0,1.5419246554374695,0,17,0,1.6993711392084758,0,20
126,0.30290807039820566,0.8975609938303629,2,3,0,1.5515249626977103,0,10,0,1.6062862362180437,0,17,0,1.4703469673792522,0,20
127,17.151968279724347,0.29772429664929706,2,6,0,1.3111343554088049,0,13,0,1.2626121044158936,0,17,0,1.3891257842381795,0,20
128,33.98366670783284,0.5712570995092392,2,4,0,1.3251370925169725,0,17,0,1.425969401995341,0,20
129,21.970840169357647,1.2953686714172363,2,3,0,1.3069389661153157,0,6,0,1.3970357504757969,0,17,0,1.293741782506307,0,20
130,17.989803307559047,1.0397187173366547,2,8,0,1.2261215249697368,0,20
131,25.31049871753262,0.5754288818155017,2,28
132,32.33296421810696,0.4460342973470688,2,4,0,1.281736474770766,0,17,0,1.3046633402506511,0,20
133,24.819537778836334,0.6246620565652847,2,4,0,1.4957928840930645,0,17,0,1.5991307497024536,0,20
134,0,0.8211738665898641,0,3,0,1.0742419163386028,0,9,0,1.0156375603242354,0,20
135,33.1200767853117,0.3478636642297109,2,3,50.21192782462167,0.30163872241973877,2,9,94.59926357098448,0.292897197107474,2,33,65.92508898769157,0.2589007868216588,2,46
136,11.37510801288737,1.1114918788274128,2,3,0,1.2225916385650635,0,6,0,1.4136859070171008,0,17,0,1.4182169437408447,0,20
137,26.390187617621013,0.2881671764232494,2,27
138,12.807343812639592,0.5404049058755239,2,6,0,1.379250943660736,0,10,0,1.4248212746211462,0,17,0,1.4885372320810955,0,20
139,15.957660940771131,0.5865152279535929,2,3,0,0.9860653612348769,0,12,0,0.9312567234039306,0,17,0,0.9070046345392863,0,20
140,0,0.8216248750686646,0,3,0,0.9882511893908182,0,9,0,1.0139762921766802,0,20
141,47.02363885383378,0.4803547203540802,2,15,63.58678204020472,0.5216677117347718,2,40,51.37090444676825,0.37467834082516754,2,51
142,0.12183306304970201,0.9833938280741373,2,3,0,1.3013904492060344,0,12,0,1.2786370754241942,0,17,0,1.1796681880950928,0,20
143,8.45780323915824,0.7435839374860128,2,3,0,1.448712362183465,0,12,0,1.285799241065979,0,17,0,1.2689361174901326,0,20
144,0,0.8565065662066141,0,3,0,1.0967432975769043,0,8,0,1.0415854454040527,0,11,0,1.0920461614926655,0,17,0,1.1781954367955525,0,20
145,40.676040799997196,0.38890841272142196,2,18,56.616699575728006,0.5237456758817037,2,21
146,5.618012008596878,0.4477079287171364,2,4,0,0.774832526842753,0,7,0,0.7394737203915914,0,13,0,0.8041671940258571,0,20
147,0,0.7822766701380411,0,3,0,0.9095021315983364,0,10,0,0.9097802877426148,0,20
148,13.714204863154594,0.9280182917912801,2,3,0,1.6540117412805557,0,11,0,1.6618741353352864,0,17,0,1.5908169746398926,0,20
149,37.33956107476484,0.2523272395133972,2,5,0,1.068057934443156,0,8,0,1.1606981886757746,0,17,0,1.1372723579406738,0,20
150,21.447352590184394,0.4778091013431549,2,3,0,1.3869189023971558,0,6,0,1.4738076708533547,0,17,0,1.4161406358083088,0,20
151,0,0.6347192128499349,0,3,0,0.6916183233261108,0,9,0,0.9590232047167692,0,20
152,8.930548704207045,1.0177875757217407,2,6,0,0.8243781129519144,0,9,0,0.7607074752449989,0,17,0,0.8920930425326029,0,20
153,80.88236112760214,0.07441993846612818,2,17,0.19939760136195367,0.5406359235445658,2,20
154,0,1.0321483214696248,0,3,0,1.2502977848052979,0,9,0,1.0921359062194824,0,20
155,35.22510585532656,0.1757018742236224,2,11,0,0.9197904467582703,0,14,0,0.7053220868110657,0,17,0,0.7940393090248108,0,20
156,13.49506357541184,1.2233574241399765,2,8,0,1.2567576964696248,0,17,0,1.3152315616607666,0,20
157,0.290079861500691,1.156517465909322,2,3,0,1.4989970581872123,0,17,0,1.4502087434132893,0,20
158,0.29744619717715504,0.9228367408116659,2,3,0,1.6665375232696533,0,12,0,1.5632753133773805,0,17,0,1.5215579271316528,0,20
159,2.3345140252810364,0.7291834453741709,2,6,0,1.3828521750190041,0,17,0,1.5671419302622478,0,20
160,27.348772512925095,0.8990026414394379,2,4,0,1.180759888428908,0,17,0,1.3596678972244263,0,20
161,0,0.775138239065806,0,3,0,0.9594012101491293,0,9,0,0.9937561858784069,0,20
162,37.190170300015595,0.5881211246762957,2,7,0,1.0979542136192322,0,17,0,1.2916733026504517,0,20
163,0,0.9110268553098043,0,3,0,1.19518883228302,0,8,0,1.1480815410614014,0,11,0,1.1654979983965557,0,17,0,1.2559642791748047,0,20
164,19.77639953069301,0.988157312075297,2,3,1.7456051127478198,1.0679575949907303,2,11,25.249219937089794,0.6633983353773752,2,17,37.745512114164775,0.6613637043370141,2,35
165,0,0.9334225257237753,0,3,0,1.1662275075912476,0,8,0,1.1388868689537048,0,20
166,0.29684159887112044,1.092426061630249,2,3,0,1.5141007237964206,0,12,0,1.4645301580429078,0,17,0,1.4703603982925415,0,20
167,24.763199446561945,0.6229130583150047,2,14,0,0.7754501601060232,0,20
168,0,0.9060439666112264,0,3,0,1.1817256212234497,0,8,0,1.1146517329745822,0,17,0,1.217860500017802,0,20
169,0,0.7154478232065836,0,3,0,0.8414257764816284,0,10,0,0.8625482201576233,0,20
170,0,0.8498184084892273,0,3,0,1.0853654623031617,0,8,0,1.0117281013064914,0,17,0,1.1266320149103801,0,20
171,0,0.9028013547261556,0,3,0,1.197056198120117,0,8,0,1.084906538327535,0,11,0,1.1089031497637432,0,17,0,1.2268993059794109,0,20
172,25.958433656213852,0.5042549908161164,2,5,0,0.5927175680796305,0,17,0,0.8183140357335409,0,20
173,16.054600999226317,0.22126617841422558,2,8,0,1.2462939023971558,0,12,0,1.188907837867737,0,17,0,1.4303818941116333,0,20
174,54.95737060802219,0.4188597628048488,2,7,116.9834239238036,0.3557984105178288,2,14,39.340213442966146,1.0954115688800812,2,18,27.314855258494585,1.049392561117808,2,30
175,30.613138240411008,1.1162430346012115,2,4,0,1.170005977153778,0,12,0,1.180178952217102,0,17,0,1.2775701681772869,0,20
176,13.756114404702629,1.1947195529937744,2,5,0,1.3838814596335094,0,17,0,1.6300799051920574,0,20
177,103.74333645996903,0.349754200740294,2,22
178,21.32551858342253,0.7679682724616107,2,17,0.765713043782097,0.7629174987475077,2,20
179,0,0.8625499804814657,0,3,0,1.146324634552002,0,8,0,1.058242400487264,0,11,0,1.0870869557062786,0,17,0,1.1933459440867107,0,20
180,18.004675709389836,1.1398654222488402,2,5,0,1.1474221646785736,0,17,0,1.331019639968872,0,20
181,42.46639045769123,0.6213579738841337,2,17,0,1.3819574912389119,0,20
182,26.592085943511282,0.6368309685162136,2,7,0,1.1332335074742634,0,10,0,1.1664116382598877,0,17,0,1.246138612429301,0,20
183,29.684718029755576,0.6365556929792676,2,14,0,0.7526600360870361,0,20
184,26.220052825443325,0.6538593769073486,2,20
185,15.481478672911988,0.28322403345789227,2,14,663.0465201164537,0.020649769476481845,2,21,32.064348016293096,0.5407038529713949,2,24,5.658595031045965,0.5133370359738668,2,30,15.036389731462537,0.4950399100780487,2,34,0.6571943440008704,0.8321854472160339,2,40,4.6135123168415735,0.46227210760116577,2,43,9.679308101884395,0.38472492098808286,2,48,0.0378383819240986,0.9820592800776163,2,51,8.642875226837724,0.40198864539464313,2,54,0.6809666913223719,0.5703175663948059,2,57,20.363100634775613,0.32741311819929825,2,76,10.31736178491361,0.2551692724227905,2,79,1.8668234943634907,0.381089448928833,2,82,6.991092149874222,0.2432220975557963,2,85,11.482571612640527,0.2637324519455433,2,89,27.070112814528365,0.3522157520055771,2,105,1.3018925526316978,0.9597426255544027,2,108,0.9211390937218233,0.9766649007797241,2,117,114.18504274775728,0.41738199958434474,2,130
186,0,0.815175861120224,0,3,0,1.0657240152359009,0,9,0,1.0271267890930176,0,14,0,0.9526411294937134,0,17,0,1.0260037581125896,0,20
187,20.989455820105633,1.4960697889328003,2,3,0,1.3857750466891698,0,17,0,1.3195948998133342,0,20
188,42.70082554564509,1.407802939414978,2,4,0,1.4539030343294144,0,12,0,1.505305004119873,0,17,0,1.605211853981018,0,20
189,0,0.8144509792327881,0,3,0,0.989928024155753,0,10,0,0.9918784856796264,0,20
190,29.406319178938396,0.21772050485014915,2,8,57.34170666671969,0.16678810119628906,2,11,0,0.9815185070037842,0,14,0,0.8323538402716318,0,20
191,28.207299334921483,0.6326174480574471,2,7,0,1.3379887739817302,0,10,0,1.4359737634658813,0,17,0,1.5536868174870808,0,20
192,0.26594467343308864,0.82939346631368,2,3,0,1.484292941434043,0,17,0,1.424293080965678,0,20
193,0.33272109908579295,0.9332032799720764,2,3,0,1.5259128510951996,0,11,0,1.4893545111020405,0,17,0,1.414135177930196,0,20
194,14.55207929797647,0.5697179436683655,2,5,0,0.8364607890446981,0,8,0,0.7722988327344259,0,17,0,0.8318972587585449,0,20
195,7.215033127705345,0.8667842348416647,2,6,0,0.9068608283996582,0,17,0,0.9759835402170817,0,20
196,0.17361602567862305,0.6693013111750284,2,3,0,0.9120776388380263,0,12,0,0.9234898686408997,0,16,0,0.9248047769069672,0,20
197,0,0.6399512887001038,0,3,0,0.765047299861908,0,8,0,0.7076279520988464,0,11,0,0.7811353140407138,0,20
198,13.68116599504929,0.6242395809718541,2,7,0,1.0941800673802693,0,10,0,1.037724222455706,0,17,0,1.0772967338562012,0,20
199,20.73012268983708,1.058513879776001,2,5,0,1.0371912618478139,0,17,0,1.2051674922307332,0,20
200,0.2860388550751834,0.9049310485521952,2,3,0,1.515252138887133,0,17,0,1.4159241517384846,0,20
201,0,0.7323260307312012,0,3,0,0.8548089265823364,0,9,0,0.8604363636537031,0,20
202,0,0.8857371807098389,0,3,0,1.1681907415390014,0,8,0,1.0314444303512573,0,11,0,1.072067419687907,0,17,0,1.2095675865809123,0,20
203,10.14006483979418,0.4507588744163513,2,3,0,0.8992242680655586,0,12,0,0.8744642734527588,0,17,0,0.9216628869374593,0,20
204,29.325256784544855,1.249356746673584,2,4,0,1.151241476719196,0,17,0,1.2770545879999797,0,20
205,17.94918692433741,0.8691703539628249,2,13,0,0.9013844217572894,0,20
206,16.94629786684213,1.0002576112747192,2,3,0,1.2347710529963176,0,6,0,1.2623331546783447,0,17,0,1.2178879976272583,0,20
207,22.357520978259902,0.5863072514533997,2,5,0,0.9867040663957596,0,13,0,1.0282776057720184,0,17,0,1.119938055674235,0,20
208,9.298170596334232,1.0975221633911132,2,5,0,1.0793155829111736,0,17,0,1.240213950475057,0,20
209,0.06914010966834758,0.7117486794789633,2,3,0,1.1526640123791165,0,12,0,1.1678676158189774,0,20
210,0,0.8278546730677286,0,3,0,0.9435186783472697,0,9,0,0.8769743550907482,0,20
211,0,0.901301364103953,0,3,0,1.194963812828064,0,8,0,1.089985688527425,0,11,0,1.1138304869333904,0,17,0,1.2280197540918987,0,20
212,0,0.5720962882041931,0,3,0,0.6104696563311985,0,10,0,0.6021962225437164,0,20
213,0,0.6995195945103964,0,3,0,0.7871150118964059,0,10,0,0.8016582071781159,0,20
214,0,1.0061471859614055,0,3,0,1.2813806772232055,0,8,0,1.3015997807184856,0,20
215,29.274120656952082,0.702431933446364,2,22
216,102.74981221954249,0.11641376533291557,2,22
217,16.427484862734627,0.6150237321853638,2,8,0,1.0230613549550374,0,11,0,0.9929320017496744,0,17,0,1.1400165160497029,0,20
218,26.005641455118756,1.1524248634065901,2,7,0,1.2353754410376916,0,20
219,37.7698141613742,1.4223723941379123,2,9,0,0.9228910605112711,0,12,0,0.8867937803268433,0,17,0,1.1214675903320312,0,20
220,25.995022633250006,0.4718720614910126,2,8,0,1.07596222559611,0,17,0,1.2814747492472331,0,20
221,0.30130085891096425,1.0691452821095784,2,3,0,1.4884397586186726,0,6,0,1.4927594463030498,0,12,0,1.4329370975494384,0,17,0,1.455483078956604,0,20
222,0,0.9346509575843811,0,3,0,1.1435813903808594,0,8,0,1.08884193499883,0,20
223,23.554393914276993,1.043705129623413,2,5,0,1.2551731041499548,0,12,0,1.2130124807357787,0,17,0,1.2744366725285847,0,20
224,0.46130110762393395,0.776771734158198,2,3,0,1.5421636956078666,0,17,0,1.4734456539154053,0,20
225,0,0.815421462059021,0,3,0,1.045393419265747,0,8,0,1.024621605873108,0,11,0,1.0654658079147339,0,17,0,1.1237123012542725,0,20
226,0,0.9187742471694946,0,3,0,1.22412850856781,0,8,0,1.1116533279418945,0,11,0,1.1330978870391846,0,17,0,1.2561015685399373,0,20
227,22.177328522265064,0.6144870440165202,2,15,0,1.1082969665527345,0,20
228,27.00367689933702,0.6393967408400315,2,13,0,0.9243955952780587,0,20
229,34.69014811926938,0.7153177261352539,2,3,0,1.2539706230163574,0,6,0,1.2166102528572083,0,12,0,1.1918748378753663,0,17,0,1.2535961866378784,0,20
230,0,0.7600350379943848,0,3,0,0.9024022477013725,0,10,0,0.9201720476150512,0,20
231,15.68583188897933,0.3300197273492813,2,4,0,0.9789762130150428,0,17,0,1.0217442115147908,0,20
232,0,0.9557068546613058,0,3,0,1.2387197732925415,0,8,0,1.254913290341695,0,20
233,0,0.8301805853843689,0,3,0,1.0812283515930177,0,8,0,1.124639759461085,0,20
234,22.24919303977062,0.909552276134491,2,14,0,1.0021254420280457,0,20
235,26.2688249796078,0.39025049408276874,2,6,0,1.2865618637629919,0,13,0,1.314648151397705,0,17,0,1.4002775351206462,0,20
236,0,0.8551251490910848,0,3,0,1.0632416009902954,0,8,0,1.0422267119089763,0,20
237,25.88754695251527,0.8307813853025436,2,16,0,1.1739521622657776,0,20
238,18.98538271931873,0.7125101804733276,2,25
239,88.80803400580768,0.8570630387826399,2,22,190.36486360297278,0.7678945362567902,2,26
240,23.888895247596754,0.7456087415868585,2,11,0,0.7673295537630717,0,14,0,0.6200975974400839,0,17,0,0.6794783075650533,0,20
241,0,0.8967848618825277,0,3,0,1.1756169319152832,0,8,0,1.1910954018433888,0,20
242,11.620668560911438,0.36249838024377823,2,4,0,1.2102907995382945,0,16,0,1.3721190392971039,0,20
243,14.811455971855688,0.7302072048187256,2,3,0,1.1722524960835774,0,6,0,1.1426659027735393,0,12,0,1.0524652242660522,0,17,0,1.1089589198430378,0,20
244,23.959777784429548,0.9992192586263021,2,3,0,1.4739789565404255,0,6,0,1.597213864326477,0,11,0,1.604740560054779,0,17,0,1.4864448706309001,0,20
245,0.1080100071090441,0.6423325339953104,2,3,0,1.256208394254957,0,17,0,1.1283320188522339,0,20
246,0.22561474922572508,1.0507918993632,2,3,0,1.622739593187968,0,12,0,1.6025367975234985,0,17,0,1.5189484755198162,0,20
247,28.26567033710712,1.4635652133396693,2,7,0,1.143519218151386,0,20
248,17.846357298904756,1.0265946984291077,2,20
249,7.663456531572013,1.4367963075637817,2,5,0,0.9653095404307047,0,17,0,1.095815380414327,0,20
250,0,0.9117578268051147,0,3,0,1.2408620834350585,0,8,0,1.0835760633150737,0,20
251,0,0.9375225702921549,0,3,0,1.1044325590133668,0,8,0,0.9937300483385721,0,20
252,7.169604588722712,1.0386388103167217,2,6,0.026565224485795916,0.1445142741386707,2,19,22.91448201889221,0.7996050119400024,2,24
253,0,0.8613835374514262,0,3,0,1.0572957038879394,0,8,0,0.9812693463431464,0,17,0,1.1430713335673015,0,20
254,0,0.6423366864522299,0,3,0,0.7200286303247724,0,10,0,0.7426705837249756,0,20
255,0,0.733400305112203,0,3,0,0.8042141880307879,0,10,0,0.8410334050655365,0,20
256,14.566679391874393,0.9843273758888245,2,14,0,0.600496381521225,0,17,0,0.6513526638348898,0,20
257,28.224683158397934,0.5967172980308533,2,3,0,1.4548921187718709,0,6,0,1.5076073191382668,0,17,0,1.4193629026412964,0,20
258,0,0.8082683086395264,0,3,0,1.056115698814392,0,8,0,0.9793611367543539,0,11,0,0.9877593914667765,0,17,0,1.040469725926717,0,20
259,24.711618985554768,0.5548655348164695,2,7,0,0.9514703750610352,0,10,0,1.0819283383233207,0,17,0,1.2015811602274578,0,20
260,0,0.78292183081309,0,3,0,0.990800142288208,0,9,0,0.9771631509065628,0,17,0,1.0677679379781086,0,20
261,62.64350326188777,0.006781475245952606,1,10,118.95475190842907,0.024629538257916767,2,52,143.97816189501427,0.07273873190085094,2,70,12.373633305648273,0.21191519796848296,2,75,2.0503097450597707,0.23227523267269135,2,85,29.985242344425803,0.18128941357135772,2,90,0.5746037676551685,0.3297289252281189,2,105,40.59972758598639,0.0931246429681778,2,116,123.54748281310954,0.03567963615059853,2,136
262,46.063762357225556,0.4731211108820779,2,35
263,0,0.8855186700820923,0,3,0,1.1851478815078735,0,8,0,1.0398566325505574,0,20
264,34.3046580276898,0.6254130601882935,2,4,0,1.3556663806621845,0,17,0,1.5163116455078125,0,20
265,31.87067312305578,1.6686771214008331,2,4,21.4177316472096,1.5452506144841511,2,7,2.3769673866609713,0.811336358388265,2,10,1.377872037837958,0.7536247372627258,2,14,50.44304986873906,1.632320523262024,2,26,66.96338567903592,1.6762226074934006,2,34
266,26.750597942389774,0.6956075429916382,2,6,0,1.3645674098621716,0,17,0,1.5609553654988606,0,20
267,15.94513824514823,0.7220233082771301,2,7,0,1.2658559560775757,0,17,0,1.424628734588623,0,20
268,0,0.7695242563883463,0,3,0,0.9243803739547729,0,8,0,0.9277789493401846,0,20
269,86.57607079074177,0.3889691638095038,2,14,157.41540591142498,0.3663528561592102,2,17,0,0.9741074840227762,0,20
270,9.596351984364619,1.4059612552324932,2,6,0,1.3795703216032549,0,17,0,1.5490572452545166,0,20
271,0,0.7595172127087911,0,3,0,0.8975775718688965,0,8,0,0.782444695631663,0,17,0,0.9136989911397299,0,20
272,0.30692928961114513,0.7750293612480164,2,3,0,1.369630840089586,0,12,0,1.3175946950912476,0,17,0,1.2916371424992878,0,20
273,11.45511750170723,0.5574313799540201,2,6,0,0.9983436302705244,0,17,0,1.115523338317871,0,20
274,17.430597136229267,1.0912259817123413,2,4,0,1.1616983046898475,0,17,0,1.2837323347727458,0,20
275,0,0.8965721925099691,0,3,0,1.1170512437820435,0,8,0,1.0558768113454182,0,17,0,1.1974868774414062,0,20
276,0,1.0282483100891113,0,3,0,1.2587431430816651,0,8,0,1.1141695181528728,0,20
277,0.2907819041429277,0.7991485595703125,2,3,0,1.1644418372048273,0,12,0,1.1160006761550902,0,17,0,1.0452338457107544,0,20
278,0.3091415963928287,0.7275813023249308,2,3,0,1.4392232629987929,0,12,0,1.4478225231170654,0,17,0,1.3818792899449666,0,20
279,0,0.7024373610814413,0,3,0,0.7823263917650495,0,10,0,0.7808209598064423,0,20
280,8.395012043649624,0.8484911123911539,2,6,0,1.1981917917728424,0,10,0,1.1218199389321464,0,17,0,1.2062658071517944,0,20
281,21.18124434676615,1.3873334725697835,2,9,0,1.2120387120680376,0,20
282,0.15948352058650828,0.7615424791971842,2,3,0,1.3831170267528958,0,12,0,1.2746569067239761,0,20
283,30.304550715165092,0.47885369062423705,2,5,0,0.7772486209869385,0,17,0,1.0281014839808147,0,20
284,0.22004809561959196,1.0080942710240681,2,3,0,1.505246788263321,0,11,0,1.5962953766187031,0,17,0,1.462768276532491,0,20
285,34.01552719713166,0.6364433467388153,2,6,0,1.4699949026107788,0,17,0,1.6573839982350667,0,20
286,0.37143140227409993,0.5966282288233439,2,3,0,1.0661245669637407,0,17,0,0.9993921915690104,0,20
287,14.950426758283658,0.285785215596358,2,6,0,1.1346226632595062,0,10,0,1.1243694509778703,0,17,0,1.2150801817576091,0,20
288,28.380244854713435,0.7150714159011841,2,5,0,0.8644935290018717,0,8,0,1.0012580156326294,0,17,0,1.141230861345927,0,20
289,0,0.6611880660057068,0,3,0,0.7523021953446525,0,10,0,0.7568617343902588,0,20
290,0.33240300200344886,0.8457534313201904,2,3,0,1.5454456891332353,0,17,0,1.442340890566508,0,20
291,1.517225182208244,0.6913630465666453,2,6,0,1.359650265086781,0,17,0,1.5659511089324951,0,20
292,0,0.8032888968785604,0,3,0,0.9213142735617501,0,10,0,0.8818605422973633,0,20
293,0.252869866797196,0.8453060189882914,2,3,0,1.3345000318118505,0,17,0,1.2568731307983398,0,20
294,0,0.7609613339106241,0,3,0,0.8273913562297821,0,9,0,0.8023532899943265,0,20
295,0.17649409051962528,1.041153907775879,2,3,0,1.3168124755223591,0,12,0,1.2464123725891114,0,17,0,1.1243443886439006,0,20
296,0,0.850700855255127,0,3,0,1.0890977382659912,0,8,0,1.1096340517203014,0,20
297,0.2312264934761852,1.1234877109527588,2,3,0,1.5118953330176217,0,17,0,1.4367243846257527,0,20
298,0,0.9248944322268168,0,3,0,1.1870800018310548,0,8,0,1.116732570860121,0,17,0,1.2479963699976604,0,20
299,28.189089325246776,0.5239855968035184,2,13,0,0.922295331954956,0,16,0,1.0559927225112915,0,20
300,0,0.8600267569224039,0,3,0,1.117975926399231,0,8,0,1.0867373148600261,0,11,0,1.1271845897038777,0,17,0,1.2045276959737141,0,20
301,16.2117110175783,0.9222854773203532,2,3,0,1.2398365586996078,0,11,0,1.2649731834729512,0,17,0,1.149574836095174,0,20
302,12.73178833458947,0.7207025800432477,2,7,0,1.1822428703308105,0,10,0,1.2644241196768624,0,17,0,1.3666617075602214,0,20
303,0,0.9334225257237753,0,3,0,1.1662275075912476,0,8,0,1.1388868689537048,0,20
304,34.91644849712184,0.08311706284681956,2,3,3.9999193816990455,0.12774444123109183,2,6,40.70356401947438,0.010560696775263006,1,17,0.6832564801220808,0.3995184898376465,2,20,61.349311029763506,0.018439700206120808,1,23,0.04020684744753942,0.5275559306144715,2,28,57.74995344307166,0.019418109208345413,1,40,0.8059157016678431,0.24567671616872153,2,43,58.39259387179545,0.008991280198097229,1,53,0.8972215464130835,0.29911913474400836,2,56,59.48204474896311,0,0,59,0.0386289767501381,0.27872573733329775,2,64,76.3014943520066,0.03815724700689316,2,68,0.8346003252804545,0.21214422583580017,2,71,53.09011041855585,0.014410840347409248,1,87
305,7.38931301682989,0.7375384966532389,2,3,0,1.3229540437459946,0,11,0,1.3277872800827026,0,20
306,47.65663291871084,0.6957362840572993,2,12,0,1.0980422019958496,0,17,0,1.2416722377141316,0,20
307,27.432312212939877,0.47436853051185607,2,5,0,1.4372611741224925,0,17,0,1.6107929547627766,0,20
308,39.82131771645329,1.0830299854278564,2,4,0,1.168112195455111,0,17,0,1.4138545592625935,0,20
309,10.57686645329811,1.1297672589619954,2,3,0,1.1642845074335735,0,6,0,1.3177155256271362,0,17,0,1.317386269569397,0,20
310,0.0533549209450357,0.8291311661402384,2,3,0,1.2773737556794111,0,20
311,0.35052982900241925,1.0419634183247883,2,3,0,1.5403776168823242,0,11,0,1.531943400700887,0,17,0,1.5232880115509033,0,20
312,0.4295633255836692,0.8941846489906311,2,3,0,1.6356347458703178,0,10,0,1.6203972697257996,0,20
313,20.378028706490998,0.40886931866407394,2,12,0,0.8166899755597115,0,20
314,0,0.8671645621458689,0,3,0,1.1605790853500366,0,9,0,1.0209631378000432,0,20
315,24.042464675025403,0.35561198368668556,2,8,0,1.0894080996513367,0,12,0,1.0033686637878418,0,17,0,1.217921495437622,0,20
316,28.385757131348548,0.6721897522608439,2,3,0,1.0601807832717896,0,11,0,1.1176529328028362,0,17,0,1.0754789113998413,0,20
317,0.2334583019064434,0.7556823988755544,2,3,0,1.375360082177555,0,20
318,0,0.9027215441068014,0,3,0,1.2016252517700194,0,8,0,1.0376303891340892,0,20
319,0,0.6675339937210083,0,3,0,0.7576701470783779,0,10,0,0.7780907928943634,0,20
320,0,0.8656140565872192,0,3,0,1.1092126965522766,0,9,0,1.0067481249570847,0,17,0,1.1135636170705159,0,20
321,39.34627725498299,1.241137941678365,2,6,0,1.0940833687782288,0,10,0,1.3253165824072701,0,17,0,1.456769347190857,0,20
322,4.452431436618233,0.5167978803316752,2,3,0,0.9247699975967407,0,12,0,0.8989869117736816,0,17,0,1.0048500299453735,0,20
323,28.3304725457035,0.5425633915833065,2,7,0,1.0363878806432087,0,10,0,1.057724118232727,0,17,0,1.197412133216858,0,20
324,0,0.8360364039738973,0,3,0,1.0173163890838623,0,8,0,0.8770913779735565,0,20
325,10.788543054442242,0.7065083583196005,2,3,23.794523000893598,0.7168333381414413,2,7,0,1.136462410291036,0,10,0,1.1177162726720173,0,13,0,0.9321024715900421,0,17,0,1.0788578589757283,0,20
326,15.46182639563709,0.28383994698524473,2,5,0,1.2048287789026897,0,17,0,1.2107653617858887,0,20
327,12.820233949990955,0.8725935717423757,2,12,0,0.9455204248428345,0,17,0,1.140188455581665,0,20
328,33.16595502145577,0.7255645394325256,2,3,0,1.3923999411719186,0,17,0,1.355310360590617,0,20
329,21.71225957260317,0.8156512578328451,2,9,0,0.98708442846934,0,12,0,0.944714617729187,0,17,0,1.1685676574707031,0,20
330,10.665428802837782,0.8096119165420532,2,3,0,1.3893057240380182,0,12,0,1.3429088592529297,0,17,0,1.261318564414978,0,20
331,25.410906458831246,0.958353598912557,2,3,0,1.2590856552124023,0,6,0,1.3911827477541836,0,17,0,1.2969995737075806,0,20
332,0,0.8810069561004639,0,3,0,1.0906297445297242,0,8,0,1.1177584330240886,0,20
333,25.200175166754715,0.5906929704878066,2,9,0,0.9868164857228597,0,12,0,0.8501322269439697,0,17,0,1.0651775598526,0,20
334,24.603031806651604,0.4633175598250495,2,9,35.03220303261736,0.4227075179417928,2,12,0,0.9192083875338236,0,15,0,1.0159600257873536,0,20
335,18.027067145245592,0.4015507868358067,2,7,0,1.159967263539632,0,10,0,1.1698000941957747,0,17,0,1.2286913792292278,0,20
336,0,0.6474747260411581,0,3,0,0.7262648003441947,0,10,0,0.7481910824775696,0,20
337,32.974361037946565,0.8944190740585327,2,5,0,1.273684988419215,0,17,0,1.5514864524205525,0,20
338,19.879135472760893,0.41318443417549133,2,5,0,1.116911252339681,0,8,0,1.1247839132944744,0,17,0,1.1805981794993083,0,20
339,0,0.791381319363912,0,3,0,1.0009373823801677,0,9,0,1.0517193187366833,0,20
340,21.342987618517178,0.5367682711644606,2,11,0,0.8616495331128439,0,14,0,0.7133508721987406,0,17,0,0.841573695341746,0,20
341,0,0.8476620515187582,0,3,0,1.0342426776885987,0,8,0,1.0444308817386627,0,20
342,54.6525411591852,0.15774994964400926,2,12,0.9334113827932328,1.3072956800460815,2,18,48.553515572258476,0.08202701149617925,2,52
343,0,0.753169854482015,0,3,0,0.9443015257517496,0,9,0,0.8943414796482433,0,20
344,24.538515001880665,1.0456805676221848,2,8,0,1.0982405344645183,0,11,0,1.1494646271069844,0,17,0,1.3247353633244832,0,20
345,0,0.8132858673731486,0,3,0,1.0338356256484986,0,8,0,0.9996805489063263,0,20
346,26.764120825136963,0.9186278689991344,2,11,0,0.7576603492101034,0,14,0,0.7245795130729675,0,17,0,0.9378443559010824,0,20
347,23.2462575380246,0.9802679022153219,2,12,0,0.6845661997795105,0,17,0,0.806421955426534,0,20
348,25.25760671896856,0.9433906555175782,2,10,0,0.6864023208618164,0,14,0,0.5744043389956156,0,17,0,0.6626411477724711,0,20
349,21.934773375074283,1.0234705550330025,2,7,0,1.2858257651329041,0,17,0,1.4830344518025715,0,20
350,15.604097801717291,1.3750966548919679,2,5,0,1.085466315348943,0,17,0,1.2746262947718303,0,20
351,27.78061209051243,1.0917328238487243,2,10,0,1.2178378445761544,0,17,0,1.4602661927541096,0,20
352,33.07897756843715,0.6770158665520805,2,7,0,0.9269992113113403,0,10,0,0.9418222052710397,0,17,0,1.1165618896484375,0,20
353,28.618267775624428,0.4998386914913471,2,13,70.31995523929683,0.365988032023112,2,28,31.998591136987827,0.4042292982339859,2,32
354,22.435226186715845,0.44582128524780273,2,10,0,0.7963813245296478,0,14,0,0.6573435664176941,0,17,0,0.7636327544848124,0,20
355,0.21851079137235743,0.9730370839436849,2,3,0,1.4450660811530218,0,12,0,1.404714870452881,0,17,0,1.3203434944152832,0,20
356,11.700396420554945,0.9618864297866822,2,5,0,1.1797124842802684,0,17,0,1.4430375893910725,0,20
357,12.334556346307787,0.36338589787483216,2,5,0,0.9933680494626363,0,17,0,1.1071402629216511,0,20
358,0,0.6800435384114584,0,3,0,0.6786883771419525,0,9,0,0.6706783067096364,0,20
359,0.130969645426885,0.8650627136230469,2,3,0,1.5054389659096212,0,20
360,0,0.5870220065116882,0,3,0,0.63277838911329,0,10,0,0.6212707877159118,0,20
361,37.834427281465565,0.21895926970022697,2,27
362,32.258907539578225,0.9842724970408848,2,7,0,0.9972137610117594,0,10,0,1.0118327651705061,0,17,0,1.115431547164917,0,20
363,0,0.8585022290547689,0,3,0,1.1331880688667297,0,9,0,1.0179081938483499,0,20
364,23.000652680064423,1.0638628005981445,2,5,0,1.10150412718455,0,17,0,1.2748860915501912,0,20
365,13.843835098927913,0.5556908760751996,2,7,0,0.8990287383397421,0,10,0,0.9680554866790771,0,17,0,1.1277750730514526,0,20
366,17.597653590379004,0.9009370088577271,2,5,0,0.9639179011185964,0,17,0,1.1011258363723755,0,20
367,0,0.9094165563583374,0,3,0,1.1024531324704487,0,9,0,1.0754309675910256,0,20
368,0,0.8862342834472656,0,3,0,1.171478533744812,0,8,0,1.0675519307454426,0,11,0,1.0967381596565247,0,17,0,1.2085024515787761,0,20
369,15.788389542690144,0.7522862752278646,2,3,0,1.1240379015604656,0,6,0,1.1976614594459534,0,12,0,1.2364471673965454,0,17,0,1.1701515118281047,0,20
370,23.817512105458647,0.8674503167470297,2,9,0,1.1094601154327393,0,12,0,0.9490585327148438,0,16,0,1.0830686390399933,0,20
371,0,0.9003941814104716,0,3,0,1.194556427001953,0,8,0,1.143290917078654,0,11,0,1.1592018008232117,0,17,0,1.2509631315867107,0,20
372,0,0.8996978600819906,0,3,0,1.1356555223464966,0,8,0,1.0682510667377048,0,17,0,1.21653413772583,0,20
373,22.050214397020554,0.47740326076745987,2,4,0,1.085390301851126,0,17,0,1.1743978261947632,0,20
374,0,0.9740524291992188,0,3,0,1.1757288455963135,0,8,0,1.0840197304884593,0,20
375,0,0.7172929644584656,0,3,0,0.8866261045138041,0,9,0,0.850587703964927,0,20
376,40.09913502937649,0.6408462822437286,2,8,0,1.2401596042844985,0,17,0,1.5135308504104614,0,20
377,22.191734977251983,0.5439455062150955,2,4,0,1.3562412353662343,0,17,0,1.3990427255630493,0,20
378,0.1466343723881367,0.7802398403485616,2,3,0,1.477102862464057,0,12,0,1.4792606383562088,0,20
379,55.364063575110585,0.18855946883559227,2,4,80.06418368127164,0.12239631513754527,2,16,0,1.0704095363616943,0,20
380,0,0.7947582006454468,0,3,0,1.0092328786849976,0,8,0,1.0566685299078624,0,20
381,41.89924633012176,1.2350726127624512,2,4,0,1.4423388753618513,0,11,0,1.52385809024175,0,17,0,1.451754093170166,0,20
382,20.837401667941105,0.6073333621025085,2,3,0,1.232209907637702,0,12,0,1.2113822400569916,0,16,0,1.136072188615799,0,20
383,51.25104561021853,0.6846286257108053,2,3,0,1.6559158563613892,0,11,0,1.6878020366032918,0,17,0,1.6012767950693767,0,20
384,23.301022351755442,0.8440492550532023,2,3,0,1.6573562622070312,0,11,0,1.7143734494845073,0,17,0,1.654750386873881,0,20
385,0.1742357169256659,0.8586492339769999,2,3,0,1.399553378423055,0,12,0,1.3113595008850099,0,17,0,1.2865413427352905,0,20
386,21.77565017580587,0.8553335269292196,2,3,0,1.175085226694743,0,6,0,1.3198358019193013,0,12,0,1.2867194414138794,0,17,0,1.1903411944707234,0,20
387,32.26624610122616,0.90353724360466,2,4,0,0.7739006189199594,0,17,0,0.9761366844177246,0,20
388,27.44118686177344,1.2955400228500367,2,5,0,0.8767755826314291,0,8,0,0.9531203508377075,0,17,0,1.1306599775950115,0,20
389,11.204258079955478,0.3608599826693535,2,4,0,1.3235663175582886,0,12,0,1.378866481781006,0,17,0,1.4112788438796997,0,20
390,73.11527825982233,0.6815018568720136,2,7,0,1.255689013004303,0,17,0,1.5071816444396973,0,20
391,0,0.892410675684611,0,3,0,1.1771969318389892,0,8,0,0.9853659768899282,0,20
392,0,0.7394500374794006,0,3,0,0.8894729137420654,0,8,0,0.8240676720937093,0,11,0,0.928158614370558,0,20
393,14.201442667446747,0.4032323658466339,2,3,0,1.5870715464864458,0,17,0,1.5109273195266724,0,20
394,28.342873461717748,0.4785282214482625,2,9,0,1.0970971981684368,0,12,0,0.9021479368209839,0,17,0,1.1143381198247273,0,20
395,0,1.0308739145596821,0,3,0,1.2401354511578877,0,9,0,1.1074735969305038,0,17,0,1.1359709898630779,0,20
396,23.2439791529346,0.4778758317232132,2,10,0,0.7800313413143158,0,20
397,34.02757860890571,1.256922980149587,2,6,0,1.1516552621668035,0,17,0,1.3005226453145344,0,20
398,44.45563203325101,0.4874756703009972,2,26
399,36.85391244989654,0.5857057060514178,2,7,0,1.048726995786031,0,10,0,1.0305783578327723,0,17,0,1.1415206988652546,0,20
400,6.977829630643974,0.8755033314228058,2,4,0,0.7941934764385223,0,12,0,0.7576786577701569,0,16,0,0.8802452385425568,0,20
401,35.69347082624557,0.8627788623174032,2,3,0,1.0528089602788289,0,12,0,1.0698779106140137,0,17,0,1.1924424171447754,0,20
402,21.549698475690544,0.23350824043154716,2,4,0,1.2264114251503577,0,17,0,1.247347076733907,0,20
403,30.88974082424127,1.003715259688241,2,7,0,1.324923038482666,0,17,0,1.6130724747975667,0,20
404,25.948121450508083,0.6024392247200012,2,4,0,1.2192833148516142,0,17,0,1.2408547004063923,0,20
405,9.047544129493422,1.4414036671320598,2,3,0,1.4028616613811917,0,12,0,1.3410367250442505,0,17,0,1.2755369345347087,0,20
406,15.374459402791063,1.2702398598194122,2,8,0,1.0102508200539484,0,17,0,1.2057886521021526,0,20
407,21.630094440197677,0.6935291535714093,2,17,0.6042227470987006,0.6897580424944559,2,20
408,18.79495211293313,0.25864528119564056,2,5,0,1.018020788828532,0,17,0,1.0633093516031902,0,20
409,20.9903666189583,1.1796190440654755,2,4,0,1.4022609087137075,0,17,0,1.582360823949178,0,20
410,26.046682183291107,1.0294736226399739,2,3,0.05298256346217137,0.24259561002254487,2,8,0.03465127062643104,0.2049865002433459,2,14,27.350385512493837,1.1581588056352403,2,23
411,0.263959417241112,1.1186186075210571,2,3,0,1.480758160352707,0,11,0,1.555855433146159,0,17,0,1.4276591142018635,0,20
412,29.189256588247908,0.7123382290204366,2,3,0,1.5798385540644329,0,6,0,1.6336851596832276,0,11,0,1.6500920057296753,0,17,0,1.5776233275731404,0,20
413,42.14155144032278,0.7176145513852438,2,3,0,1.2674194971720378,0,6,0,1.2921424128792502,0,17,0,1.3122299512227376,0,20
414,0.13937841991729244,0.8959040641784668,2,3,0,1.4477193185261317,0,10,0,1.467331850528717,0,20
415,17.73388686281392,0.778309166431427,2,3,0,1.3644592761993408,0,6,0,1.4053944999521428,0,17,0,1.3402001063028972,0,20
416,0.16570834410978758,1.0267577171325684,2,3,0,1.47016407762255,0,17,0,1.3920080264409382,0,20
417,0.03611980562538208,1.143911321957906,2,3,0,1.3228261260425342,0,20
418,56.02324534262885,1.0763572752475739,2,4,0,1.2041665040529692,0,17,0,1.4215320348739624,0,20
419,10.430285520806233,0.7937288880348206,2,4,0,0.9825019469627967,0,17,0,1.0630625089009602,0,20
420,0.261371806452907,1.0292507807413738,2,3,0,1.3948479960946476,0,20
421,19.091123888239476,1.375481645266215,2,3,0,1.3401065043040685,0,17,0,1.4311656554539998,0,20
422,25.800182376959857,0.9167795446183946,2,9,0,1.180032643404874,0,20
423,0.2685978795195056,0.9812955458958944,2,3,0,1.4194089770317078,0,11,0,1.5170474847157795,0,17,0,1.4120722611745198,0,20
424,36.283646890876305,1.1005586624145507,2,5,0,1.2452449103196461,0,17,0,1.362285057703654,0,20
425,21.379545363276176,0.5493495876972492,2,13,0,0.8565803595951625,0,20
426,42.302596418874884,0.3474949300289154,2,7,0,1.0264729261398315,0,10,0,0.9962963887623378,0,17,0,1.1526931524276733,0,20
427,13.351297947532181,0.5181713203589121,2,6,0,0.7954881299625743,0,17,0,0.8835060199101766,0,20
428,26.4551176196288,0.21303151216771868,2,9,0,0.834967037041982,0,12,0,0.7268088698387146,0,17,0,0.8791713317235311,0,20
429,0,0.9334225257237753,0,3,0,1.1662275075912476,0,8,0,1.1388868689537048,0,20
430,0,0.9266866644223531,0,3,0,1.2400110244750977,0,8,0,1.1516791979471843,0,17,0,1.2495521306991577,0,20
431,26.617369207545135,1.174942946434021,2,5,0,1.0851028958956401,0,17,0,1.3421287139256795,0,20
432,0,0.8781329393386841,0,3,0,1.1406548023223877,0,8,0,1.1706188917160034,0,20
433,11.650506718128804,0.9813825913837978,2,7,0,1.3180476427078247,0,17,0,1.5610227584838867,0,20
434,0,0.8037091890970866,0,3,0,0.986055850982666,0,9,0,0.9803913289850409,0,20
435,0,1.0957260529200237,0,3,0,1.3530382871627809,0,8,0,1.1302415033181508,0,20
436,0,0.838932196299235,0,3,0,1.0127559701601665,0,9,0,0.9069875262000344,0,20
437,0,0.7248005867004395,0,3,0,0.9290743827819824,0,8,0,0.9109590550263723,0,20
438,7.0579523174015275,0.817418384552002,2,5,0,1.1615198850631714,0,8,0,1.3131038480334811,0,17,0,1.3639309803644817,0,20
439,21.418576272030574,1.0284388462702434,2,6,0,1.503457248210907,0,20
440,34.28272654559812,0.11373936235904694,2,20,7.932310717149764,1.2133083740870159,2,23,2.1120615209608578,0.864668200413386,2,29,6.948958725039985,0.6622537970542908,2,34,88.92037158996968,0.3614815107800744,2,56
441,24.94578948754013,0.7941331068674723,2,3,0,1.2647928169795446,0,17,0,1.2834551334381104,0,20
442,9.358871588808855,0.8841825425624847,2,4,0,1.4127682172335112,0,17,0,1.4739092191060383,0,20
443,38.816228708069296,0.20909839537408617,2,9,0,0.8093310594558716,0,12,0,0.6498015075922012,0,16,0,0.7541072070598602,0,20
444,17.52206586054861,0.6182559331258138,2,3,0,1.2929117149776883,0,12,0,1.261441159248352,0,17,0,1.231080452601115,0,20
445,0.41271741963527386,0.7750120560328165,2,3,0,1.476097649998135,0,12,0,1.3766008377075196,0,17,0,1.3866825501124065,0,20
446,4.659532315566498,0.841189980506897,2,5,0,1.2879538365772791,0,12,0,1.3101884365081786,0,17,0,1.3556752999623616,0,20
447,21.45762681666497,0.5445822477340698,2,5,0,1.2065731883049011,0,17,0,1.4106900294621785,0,20
448,14.970648095004082,0.6101099678448269,2,7,0,1.0455127159754436,0,10,0,1.1499830654689245,0,17,0,1.2755073706309001,0,20
449,16.521501311395436,0.6658001428558713,2,21
450,15.513232282186378,0.7500171303749085,2,5,0,1.226784219344457,0,17,0,1.4293493429819744,0,20
451,12.007514908679253,0.6570028781890869,2,5,0,1.0066571235656738,0,8,0,1.136275847752889,0,17,0,1.3061401844024658,0,20
452,0.3372181857500425,0.9385811885197958,2,3,0,1.3954805135726929,0,11,0,1.326560338338216,0,17,0,1.2217997709910076,0,20
453,72.35551594230547,0.005289771727153233,1,7,145.75981118057405,0,0,10,224.7691712268657,0.02366887115769916,2,28,298.30263832533,0.018282554298639297,1,48,32.44396981688372,0.5130610366662344,2,51,58.0045400227115,0.29196997980276745,2,57,208.0771459922855,0.08516213446855544,2,67,68.6040642403901,0.16047558188438416,2,70
454,6.020347038942042,1.0726283490657806,2,4,0,1.0169902642567952,0,7,0,1.0224420070648192,0,17,0,1.1065537532170613,0,20
455,22.57884362625069,0.8099386170506477,2,16,0,1.2375633418560028,0,20
456,10.695123202932418,1.179871956507365,2,3,24.526935649231998,1.105820616086324,2,9,0,1.2089759508768718,0,12,0,1.202234148979187,0,15,0,1.4615994691848755,0,20
457,39.228995461125535,1.4703341007232666,2,5,0,1.705370803674062,0,11,0,1.8334470788637798,0,17,0,1.857072353363037,0,20
458,75.3637217256034,0.5405845791101456,2,4,0,1.2938786836770864,0,17,0,1.5568859179814656,0,20
459,20.910014908401745,0.8425247520208359,2,24
460,28.315550785649013,0.5711010378949782,2,17,0,1.1938202381134033,0,20
461,81.15384833253698,0.08895893394947052,2,4,178.30279376957432,0.13680390268564224,2,12,0,0.8352343201637268,0,17,0,1.051043192545573,0,20
462,6.68611565462321,0.30752482016881305,2,6,0,1.1666377186775208,0,10,0,1.1441221748079573,0,17,0,1.2108794053395588,0,20
463,12.31111029426336,1.280962308247884,2,3,0,1.1100326925516129,0,11,0,1.2566338777542114,0,16,0,1.2623921930789948,0,20
464,62.963246528545,0.1915690816938877,2,20
465,0,0.6969532171885172,0,3,0,0.8383058786392212,0,8,0,0.7735623319943746,0,11,0,0.8399229579501681,0,20
466,0,1.024006426334381,0,3,0,1.3170066595077514,0,8,0,1.2705561816692352,0,20
467,0,0.9305636088053385,0,3,0,1.100820541381836,0,8,0,0.9979085127512614,0,20
468,0,0.9818546772003174,0,3,0,1.190215039253235,0,8,0,1.0926337440808613,0,20
469,8.632968714668067,0.9593983888626099,2,3,0,1.498003602027893,0,6,0,1.5454761811665125,0,13,0,1.500025987625122,0,17,0,1.4090113242467244,0,20
470,29.649174576972417,1.0587085803349814,2,15,0,1.0523597240447997,0,20
471,0,0.7456478277842203,0,3,0,0.8555685452052525,0,10,0,0.8478969633579254,0,20
472,30.264956626285283,1.0928137063980103,2,5,0,0.9882260163625082,0,8,0,1.1290723615222507,0,17,0,1.2303208112716675,0,20
473,17.049979765938584,1.0195834361589873,2,13,0,0.8110934197902679,0,17,0,0.9375322659810384,0,20
474,0,0.722114086151123,0,3,0,0.9098562598228455,0,9,0,0.8849984624169089,0,20
475,0,0.9962360858917236,0,3,0,1.2295003930727642,0,9,0,1.1464434211904353,0,20
476,0,0.7219695846239725,0,3,0,0.9023304184277853,0,9,0,0.8652573986486956,0,20
477,23.11409316021125,1.0680418809254963,2,3,0,1.3582895994186401,0,6,0,1.504128867929632,0,17,0,1.4583093325297039,0,20
478,29.37577961800867,0.26294365389780566,2,11,0,0.8197381363974677,0,20
479,16.90260693809408,1.540469467639923,2,6,0,1.2864419221878052,0,17,0,1.4371800820032756,0,20
480,11.19408257423671,0.9396467804908752,2,4,0,1.4673012219942534,0,17,0,1.5944312810897827,0,20
481,22.241489378282637,1.1036607424418132,2,12,0,0.8104786574840546,0,20
482,22.695189598265202,1.417537659406662,2,4,0.03707383408494829,0.4869030028581619,2,14,7.7300540536025215,0.05108627180258433,2,17,1.3947164417889033,0.19739375015099844,2,20,18.590042132133867,0.016126600404580433,1,26,0.285438439292098,0.20283990800380708,2,31,445.5379529562881,0.05314342890466962,2,38,2.0070335209346144,0.42770684510469437,2,42,55.515427157843206,0.01595107316970825,1,47
483,0,0.8860322634379069,0,3,0,1.0941334962844849,0,9,0,1.0879675894975662,0,17,0,1.190312107404073,0,20
484,82.04681470367224,0.303563229739666,2,4,118.20726097017449,0.2294836789369583,2,22
485,0,0.9666427771250407,0,3,0,1.2806661526362102,0,9,0,1.233704924583435,0,17,0,1.352166215578715,0,20
486,19.285023393597964,0.877653169631958,2,5,0,0.7539763301610947,0,17,0,0.9002267519632975,0,20
487,0.3241125552968524,0.8791968623797098,2,3,0,1.4294382863574557,0,12,0,1.3942981958389282,0,17,0,1.3234342734018962,0,20
488,61.87165508161959,0.048388414912753634,2,9,290.62314876375,0.02683937278660861,2,20,18.117672172805396,0.3083978742361069,2,23
489,0,0.8799689213434855,0,3,0,1.1539620876312255,0,8,0,1.1956552962462108,0,20
490,0,0.6502733627955118,0,3,0,0.728737371308463,0,10,0,0.7470342457294464,0,20
491,28.87820030860394,0.901197626040532,2,13,0,1.0385210812091827,0,17,0,1.3652238448460896,0,20
492,30.618724635019266,1.0308403074741364,2,4,0,1.4552526840796838,0,17,0,1.6018213431040447,0,20
493,0,0.8753482500712076,0,3,0,1.1252413749694825,0,8,0,1.1025121212005615,0,11,0,1.1307563781738281,0,17,0,1.1832355658213298,0,20
494,0,0.8801105817159017,0,3,0,1.0905662059783936,0,8,0,1.0687530173195734,0,17,0,1.1830652952194214,0,20
495,35.21421247369575,0.6325252827476052,2,17,1.3993706913910626,0.5949395497639974,2,20
496,30.134410927934496,1.1972153782844543,2,4,0,1.3281690249076257,0,17,0,1.415413538614909,0,20
497,8.335372946443771,0.42207297682762146,2,4,0,1.256036639213562,0,7,0,1.1936007340749104,0,10,0,1.0774635195732116,0,20
498,19.03756512837292,0.6810624069637723,2,9,0,1.0862195640802383,0,17,0,1.2520564794540405,0,20
499,25.51195504950728,0.41363470554351806,2,5,0,1.0535596211751301,0,17,0,1.2614707946777344,0,20
500,26.52616484714507,0.4727048712472121,2,48
501,74.03385485650297,0.3469882048666477,2,16,0,1.0202729403972626,0,20
502,14.334423268750959,0.45246200561523436,2,5,0,1.1105497380097706,0,17,0,1.211016098658244,0,20
503,0.1786945862197557,0.7241015632947286,2,3,0,1.2760138379202948,0,12,0,1.2741297245025636,0,17,0,1.1358946164449055,0,20
504,22.64701286105231,0.22142736365397772,2,6,0,1.3518561341545798,0,17,0,1.5160740613937378,0,20
505,0,0.8146388133366903,0,3,0,1.0356431484222413,0,8,0,1.000001182158788,0,20
506,0,0.8213318387667338,0,3,0,0.9814114570617676,0,9,0,0.990578987381675,0,20
507,20.73366166509478,1.0011236667633057,2,9,0,1.3981411457061768,0,20
508,0,0.814240574836731,0,3,0,1.0575843334197998,0,8,0,0.9564011891682943,0,11,0,0.9786709149678549,0,17,0,1.0800355672836304,0,20
509,0,0.8328500588734945,0,3,0,1.0305211544036865,0,9,0,1.037288936701688,0,20
510,0,0.765202522277832,0,3,0,0.9798965652783712,0,9,0,0.9459211067719893,0,20
511,0,0.9740524291992188,0,3,0,1.1757288455963135,0,8,0,1.0840197304884593,0,20
512,18.337650526869293,0.8412407239278158,2,3,0,1.4335103034973145,0,6,0,1.5365399447354404,0,17,0,1.5492801268895466,0,20
513,13.973560959037044,1.0728244880835216,2,12,0,0.6089858748018742,0,20
514,17.487175500006686,0.7900780622775738,2,13,0,0.688585604940142,0,20
515,30.33663383140841,1.2708669006824493,2,4,0,1.1200968485612135,0,17,0,1.2902705272038777,0,20
516,0.2315521929722558,0.90640256802241,2,3,0,1.373078465461731,0,12,0,1.321743655204773,0,17,0,1.2218989133834839,0,20
517,0.20174420408581545,0.9984144369761149,2,3,0,1.1487306223975287,0,12,0,1.1205990076065064,0,17,0,1.0222657918930054,0,20
518,20.848084180887625,0.43736420571804047,2,8,0,0.9481973052024841,0,12,0,0.8196076154708862,0,17,0,0.9975418249766032,0,20
519,15.204379077986806,0.9005217552185059,2,8,0,1.3172996176613703,0,17,0,1.5289824803670247,0,20
520,8.134001131174108,0.5330058534940084,2,3,0,1.2346179220411513,0,12,0,1.15578351020813,0,17,0,1.1555931568145752,0,20
521,5.647841670503802,1.4814042647679646,2,3,0,1.2971147298812866,0,12,0,1.297644853591919,0,17,0,1.279748757680257,0,20
522,20.071049166576138,1.1105041801929474,2,4,0,1.4490838876137366,0,17,0,1.5602120558420818,0,20
523,45.15270799423363,1.1958411622930456,2,27
524,23.67062308621529,0.5013429284095764,2,10,0,1.002896507581075,0,13,0,0.7975635975599289,0,17,0,0.9808830420176188,0,20
525,29.010786922744447,0.8694206237792969,2,5,0,0.7849374498639788,0,12,0,0.8499866008758545,0,17,0,1.0454428990681965,0,20
526,0,0.7394968271255493,0,3,0,0.9153297798974174,0,10,0,0.8945319056510925,0,20
527,0,1.0477747519810994,0,3,0,1.2548535466194153,0,9,0,1.0822631879286333,0,20
528,0,0.8566209077835083,0,3,0,1.0811477184295655,0,8,0,1.04713969429334,0,20
529,12.575507805948437,1.1921639045079548,2,3,0,1.249780986044142,0,12,0,1.3355615854263305,0,17,0,1.3162574768066406,0,20
530,0,0.9505674044291178,0,3,0,1.2220092217127483,0,9,0,1.2217603772878647,0,17,0,1.2690800031026204,0,20
531,32.84485209268046,0.6047770045697689,2,16,0,1.0376265347003937,0,20
532,52.061588592502844,0.11279388043013486,2,11,0,0.9118072191874186,0,14,0,0.7658121983210245,0,17,0,0.925448457400004,0,20
533,14.005211075290124,1.1373557090759276,2,10,0,0.919612455368042,0,20
534,17.58660406624289,1.4004072802407401,2,7,0,1.1086857318878174,0,17,0,1.3014974196751912,0,20
535,0.30288046748448333,0.9477772315343221,2,3,0,1.487619121869405,0,12,0,1.4772438049316405,0,17,0,1.4020309448242188,0,20
536,22.74588938996829,0.283525926726205,2,7,0,0.8425560196240743,0,10,0,0.791357159614563,0,17,0,0.9960482517878214,0,20
537,0.36891861725802816,0.9292592207590739,2,3,0,1.2908861190080643,0,11,0,1.2940675616264343,0,17,0,1.165383259455363,0,20
538,22.944293147702318,0.8795727351132561,2,17,0.8629716969498314,0.8660349051157633,2,20
539,32.65113579756665,1.2067906856536865,2,3,0,1.3569783369700115,0,6,0,1.457520452412692,0,17,0,1.5231425364812214,0,20
540,0.37939453612933816,0.7733954787254333,2,3,0,1.3878044949637518,0,12,0,1.2583134412765502,0,17,0,1.2292325894037883,0,20
541,94.98001948965286,0.644795686006546,2,8,0,1.0988592760903495,0,15,0,1.3688224315643311,0,20
542,0,0.828445831934611,0,3,0,1.0875200231870015,0,9,0,1.0058058933778242,0,20
543,67.43345668484619,1.0560963153839111,2,11,0,0.708966400888231,0,20
544,13.610981281472863,0.8858281771341959,2,3,0,1.5426938931147258,0,6,0,1.5781221985816956,0,12,0,1.426103687286377,0,17,0,1.3284703890482585,0,20
545,28.621776742744025,1.3842384020487468,2,3,0,1.3598544597625732,0,6,0,1.5013095357201316,0,17,0,1.5437850554784138,0,20
546,31.004460526129296,0.7246977170308431,2,15,0,0.8742861390113831,0,20
547,0,0.9148712158203125,0,3,0,1.1356418132781982,0,8,0,1.0991008977095287,0,20
548,0,0.8970280090967814,0,3,0,1.0942391633987427,0,8,0,1.0554295182228088,0,20
549,22.81952158301406,0.37422921061515807,2,15,1.2168111567356998,1.1743310292561848,2,18,0.8244803312352686,1.1807346865534782,2,34,22.13071569118622,0.06217053532600403,2,43,1.7468765280375689,0.32577645778656006,2,46,21.525344718301774,0.11963836600383122,2,52,5.882941775665378,0.2594137191772461,2,55,24.429558103594815,0.1491205722093582,2,60
550,0,0.73686416943868,0,3,0,0.9194446461541312,0,10,0,0.8803479433059692,0,20
551,0.31722915349868674,0.7313122153282166,2,3,0,1.1458202004432678,0,17,0,1.0630621512730916,0,20
552,33.93285614844836,0.3093576927979787,2,3,0,1.056551416714986,0,12,0,1.0944313287734986,0,17,0,1.1941655079523723,0,20
553,0,0.7323260307312012,0,3,0,0.8548089265823364,0,9,0,0.8604363636537031,0,20
554,53.95288789666281,0.4343489309151967,2,6,0,1.207586786963723,0,17,0,1.4326719443003337,0,20
555,10.82705676662102,0.8396193186442057,2,3,0,1.3053371376461453,0,12,0,1.1790692567825318,0,17,0,1.1745161612828572,0,20
556,4.965778272478425,0.37362203001976013,2,3,0,0.9184363947974311,0,12,0,1.0337539196014405,0,17,0,0.8991002241770426,0,20
557,35.59556844664531,0.5404619574546814,2,3,0,1.3732933551073074,0,11,0,1.4481036464373271,0,17,0,1.3678208986918132,0,20
558,13.86954414470119,1.042715311050415,2,6,0,1.1012530435215344,0,17,0,1.2054414749145508,0,20
559,0.49341811749905934,1.3032742341359456,2,3,0,1.5355617829731532,0,10,0,1.4944722993033273,0,17,0,1.4614591201146443,0,20
560,34.23130300577877,0.7770321369171143,2,3,0,1.487118810415268,0,11,0,1.569646954536438,0,17,0,1.52114737033844,0,20
561,0,0.8379564682642618,0,3,0,1.0618531703948975,0,8,0,1.0872791111469269,0,20
562,35.62314853316767,0.7804522514343262,2,5,0,1.1525232593218486,0,17,0,1.3963281710942586,0,20
563,0,0.8866748809814453,0,3,0,1.0869907481329781,0,10,0,0.9948166949408395,0,17,0,1.1029235124588013,0,20
564,0,0.7626222570737203,0,3,0,0.9653140987668719,0,10,0,0.920760977268219,0,20
565,50.036675019051444,0.37693413347005844,2,8,0,1.0948990848329332,0,17,0,1.3025460243225098,0,20
566,35.78339458985537,0.15050573088228703,2,8,0,0.9101144870122274,0,11,0,0.7793057262897491,0,15,0,0.8789450168609619,0,20
567,15.855794952269962,0.8197173277537028,2,6,0,1.4200907295400447,0,17,0,1.637527346611023,0,20
568,38.1064054147767,1.231123447418213,2,3,0,1.355291035440233,0,12,0,1.2975535154342652,0,17,0,1.3278868595759075,0,20
569,0,0.7559770743052164,0,3,0,0.9728965560595194,0,9,0,0.9874254573475231,0,20
570,0,0.714968721071879,0,3,0,0.8710638086001078,0,9,0,0.8266729658300226,0,20
571,21.759914441276063,1.6931063830852509,2,12,0,0.9230339080095291,0,20
572,59.20235317020251,0.7453951750482831,2,7,0,1.084349234898885,0,10,0,1.0133966207504272,0,17,0,1.1319655577341716,0,20
573,26.070900353380146,0.9040990471839905,2,10,0,0.7639767697879246,0,17,0,0.9238163232803345,0,20
574,33.13246907989508,0.72021404504776,2,5,0,1.0738649765650432,0,17,0,1.1744457880655925,0,20
575,16.758577051294623,0.46985461957314434,2,17,0.916795095766863,0.8252934217453003,2,20,9.41518918241908,0.5616141359011332,2,23,0.30385964535337795,0.45144981518387794,2,31,22.228795808083294,0.4317847490310669,2,36
576,137.55668036519577,0.29680905242760974,2,12,27.61545322534701,0.6174096167087555,2,15,0,0.9254276514053345,0,20
577,0,0.8753307064374288,0,3,0,1.054711137499128,0,10,0,0.9623200382505145,0,17,0,1.0706959962844849,0,20
578,35.960072978171816,0.2800145397583644,2,6,61.30805967400955,0.20871124565601348,2,11,97.39572666137386,0.17436611834095744,2,52
579,22.551017557801373,1.4388022621472676,2,6,0,1.5043933608315208,0,17,0,1.8036773602167766,0,20
580,0,0.8168357610702515,0,3,0,1.0485494136810303,0,8,0,1.0804590781529744,0,20
581,15.150265710202213,1.0153819918632507,2,4,0,1.198520852969243,0,17,0,1.3490132490793865,0,20
582,15.96797007126522,0.9644627911703927,2,7,0,1.044885555903117,0,10,0,1.1000293322971888,0,17,0,1.216429591178894,0,20
583,27.777918136498297,0.5704588770866394,2,5,0.05098573579182985,0.49959947913885117,2,9,35.9654216304907,0.4478684316078822,2,15,0,1.3176301956176757,0,20
584,0.24396521567783563,0.9629207849502563,2,3,0,1.6601057317521837,0,12,0,1.5895244598388671,0,17,0,1.5124852657318115,0,20
585,0.314309341675283,1.1804192463556926,2,3,0,1.585163606537713,0,12,0,1.6019562005996704,0,17,0,1.5712230602900188,0,20
586,26.65277466040254,0.5192954838275909,2,3,0,1.4779690768983629,0,12,0,1.4954986572265625,0,17,0,1.5106600125630696,0,20
587,41.46308720324162,0.7292266090710958,2,6,0,1.1137781937917073,0,9,0,1.1270844340324402,0,17,0,1.1989247401555378,0,20
588,0,1.1338353554407756,0,3,0,1.334679058619908,0,10,0,1.188057267665863,0,20
589,24.72886662407931,0.3475951353708903,2,3,0,1.2986657751931086,0,12,0,1.2500733852386474,0,17,0,1.2683589061101277,0,20
590,20.421017510839825,0.3062623952116285,2,7,0,1.028765082359314,0,10,0,0.9665839331490653,0,17,0,1.0020134846369426,0,20
591,17.312376155275523,0.9494690597057343,2,4,0,1.2649102669495802,0,17,0,1.431263009707133,0,20
592,37.802867659351,0.5469537973403931,2,27
593,23.62293635506265,0.6732322488512311,2,7,0,1.1061660051345825,0,10,0,1.2058584008898054,0,17,0,1.3334752718607585,0,20
594,19.80616872151885,0.829801619052887,2,6,0,1.4865766763687134,0,17,0,1.678503115971883,0,20
595,0.23546339791126417,0.8393219510714213,2,3,0,1.3371428383721247,0,12,0,1.3057926893234253,0,17,0,1.1938836971918743,0,20
596,13.330140540784289,0.47746463418006896,2,5,0,1.213902195294698,0,8,0,1.3062221209208171,0,17,0,1.2699528535207112,0,20
597,25.54727901776276,0.5665823578834533,2,5,0,0.908615713318189,0,17,0,1.0519596338272095,0,20
598,0,0.870059092839559,0,3,0,1.1373639822006225,0,8,0,1.1055049896240234,0,11,0,1.1452257831891377,0,17,0,1.2351741790771484,0,20
599,0.10479454452170163,1.1219702164332073,2,3,0,1.5323913097381592,0,13,0,1.5338923633098602,0,17,0,1.4313779671986897,0,20
600,0,0.822423666715622,0,3,0,1.1186985572179158,0,9,0,1.0547403335571288,0,14,0,0.9789891640345255,0,17,0,1.0513088703155518,0,20
601,22.107872814869168,0.15488839014009995,2,11,0,0.6370779772599539,0,14,0,0.438184529542923,0,17,0,0.5176378587881724,0,20
602,0,0.8553140958150228,0,3,0,1.1231523950894673,0,9,0,1.0377322327006946,0,20
603,0,0.8308284282684326,0,3,0,1.0003998080889385,0,9,0,0.9938977360725403,0,17,0,1.100407361984253,0,20
604,0,0.7376290559768677,0,3,0,0.9278690576553345,0,8,0,0.8708260556062063,0,20
605,0,0.839981198310852,0,3,0,1.0836697340011596,0,8,0,1.0355247259140015,0,11,0,1.0581894516944885,0,17,0,1.095063289006551,0,20
606,23.361301685515937,0.3234663188457489,2,5,0,0.8288176601583307,0,16,0,0.993051290512085,0,20
607,0,0.9240478078524271,0,3,0,1.1510038137435914,0,8,0,1.1011131207148235,0,17,0,1.2265196243921916,0,20
608,23.79711390978607,1.0600735081566706,2,9,1.3388720390040125,0.9422482360493053,2,20,132.3936119955841,0.6751884371042252,2,28
609,0,0.7185796499252319,0,3,0,0.7653793011392865,0,10,0,0.812236773967743,0,20
610,0,0.9386752446492513,0,3,0,1.19663245677948,0,8,0,1.158873716990153,0,20
611,0,0.9051082332928976,0,3,0,1.016244113445282,0,9,0,0.9282078092748468,0,20
612,24.48309542161494,1.138344367345174,2,6,0,1.1799772869456897,0,17,0,1.3269113699595134,0,20
613,0.10709721135817286,1.1358058055241902,2,3,0,1.3973112371232774,0,12,0,1.3111093759536743,0,17,0,1.2316418488820393,0,20
614,0,0.906443198521932,0,3,0,1.0153040034430367,0,10,0,0.9118404047829765,0,17,0,1.021819790204366,0,20
615,19.096658211965938,0.38931380425180706,2,7,0,1.2239787578582764,0,17,0,1.2593475977579753,0,20
616,11.902643747348908,0.3347407951951027,2,8,1.1867920897204212,0.5015683054924012,2,13,38.03606385531041,0.2773523371328007,2,24
617,16.317876823710073,1.486309630530221,2,7,0,1.1682878916080182,0,20
618,16.815191162490443,0.34770448207855226,2,5,0,1.033897598584493,0,11,0,0.9897325237592062,0,17,0,1.038934628168742,0,20
619,0.17031506618862924,0.916321595509847,2,3,0,1.4571779833899603,0,12,0,1.463757872581482,0,17,0,1.3387311697006226,0,20
620,20.93013894490516,1.4444737136363983,2,4,0,1.2300936167056744,0,17,0,1.377136468887329,0,20
621,9.74841323856851,0.5981392661730448,2,6,0,1.2096533179283142,0,10,0,1.202302404812404,0,17,0,1.2501551310221355,0,20
622,17.951658358887716,0.7515223821004232,2,3,0,1.2397154172261555,0,6,0,1.2646820870312778,0,17,0,1.295710285504659,0,20
623,35.698075287588495,0.722137188911438,2,5,0,1.005381186803182,0,17,0,1.05097496509552,0,20
624,25.1969606278531,0.2973750152371146,2,11,0,0.8374774853388468,0,14,0,0.6751994490623474,0,17,0,0.7890169223149618,0,20
625,0.15286228360012147,0.8992505868275961,2,3,0,1.5658993985917833,0,12,0,1.5177712917327881,0,17,0,1.4345631996790569,0,20
626,29.440831585976255,0.5626923143863678,2,6,0,1.4341386773369529,0,17,0,1.5997751156489055,0,20
627,28.379334279769935,1.3350880579514937,2,11,0,0.9146932495964898,0,20
628,0,0.6968527833620707,0,3,0,0.8395693103472391,0,9,0,0.7764868194406683,0,20
629,22.507770218639628,0.730216309428215,2,4,0,0.9819992138789251,0,17,0,1.1355307499567668,0,20
630,24.938185514291167,0.9928903977076212,2,3,0,1.2446218878030777,0,11,0,1.393099844455719,0,17,0,1.3721059560775757,0,20
631,0.221542320092603,0.8774829109509786,2,3,0,1.388358160853386,0,11,0,1.4535897572835286,0,17,0,1.3646516799926758,0,20
632,35.260527028904235,0.49349374920129774,2,20
633,0,0.9601285457611084,0,3,0,1.147760550181071,0,9,0,0.9538933797316118,0,20
634,2.6262287055717173,0.41390225291252136,2,3,0,1.1668762498431735,0,12,0,1.1182700395584106,0,17,0,1.0045760075251262,0,20
635,0,0.7247215310732523,0,3,0,0.8158428839274815,0,10,0,0.8041384220123291,0,20
636,0,0.595066249370575,0,3,0,0.6396879553794861,0,10,0,0.6332902014255524,0,20
637,23.918481542914396,0.796459436416626,2,4,0,1.2334303122300367,0,17,0,1.4040209452311199,0,20
638,0.40818829451040156,0.7052212754885355,2,3,0,1.4766523987054825,0,11,0,1.4319035212198894,0,17,0,1.3125666379928589,0,20
639,0,0.7922342220942179,0,3,0,0.9092963763645717,0,10,0,0.8911939263343811,0,20
640,0,0.617440938949585,0,3,0,0.6664523681004842,0,9,0,0.6618972312320363,0,20
641,0,0.9035581747690836,0,3,0,1.0397885526929582,0,10,0,0.9328452859606061,0,17,0,1.0383597612380981,0,20
642,20.87287840343826,0.6135460138320923,2,3,0,0.9134670853614807,0,13,0,1.0693841576576233,0,17,0,1.071368972460429,0,20
643,19.611579635437643,0.6685025990009308,2,6,0,1.3033832420002331,0,17,0,1.508784532546997,0,20
644,0,0.7780525286992391,0,3,0,0.9661299784978231,0,9,0,1.0079145539890637,0,20
645,0,0.8628428181012472,0,3,0,1.1139512459437053,0,9,0,0.991465915333141,0,20
646,0,0.7247331937154134,0,3,0,0.913880189259847,0,9,0,0.8668375340375033,0,20
647,0,0.621845543384552,0,3,0,0.6148463487625122,0,9,0,0.5912464911287482,0,20
648,58.21218206716678,0.144873785701665,2,11,0,0.7942662636439005,0,17,0,0.7778072158495585,0,20
649,19.58968701396188,1.1511967301368713,2,10,0,1.0134363889694213,0,20
650,16.12466137877399,0.6588448484738668,2,3,0,1.4423569440841675,0,12,0,1.3951782941818238,0,17,0,1.420133352279663,0,20
651,40.249351049720396,0.5927328407764435,2,10,0,0.9368313550949097,0,17,0,1.1191046237945557,0,20
652,17.31528490162944,0.7520375291506449,2,15,0,1.168756937980652,0,20
653,0,0.9360720713933309,0,3,0,1.0321894202913557,0,10,0,0.9303094148635864,0,17,0,1.0400757392247517,0,20
654,22.44356314294668,0.9552250642042893,2,13,0,1.0562153373445784,0,20
655,14.747155675793833,0.22544173896312714,2,4,0,1.0736582370904775,0,17,0,1.0889614423116047,0,20
656,19.669592292963852,0.5585947090929205,2,11,0,0.6640775005022684,0,14,0,0.5114254653453827,0,17,0,0.5921062032381693,0,20
657,11.938089059478934,0.6246412793795267,2,3,0,1.198058499230279,0,12,0,1.1704200029373169,0,17,0,1.1909030278523762,0,20
658,21.43447750115065,0.6323885321617126,2,21
659,0,0.6568153301874796,0,3,0,0.7314941712788173,0,10,0,0.7407394468784332,0,20
660,0,0.9556328654289246,0,3,0,1.1703969478607177,0,8,0,1.0933316548665364,0,20
661,0.4052177555396518,1.01101287206014,2,3,0,1.462797850370407,0,11,0,1.428497274716695,0,17,0,1.4177352984746296,0,20
662,0.3024631278096202,0.7554808457692465,2,3,0,1.5288999250956945,0,17,0,1.4652440547943115,0,20
663,0.18801190056253558,0.9452103972434998,2,3,0,1.472445872094896,0,12,0,1.5040759325027466,0,17,0,1.4116688966751099,0,20
664,29.983121293312394,1.474782837761773,2,9,0,1.0570789683948865,0,20
665,0.2105878543891722,0.5751813650131226,2,3,0,1.1157997131347657,0,8,0,1.0328290661176045,0,20
666,0,0.8569477399190267,0,3,0,1.1068347692489624,0,8,0,1.0211741924285889,0,17,0,1.1368321975072224,0,20
667,13.631833310804145,1.539502739906311,2,5,0,1.6278452773888905,0,17,0,1.718312939008077,0,20
668,138.7177144466951,0.03698202222585678,2,8,91.92589673874465,0.10554906229178111,2,11,186.7827281523934,0.031153754819007146,2,32
669,0.3255989786752236,1.0210156043370564,2,3,0,1.3755606710910797,0,11,0,1.3457889755566914,0,17,0,1.2793049414952595,0,20
670,0,0.6463904976844788,0,3,0,0.7247745139258248,0,10,0,0.7444353818893432,0,20
671,24.24133967606983,1.3207432201930456,2,7,0,1.18369882106781,0,17,0,1.4552607933680217,0,20
672,19.760321134662863,0.5815918385982514,2,10,0,0.895993192990621,0,13,0,0.7203635573387146,0,17,0,0.8621070384979248,0,20
673,47.49996965676146,0.41720989942550657,2,10,0,0.8663894534111023,0,20
674,16.9868627770727,0.31468117237091064,2,4,0,1.09971617658933,0,16,0,1.1960029602050781,0,20
675,0,0.7332234581311544,0,3,0,0.8040933268410819,0,10,0,0.8410291731357574,0,20
676,16.98815623043692,0.6980525212628501,2,14,0,0.7203922967116038,0,20
677,19.703571315696657,0.9544047713279724,2,8,0,1.101257774564955,0,17,0,1.213485320409139,0,20
678,30.22997274233365,0.390579891204834,2,5,0,1.0650686919689178,0,17,0,1.1124027570088704,0,20
679,0,0.8046941161155701,0,3,0,0.9684182064873832,0,10,0,0.9291956424713135,0,20
680,35.33309089754965,0.7433687970042229,2,16,0,1.1395151317119598,0,20
681,0,0.6835026542345682,0,3,0,0.7431137561798096,0,9,0,0.7172681635076349,0,20
682,11.166311823816397,0.6980715841054916,2,4,0,0.989496111869812,0,17,0,1.134771505991618,0,20
683,17.21899808604013,0.5190403631755284,2,7,0,0.910808801651001,0,10,0,0.9620916332517352,0,17,0,1.05618151028951,0,20
684,19.508905130268754,1.3930044571558635,2,3,0,1.4900380770365398,0,6,0,1.4717562397321065,0,12,0,1.4573813915252685,0,17,0,1.4667373498280842,0,20
685,19.838179507267252,1.1248699956470065,2,9,0,0.7276767275550149,0,20
686,46.89096674975627,0.5934804129600525,2,25
687,7.6690444795655655,0.7946360309918722,2,6,0,1.1323026418685913,0,9,0,1.2217798978090286,0,17,0,1.3000064293543498,0,20
688,0.11664875473829399,0.7111661632855734,2,3,0,1.3617338604397244,0,12,0,1.3356931507587433,0,20
689,18.411667021382637,0.49821388721466064,2,5,0,0.9661466677983602,0,8,0,1.0896339019139607,0,17,0,1.2167812983194988,0,20
690,31.530087491693376,1.051695078611374,2,4,0,1.4667651103093073,0,17,0,1.5874697764714558,0,20
691,0,1.0073405901590984,0,3,0,1.2249043941497804,0,8,0,1.0850756863753002,0,20
692,0,1.0537510712941487,0,3,0,1.2371533910433452,0,9,0,1.0561615878885442,0,20
693,0,0.8944526712099711,0,3,0,1.1079417705535888,0,8,0,1.062912768787808,0,17,0,1.192710240681966,0,20
694,0,0.7496875921885172,0,3,0,0.8131183300699506,0,10,0,0.8221330106258392,0,20
695,0,0.7878361543019613,0,3,0,0.9233954668045044,0,8,0,0.8798747758070627,0,20
696,0,0.7999872366587321,0,3,0,1.0163669387499492,0,9,0,0.9556165933609009,0,20
697,8.005476974831822,1.0425206661224364,2,5,0,1.278849442799886,0,8,0,1.3360631333457098,0,17,0,1.3872855106989543,0,20
698,17.077564257203683,0.8631711006164551,2,3,0,1.2462154626846313,0,6,0,1.2559952139854431,0,12,0,1.2017724752426147,0,17,0,1.2518250147501628,0,20
699,0,0.9146380027135214,0,3,0,1.1850221633911133,0,8,0,1.1173526048660278,0,11,0,1.1391083399454753,0,17,0,1.2368563810984294,0,20
700,0.1715743204061212,0.7061507304509481,2,3,0,1.2131350934505463,0,11,0,1.2292424440383911,0,17,0,1.1946907838185628,0,20
701,3.704964729679996,0.9067692359288534,2,3,34.33673305730524,0.7714161276817322,2,8,0,0.8569484882884555,0,17,0,0.9996683597564697,0,20
702,0.27969651980219884,1.0551986296971638,2,3,0,1.4732695966959,0,11,0,1.4697336753209431,0,17,0,1.4556279977162678,0,20
703,0,0.656097948551178,0,3,0,0.7003582886287144,0,10,0,0.7111026167869567,0,20
704,31.27638056040952,0.8349831104278564,2,3,0,1.5441696643829346,0,6,0,1.5744773944218953,0,12,0,1.5226028680801391,0,17,0,1.4774952332178752,0,20
705,0,0.7662957509358724,0,3,0,0.905418852965037,0,9,0,0.9236373901367188,0,20
706,0,0.8369142611821493,0,3,0,1.022250235080719,0,9,0,1.0285902456803755,0,20
707,37.22689714983257,0.4684027085701625,2,12,0,1.0223910411198933,0,15,0,0.9461911916732788,0,20
708,0,0.8501445452372233,0,3,0,1.128285785516103,0,9,0,1.0908185690641403,0,17,0,1.1786227226257324,0,20
709,0,0.9470956524213155,0,3,0,1.1408524990081788,0,8,0,1.047226180632909,0,20
710,0,0.7307497262954712,0,3,0,0.8551466266314188,0,9,0,0.8667829578573053,0,20
711,30.833307146847844,0.893796894285414,2,9,0,0.9365160031752153,0,20
712,0,0.9104706048965454,0,3,0,1.1905956506729125,0,8,0,1.1547835270563762,0,11,0,1.1786944667498271,0,17,0,1.2371550003687541,0,20
713,0,1.2620283365249634,0,3,0,1.4533154964447021,0,9,0,1.3622592904350974,0,20
714,25.3533683262052,1.0714401982047341,2,11,0,1.106255782975091,0,20
715,0,0.7337137460708618,0,3,0,0.8884677092234293,0,9,0,0.8387844454158436,0,20
716,0,0.8727755149205526,0,3,0,1.141935396194458,0,8,0,1.125734527905782,0,11,0,1.1427243153254192,0,17,0,1.2150204976399739,0,20
717,0,1.035594681898753,0,3,0,1.135728120803833,0,10,0,0.9720419883728028,0,20
718,0,0.9695307413736979,0,3,0,1.1872850418090821,0,8,0,1.1026481489340465,0,20
719,29.015445454220316,0.605848637494174,2,11,48.18687922703377,0.6239823698997498,2,14,0,0.8035137355327606,0,20
720,11.115986019198216,0.4296760123509627,2,13,0,0.8946938599858966,0,20
721,0,0.7211416562398275,0,3,0,0.8005152543385824,0,9,0,0.7807986682111566,0,20
722,30.26780038762799,0.8480884194374084,2,10,0,1.1502429246902466,0,17,0,1.4647164742151897,0,20
723,38.715131840634704,0.833951222896576,2,10,0,0.7833049893379211,0,20
724,29.315336142183607,1.1256470878918965,2,6,0,1.448195132342252,0,17,0,1.654862920443217,0,20
725,23.054621296912096,1.1689077377319337,2,5,0,1.441227416197459,0,17,0,1.5866342782974243,0,20
726,0.2702944705577954,0.6796173254648844,2,3,0,1.2526868511648739,0,20
727,50.51212911130212,0.22542941570281982,2,12,0,0.8700196444988251,0,20
728,24.533647635346032,0.4381803870201111,2,6,8.638900034446179,0.43923290570576984,2,9,0.05106100770097556,0.8015726208686829,2,13,0,0.6587709486484528,0,17,0,0.767480472723643,0,20
729,0,0.7939759095509847,0,3,0,0.9408651420048305,0,10,0,0.9615948438644409,0,20
730,22.413019392981266,0.8367393775419756,2,11,0,0.8768718640009562,0,20
731,0,0.686854362487793,0,3,0,0.6948396563529968,0,9,0,0.6922630288384177,0,20
732,6.139965323815364,0.584167846611568,2,7,0,0.7236897349357605,0,11,0,0.6783653795719147,0,17,0,0.7877819935480753,0,20
733,0.2210681271274452,0.996818463007609,2,3,0,1.4205989970101252,0,12,0,1.4056276559829712,0,17,0,1.3727748394012451,0,20
734,0,0.9769766132036845,0,3,0,1.1217356125513713,0,9,0,0.9095373045314442,0,20
735,22.632355737119354,0.5418102578683333,2,11,0,0.7575874725977579,0,14,0,0.6205052534739176,0,17,0,0.7372835874557495,0,20
736,24.408180883610708,0.5648747781912485,2,6,0,1.1741345822811127,0,10,0,1.2274119343076433,0,17,0,1.3409941991170247,0,20
737,4.812828931551066,0.42366443077723187,2,3,13.20428975517773,0.3525058746337891,2,8,0,1.1296717325846355,0,11,0,1.081760823726654,0,17,0,1.2749346892038982,0,20
738,0,0.8184401790301005,0,3,0,0.9879042931965419,0,10,0,1.0214596748352052,0,20
739,0,0.8803404569625854,0,3,0,1.1914302587509156,0,8,0,0.9981699387232462,0,20
740,16.453539694478483,0.3222159615584782,2,7,0,0.9578311800956726,0,17,0,1.0128273169199626,0,20
741,17.371664029180817,0.9429238637288412,2,3,0,1.3927330176035564,0,12,0,1.4776325225830078,0,17,0,1.4735431671142578,0,20
742,35.07608654439077,0.7213670909404755,2,4,70.93109015041145,0.5982688367366791,2,12,0,0.8342217728495598,0,20
743,0,0.763182520866394,0,3,0,0.9625449350902012,0,10,0,0.9155272722244263,0,20
744,11.892855713794043,1.1366688162088394,2,8,0,1.0774477422237396,0,12,0,0.9135762929916382,0,17,0,1.132843812306722,0,20
745,54.027669043085226,0.35773761942982674,2,8,0,1.023856282234192,0,11,0,0.8800995548566183,0,17,0,0.9949262936909994,0,20
746,0,0.7942049503326416,0,3,0,1.0232237180074055,0,9,0,0.9479082931171764,0,20
747,33.13954354957982,1.0763803958892821,2,5,0,1.1446015323911394,0,12,0,1.2081419229507446,0,17,0,1.3359620571136475,0,20
748,26.399105742638213,1.3311970631281536,2,3,0,1.3463028007083468,0,12,0,1.3032029628753663,0,17,0,1.3591687281926472,0,20
749,14.455279189737627,1.3724868827395968,2,9,0,0.9786725491285324,0,17,0,1.1471740007400513,0,20
750,22.71431782991414,0.591665580868721,2,8,0,0.969075083732605,0,11,0,0.9226032495498657,0,16,0,1.0258424282073975,0,20
751,0,0.9621527989705404,0,3,0,1.1725547115008037,0,9,0,1.0484237670898438,0,17,0,1.044757644335429,0,20
752,20.44678342089363,0.707040548324585,2,3,0,1.427801489830017,0,6,0,1.443331848491322,0,17,0,1.391915996869405,0,20
753,0,0.907308558622996,0,3,0,1.191641640663147,0,8,0,1.1290489435195923,0,11,0,1.1464053988456726,0,17,0,1.2412587404251099,0,20
754,17.26057100102389,0.18926432430744172,2,5,0,1.170925566128322,0,12,0,1.1555405855178833,0,17,0,1.166464885075887,0,20
755,9.76004211136509,1.709499180316925,2,4,0,1.3192157000303268,0,12,0,1.3815145254135133,0,17,0,1.314795970916748,0,20
756,8.013022292338695,1.010290837287903,2,5,0,1.21555415221623,0,12,0,1.2009056568145753,0,17,0,1.3027024666468303,0,20
757,0,0.8340147733688354,0,3,0,1.0146103700002034,0,9,0,1.0270414569161155,0,20
758,27.00933735476639,0.3628584027290344,2,5,8.733597307231951,0.40374962488810223,2,8,0,1.090729832649231,0,13,0,0.9269354939460754,0,17,0,0.8346892595291138,0,20
759,15.724642032708735,1.0301172534624736,2,6,0,1.2661246819929644,0,17,0,1.5011696418126423,0,20
760,36.3001549995408,1.5072790086269379,2,4,0,1.1470403854663556,0,17,0,1.3233439922332764,0,20
761,0.13039711178557645,1.0759029785792034,2,3,0,1.4253050088882446,0,12,0,1.4338395595550537,0,17,0,1.3253698348999023,0,20
762,7.6354092288189825,0.6990944370627403,2,8,0,1.1957341134548187,0,12,0,1.1049150943756103,0,17,0,1.3624526262283325,0,20
763,0.14288725541131483,0.9374912977218628,2,3,0,1.3122370110617743,0,12,0,1.2375656127929688,0,17,0,1.1871237754821777,0,20
764,31.728313800621102,0.5864130556583405,2,8,0,0.9751051929261949,0,17,0,1.081529935201009,0,20
765,28.826564181102444,0.31206735223531723,2,8,0,1.0669715139600966,0,17,0,1.228654384613037,0,20
766,29.3736995932366,1.3058504263559978,2,3,0,1.5215216080347698,0,6,0,1.482844889163971,0,12,0,1.4723534107208252,0,17,0,1.4325037002563477,0,20
767,11.468480221701821,1.0266715089480083,2,6,0,1.2222736423665828,0,17,0,1.3429501851399739,0,20
768,35.54274297835898,0.5865269303321838,2,4,9.115824893474068,0.5703203231096268,2,8,0,0.9633036851882935,0,11,0,0.9628308614095052,0,17,0,1.1542762915293376,0,20
769,0,0.9922621250152588,0,3,0,1.2564347783724468,0,9,0,1.2552503022280606,0,20
770,14.793687137674596,0.8181095719337463,2,6,0,1.0814499204809016,0,17,0,1.1815258661905925,0,20
771,24.537441544605432,1.2095117966334026,2,6,0,1.4519484584981746,0,17,0,1.6448566516240437,0,20
772,0,1.0385010242462158,0,3,0,1.2531059583028157,0,9,0,1.1059816533868962,0,20
773,0.29008206443656104,1.0031789541244507,2,3,0,1.3745444218317668,0,6,0,1.388969600200653,0,12,0,1.3499459266662597,0,17,0,1.3506131172180176,0,20
774,23.949201265113484,0.9536535739898682,2,5,0,1.051292250553767,0,17,0,1.2583497762680054,0,20
775,11.85368476579333,1.219964289665222,2,5,0,1.3700121641159058,0,8,0,1.3379647731781006,0,13,0,1.2200578153133392,0,17,0,1.132066051165263,0,20
776,7.098292611888613,0.38459394574165345,2,5,0,1.2486462593078613,0,11,0,1.110853095849355,0,17,0,1.1321181853612263,0,20
777,20.371534225184654,0.23101092502474785,2,4,0,1.1345067262649535,0,9,0,1.1567728966474533,0,17,0,1.1835270325342815,0,20
778,17.78723979380769,0.5735513766606649,2,3,0,1.4073676665623982,0,6,0,1.4948609670003254,0,12,0,1.4534981727600098,0,17,0,1.4340348641077678,0,20
779,0,0.8747670650482178,0,3,0,1.1610919038454692,0,9,0,1.1206134666096081,0,20
780,1.9763472188243112,0.8928342580795288,2,5,0,1.6553147335847218,0,17,0,1.6877584060033162,0,20
781,0.047624584833493855,0.9478934208552042,2,3,0,1.3142771650763119,0,20
782,22.15534133189998,0.2932504937052727,2,4,0,0.810964638988177,0,16,0,1.0869155824184418,0,20
783,0,0.8368487358093262,0,3,0,1.0300598740577698,0,9,0,1.0387053056196733,0,20
784,0,0.8254408439000448,0,3,0,1.0574430227279663,0,8,0,1.0405061642328899,0,11,0,1.0792414943377178,0,17,0,1.1407333612442017,0,20
785,0,0.816473921140035,0,3,0,1.0125821828842163,0,8,0,0.8875592417187161,0,17,0,1.0311177968978882,0,20
786,0,0.6681276162465414,0,3,0,0.807799498240153,0,9,0,0.7693008888851512,0,20
787,0,0.9027844468752543,0,3,0,1.227888035774231,0,8,0,1.0875330567359924,0,20
788,0,0.9066633582115173,0,3,0,1.2103229761123657,0,8,0,1.081741491953532,0,11,0,1.1084865530331929,0,17,0,1.2409791946411133,0,20
789,0,0.8810113469759623,0,3,0,1.1561693668365478,0,8,0,1.0090477069218953,0,11,0,1.0487753748893738,0,17,0,1.1857521533966064,0,20
790,0,0.7737653454144796,0,3,0,0.9346035122871399,0,9,0,0.9420102292841132,0,20
791,0,0.979486087958018,0,3,0,1.2216069459915162,0,8,0,1.0705740849177043,0,20
792,0,0.6867650747299194,0,3,0,0.7538092391831535,0,10,0,0.7436683654785157,0,20
793,0,0.8970229625701904,0,3,0,1.0942219734191894,0,8,0,1.0553930799166362,0,20
794,0,0.8958966930707296,0,3,0,1.2125336885452271,0,8,0,1.1133943398793538,0,20
