0,0.0034994910248067057,1.5353218333078558,2.0,51,0.02357624765606238,0.7022428283630008,2.0,105,0.0034994910248067057,1.5353218333078558,2.0,200
1,0.010455234985963284,0.9880471869476624,2.0,88,121.21897823724188,0.18213551329133776,2.0,117
2,121.21897823724188,0.18213551329133776,2.0,39
3,0.1721021847866652,1.889208271603341,2.0,42,0.007896616455656365,0.65899399017619,2.0,69
4,0.18058955797954884,1.4081066083301672,2.0,126
5,0.01632380160365538,0.7165936297773806,2.0,164,0.40756602357300675,1.4917379149085415,2.0,195,0.01632380160365538,0.7165936297773806,2.0,200
6,0.19640708830513673,0.6133454141332015,2.0,31,112.50399117189878,0.10934869577896308,2.0,37
7,0.19640708830513673,0.6133454141332015,2.0,119,112.50399117189878,0.10934869577896308,2.0,141
8,0.07975632647749654,1.8623645675815566,2.0,42
9,0.09631634905513647,1.2730082398067952,2.0,129
10,119.40144568658305,0.05774381592066792,2.0,75
11,119.40144568658305,0.05774381592066792,2.0,124
12,0.05953981231812712,0.5706173718117798,2.0,78,0.11124028077961648,0.7419976311300465,2.0,119,0.05953981231812712,0.5706173718117798,2.0,200
13,123.63177118196299,0.1098923417970867,2.0,50,0.12068969094404475,1.7778153344760919,2.0,192
14,0.03524985292170986,1.1256878558671028,2.0,140
15,118.61680339625418,0.08994125413235543,2.0,39,0.02445565059834156,0.7432726238782001,2.0,131,118.61680339625418,0.08994125413235543,2.0,200
16,0.05972996640854594,0.4769508654048924,2.0,41,0.10982657325472778,1.9747396644923505,3.0,47,118.17583781535266,0.07863442437492715,2.0,80,0.10982657325472778,1.9747396644923505,3.0,123,0.05972996640854594,0.4769508654048924,2.0,200
17,0.01865784063450353,0.8269823385386901,2.0,15,0.1992977432633831,1.6811549118424227,2.0,24,0.01865784063450353,0.8269823385386901,2.0,140
18,0.10138254923714903,1.2069965869920667,2.0,75,0.09685576994148053,0.5022955181556067,2.0,100,0.10138254923714903,1.2069965869920667,2.0,103,0.09685576994148053,0.5022955181556067,2.0,171,127.49163130822922,0.11816465025847453,2.0,174
19,0.015345542150157597,0.7114489658183483,2.0,200
20,0.12148063108591489,1.9117793600140751,3.0,46
21,0.05650261091197146,0.7169484372189272,2.0,78,0.14844878478663331,1.6178615113924912,2.0,127
22,0.07759675864514319,1.1285322945814662,2.0,17,122.87603597652236,0.08706150085367739,2.0,20
23,122.87603597652236,0.08706150085367739,2.0,5,0.051440492584614965,0.4608988869387444,2.0,33
24,0.04421224111176016,0.45101814766624093,2.0,56,123.16974893378423,0.00017773961947926964,2.0,85
25,123.16974893378423,0.00017773961947926964,2.0,7,0.16634092605923667,1.0442505216112101,2.0,22,0.04421224111176016,0.45101814766624093,2.0,33,0.16634092605923667,1.0442505216112101,2.0,98,0.04421224111176016,0.45101814766624093,2.0,110
26,117.08635968000448,0.18645492823590137,2.0,12,0.3164718889380236,1.7416507192173492,2.0,123,0.03199755658427042,0.3272196208762732,2.0,200
27,0.10884649183498772,1.8863502985419018,2.0,38
28,0.03103005420461332,0.5501395232925886,2.0,200
29,0.23056638480237265,1.9906407779394473,3.0,62
30,0.12929929517314628,1.9187379370394528,3.0,77,0.02623169884350194,0.5617795069891119,2.0,183
31,0.022945489517835427,0.5031755068221982,2.0,20,0.1698303654674125,1.7665585040934326,2.0,33
32,110.47567071967472,0.15944263751448032,2.0,24
33,0.12295067621673984,1.620899389168877,2.0,51,114.0642376483268,0.10385046825590644,2.0,83,0.04146576337965107,0.525529495517259,2.0,101
34,0.17838619928524052,1.748818368063072,2.0,152
35,117.67377663438316,0.06837857348757574,2.0,20
36,117.67377663438316,0.06837857348757574,2.0,14,0.08616376454238642,1.2311127473674548,2.0,37,117.67377663438316,0.06837857348757574,2.0,41,0.08616376454238642,1.2311127473674548,2.0,122
37,0.13331726110879813,1.317598452394831,2.0,28,0.01808282034001962,0.8263663927457754,2.0,35
38,116.8469019647696,0.08388826334345839,2.0,22
39,116.8469019647696,0.08388826334345839,2.0,20,0.13331726110879813,1.317598452394831,2.0,64
40,122.26591796804925,0.17271982664688215,2.0,31
41,122.26591796804925,0.17271982664688215,2.0,72
42,0.009298662349359488,1.075280798914428,2.0,200
43,0.09744614978026062,1.600556520175493,2.0,66,0.040398492116413366,0.21299161189829602,2.0,200
44,0.053623522137815724,0.6165418904963152,2.0,92,122.91114028422359,0.14690647943897242,2.0,97
45,122.91114028422359,0.14690647943897242,2.0,16,0.12419369986121019,1.165314782858141,2.0,102
46,0.10141770052489296,1.0890154331999158,2.0,32,115.9580864858981,0.01817299225811613,2.0,55
47,115.9580864858981,0.01817299225811613,2.0,12,0.20728801545717596,1.5875923757191837,2.0,33
48,0.09085706462018657,0.9193295699492755,2.0,142,0.20043845007622715,1.226632724069952,2.0,165,118.79143947203289,0.06538654036139527,2.0,200
49,0.2863472029599804,1.7090657045868183,2.0,3,0.004984645863846979,0.36914599032406803,2.0,57,112.82802277899856,0.11455817825150763,2.0,190
50,131.34424999115305,0.004350936795899929,2.0,37
51,131.34424999115305,0.004350936795899929,2.0,40
52,131.34424999115305,0.004350936795899929,2.0,78,0.3233933853631478,1.4555106337336963,2.0,97
53,0.14220414534480316,1.8500818195055797,2.0,72
54,0.011124235566752422,0.7063910706989016,2.0,63
55,0.023909545997971626,0.7163002898929933,2.0,152,116.8919871580734,0.19494517445679813,2.0,155
56,116.8919871580734,0.19494517445679813,2.0,7,0.22654221825109772,1.6652527067402163,2.0,44
57,125.76969917360971,0.16989562627418073,2.0,24
58,125.76969917360971,0.16989562627418073,2.0,14,0.08085480157808009,0.5038846243649207,2.0,42,125.76969917360971,0.16989562627418073,2.0,50,0.08085480157808009,0.5038846243649207,2.0,114
59,0.09189825527560198,1.598843941147624,2.0,13,116.5040950413767,0.0062787700633893245,2.0,19,0.09189825527560198,1.598843941147624,2.0,56,116.5040950413767,0.0062787700633893245,2.0,99,0.02405587257854975,0.9613572654140986,2.0,110,116.5040950413767,0.0062787700633893245,2.0,174,0.09189825527560198,1.598843941147624,2.0,200
60,0.18615771444078028,1.6364417617862899,2.0,6,0.04795204323644176,0.8464188585060162,2.0,116
61,120.06702501314278,0.13809220812876105,2.0,91,0.04340502838123713,0.5432886164520905,2.0,113,0.2578378214604242,1.234146699920292,2.0,200
