0,148.57711292727151,0.7564672945872197,2.0,23
1,0.011750573223912505,0.13705093732153345,2.0,61
2,137.36761955574818,0.8577003485089767,2.0,9,0.5593265168593718,1.1417460843316372,2.0,22
3,0.7207777383349931,0.809199117853846,2.0,200
4,142.64539402003751,0.7224781428149538,2.0,10,0.024092979398702027,0.20561617691074952,2.0,47,0.6523193608725051,1.3914845342730076,2.0,107,142.64539402003751,0.7224781428149538,2.0,114,0.6523193608725051,1.3914845342730076,2.0,123,0.024092979398702027,0.20561617691074952,2.0,133
5,0.6198568923568264,1.1797437666384893,2.0,27,0.009214226549008095,0.07336168857453096,2.0,115
6,0.6197789268347809,1.0477143743690691,2.0,43
7,145.55162294105182,0.46315519957553036,2.0,104,0.014636992567676236,0.421962341198875,2.0,142
8,144.22602430831557,1.1071095510344624,2.0,47
9,0.8735897680117867,0.6758867947469762,2.0,49
10,138.71519057394357,0.9318272562715925,2.0,24
11,0.032699368142695334,0.05914770703660088,2.0,161,134.20091447766322,0.7998130174980249,2.0,184
12,0.0018957763363763105,0.28868582111144514,2.0,34
13,145.3183945650654,0.7843438780211671,2.0,20
14,141.32502435173373,0.6306049228406868,2.0,7,0.8783254712083792,1.5763701102828618,2.0,24
15,141.9995167039829,0.4105999523942122,2.0,36,0.013164894362264633,0.3246392871609481,2.0,137
16,0.020983950798025584,0.38433097189450993,2.0,8,143.84470113958724,0.333778179355316,2.0,57
17,143.84470113958724,0.333778179355316,2.0,22
18,0.8980272550533441,0.6045323934860247,2.0,45,0.002776046868933674,0.5721404975922231,2.0,137,0.8980272550533441,0.6045323934860247,2.0,154,0.002776046868933674,0.5721404975922231,2.0,173,0.8980272550533441,0.6045323934860247,2.0,200
19,0.8519386655530246,0.9972709542674647,2.0,82,140.53608287730313,0.6910978393363714,2.0,93
20,0.17007580609665707,1.4262091523740006,2.0,200
21,0.0035042288109409904,0.1958169255547565,2.0,40,1.041046053369416,0.7434811095332123,2.0,54,0.0035042288109409904,0.1958169255547565,2.0,157,142.68963754303797,0.751968096657753,2.0,182
22,0.5752328758559561,1.2942407592444605,2.0,101
23,0.5752328758559561,1.2942407592444605,2.0,26
24,141.99725693600746,0.588920508329773,2.0,22,0.8193930053178822,1.1596541148948396,2.0,54
25,142.90214980388643,0.6881525866732611,2.0,26
26,145.69247301204095,0.7456998590195063,2.0,48
27,0.035229084827093186,0.3699024854696006,2.0,85,0.9323650528620873,0.7299727418129374,2.0,200
28,139.49443530505783,0.6529354038450214,2.0,20
29,139.49443530505783,0.6529354038450214,2.0,43
30,0.46064416294287347,0.7675236013811916,2.0,90
31,139.98648048177583,0.5048199570827359,2.0,3,0.70705687037375,1.298476848232123,2.0,116,0.0047831842882337175,0.2676166289653754,2.0,165
32,0.17187511596246313,1.0541425432949347,2.0,50
33,0.015697950503940475,0.31176371471241876,2.0,83
34,144.01780635954282,0.9429793899285065,2.0,4,0.5684784602743518,1.341717018820762,2.0,112
35,137.7146427207626,1.0002700032751712,2.0,20
36,0.6204436436049593,0.8874770808445342,2.0,47,142.23585415453007,1.0740127719396002,2.0,50
37,139.44936114805972,0.7984173196764892,2.0,7,0.7026302518453671,1.4527996169613553,2.0,100
38,0.7026302518453671,1.4527996169613553,2.0,41
39,0.4807943287414237,0.71808396051862,2.0,44,0.019255968789880208,0.2112371379707142,2.0,144,0.4807943287414237,0.71808396051862,2.0,200
40,149.803852018269,0.7322119739496533,2.0,62
41,0.6000993463378381,1.0958195834245061,2.0,41,0.025219040399817937,0.5159930242179318,2.0,83
42,141.7124156610118,0.5041605974840152,2.0,24,0.6000993463378381,1.0958195834245061,2.0,62
43,141.62832631516756,0.9214460808350419,2.0,26
44,0.018030626350783376,0.3098820300507419,2.0,78
45,0.017729220030982415,0.025680556973633584,2.0,12,0.5070903588842719,1.1455981869220855,2.0,46
46,0.0015445881566089803,0.11611128292260878,2.0,68,144.86415275271582,1.3220695498440633,2.0,80
47,0.0017716376146150712,0.05953106053128088,2.0,74
48,0.012991003339568971,0.6271643203756643,2.0,36
49,0.6814399049833552,1.0326842037037247,2.0,43
50,0.6814399049833552,1.0326842037037247,2.0,88
51,0.7637472747021149,0.9812620771766667,2.0,39,0.00997481897135799,0.6254557641358434,2.0,161,0.7637472747021149,0.9812620771766667,2.0,200
52,0.699698059433304,1.083478331333239,2.0,26,0.008809859394442829,0.3374589117082184,2.0,65,153.01820652958168,0.7055407827821082,2.0,68
53,144.70580882811578,1.0269972027091887,2.0,29
54,0.9096968913725056,1.2706210942274179,2.0,45
55,140.39150098685894,0.8261553570788378,2.0,50
56,140.39150098685894,0.8261553570788378,2.0,15,0.9096968913725056,1.2706210942274179,2.0,23
57,0.3933528660363488,0.6552356153390548,2.0,117,139.00103010748512,0.5738072041424072,2.0,120
58,139.00103010748512,0.5738072041424072,2.0,21,0.043213905660305606,0.12562897012920896,2.0,63
59,0.015492571302270303,0.4060162324876021,2.0,43,1.0123642224146545,1.4820888948476296,2.0,124
60,0.03987427983237043,0.4740363990202488,2.0,32,0.5215216881337952,1.814469249034668,2.0,47,0.03987427983237043,0.4740363990202488,2.0,77
61,0.029431927262177263,0.08147349912301893,2.0,112,0.4848386192678736,0.9948500138205536,2.0,148
62,143.65435117521045,0.7048440280373067,2.0,26
63,143.65435117521045,0.7048440280373067,2.0,14,0.008565819670114962,0.0583613189666477,2.0,25,0.7752698901041389,1.0432027316777965,2.0,113,0.008565819670114962,0.0583613189666477,2.0,122
64,0.018315152173852246,0.1768058350213099,2.0,20,0.5108030280073644,1.2670331906253742,2.0,65,140.66764885560957,0.6140749345125927,2.0,69
65,140.66764885560957,0.6140749345125927,2.0,25,0.018315152173852246,0.1768058350213099,2.0,43,140.66764885560957,0.6140749345125927,2.0,60
66,135.45347098086353,0.8431357151254251,2.0,22
67,135.45347098086353,0.8431357151254251,2.0,20
68,146.38004181900487,1.0150211552053199,2.0,31
69,136.5376495507848,0.5094781693425299,2.0,67
