0,0.005677594292801847,0.872260013767227,2.0,96,0.10922276945715649,1.6139525135483326,2.0,99,0.026735962502872086,0.8027427374139795,2.0,200
1,0.01938778219351281,0.2445077546901967,2.0,32,0.005554584522160601,0.6060343636262774,2.0,200
2,0.12350849941953043,1.7386791161824084,2.0,49
3,0.010617704196992503,1.220165616652522,2.0,107,0.14077897092644034,1.2405447697824388,2.0,143,0.010617704196992503,1.220165616652522,2.0,200
4,0.017269996435615394,0.2864355859345958,2.0,182,0.003844662744072705,0.28696459987015727,2.0,200
5,0.14208803793283897,0.40684382126666757,2.0,87,0.015980466574325634,1.1043591894336549,2.0,200
6,0.07524934783296194,1.4914366985234973,2.0,200
7,0.044493199305360165,1.5362553564190926,2.0,34,0.01475859608729484,0.8233383103295023,2.0,164,0.044493199305360165,1.5362553564190926,2.0,200
8,0.006239988161640443,0.7039193422487237,2.0,40,0.21008547401315464,1.7274717482246706,2.0,99,0.006239988161640443,0.7039193422487237,2.0,123,0.16440183163162742,0.7444496229952714,2.0,138,0.21008547401315464,1.7274717482246706,2.0,200
9,0.022050671677700612,0.8104834813268521,2.0,28
10,0.022050671677700612,0.8104834813268521,2.0,22
11,0.15821753729429655,1.5783173984898005,2.0,32,0.022050671677700612,0.8104834813268521,2.0,83
12,0.17088842949326016,0.8263421809402174,2.0,29,0.07459301569552952,1.8352894881258706,2.0,97
13,0.16213778021610087,0.2945781342639445,2.0,191,0.3076589904941657,0.9912405935686874,2.0,200
14,0.0014807370313093915,0.672820494934274,2.0,127,0.10812065606891266,0.44523803265365,2.0,162,0.18967512874253648,1.6337320080714453,2.0,200
15,0.012449729618960584,0.8162335855573706,2.0,4,0.10323320700644543,0.7070945323858114,2.0,28,0.012449729618960584,0.8162335855573706,2.0,36,0.10323320700644543,0.7070945323858114,2.0,57,0.012449729618960584,0.8162335855573706,2.0,113,0.10323320700644543,0.7070945323858114,2.0,116
16,0.10323320700644543,0.7070945323858114,2.0,29
17,0.04368502229566709,0.4901622930771644,2.0,200
18,0.023228786794740636,1.6432810129679505,2.0,24,0.006772153753464176,0.6768339089728217,2.0,157,0.03341271953158538,0.7971209304455987,2.0,199
19,0.037073581922342544,0.5750945844344983,2.0,64,0.009990006835381414,0.7299438492866992,2.0,200
20,0.13958973318397944,1.2989457285036443,2.0,149,0.1178114596251433,1.0380501985000559,2.0,200
21,0.2660072855322847,1.4895968606831895,2.0,5,0.05433493342217232,0.23311700420704307,2.0,193
22,0.00013006525427220546,0.23257097426488205,2.0,109,0.07072526480758878,1.2197254671418956,2.0,137
23,0.1050875483636699,1.0290369859834827,2.0,63
24,0.1050875483636699,1.0290369859834827,2.0,5,0.02118180485063105,0.4495971120010084,2.0,47
25,0.023984350702291674,0.44426914793291133,2.0,118,0.14610086097134956,1.4050470645393929,2.0,200
26,0.0007652327607662015,0.49199858989451084,2.0,164,0.022321546201155403,0.7915100776081592,2.0,200
27,0.023726925182246783,0.9238208579753442,2.0,125,0.15249568039519998,1.3824403188676924,2.0,200
28,0.08113454149010559,0.20882107272255002,2.0,67,0.0012628265123134212,0.7770436659470338,2.0,200
29,0.09123491124499214,0.40174425742369135,2.0,136,0.07557852602200764,1.4741665873369765,2.0,150,0.010770113803121689,1.115540054821253,2.0,200
30,0.023416278787358788,0.6874258182729709,2.0,200
31,0.005611664220302196,0.8281489278004495,2.0,76,0.04116360530834832,0.30059703610330546,2.0,83,0.18297141786028454,1.5981892769834258,2.0,103,0.04116360530834832,0.30059703610330546,2.0,200
32,0.16511753126027073,0.6261647926522762,2.0,79,0.014886813956122125,0.9658607600419831,2.0,200
33,0.22580999817073394,1.5848276898809601,2.0,12,0.11805530063343693,0.5826968860853176,2.0,35,0.00019303044221868383,0.6024272581350738,2.0,52,0.22580999817073394,1.5848276898809601,2.0,200
34,0.11947511319713097,1.0986287941492594,2.0,31,0.003908529257818818,0.7866566416281083,2.0,200
35,0.2032091416061979,1.7423229068660437,2.0,174,0.004149967142253325,0.7152656735366985,2.0,200
36,0.1331718817058364,1.6384125411461903,2.0,164,0.006567985178686748,0.639729093524043,2.0,174,0.15665673127515523,0.4901867156135349,2.0,200
37,0.11036265998371617,1.885960647616029,2.0,55
38,0.008855418650905722,0.7636879855639833,2.0,91,0.13470838476418207,1.1047109851362371,2.0,200
39,0.011415116695070247,0.7781928256606017,2.0,31,0.14414343843324706,1.453674340178955,2.0,200
40,0.10250216164778161,0.5818391671716537,2.0,69,0.02619057403912286,0.8832106713997658,2.0,200
