0,0.03989344630294144,0.6569016143198936,2,62,0.07523112049030996,0.6512707273165385,2,65,0.04200900598692822,0.6714875804053413,2,110,0,0.6790089905261993,0,114,0,1.4056166069848197,0,121,0,1.579698608471797,0,134,0,0.9547825256983439,0,137,0,1.3964301745096843,0,140,0,1.668354286087884,0,149,0,1.6243284940719604,0,170,0,1.7060068845748901,0,179,0.03962416690198876,0.6320165991783142,2,183,0,0.5207116484642029,0,188,0,1.291374021106296,0,197,0,1.358683466911316,0,200
1,0.10251738917773273,0.38057466640191917,2,68
2,0.14901847446210634,0.5745481079137778,2,79,0,0.9132552590251954,0,200
3,0.04720098338396695,0.5746045739619763,2,77
4,0.08990842301103241,0.18938578033086026,2,66,0,0.4669313940309709,0,128,0,0.4464303959499706,0,172,0,0.43565298936196734,0,200
5,0,0.47804188507574574,0,27,0,0.5743390339262345,0,61,0,0.6350697636604309,0,136,0.18088285623991404,1.235164422255296,2,175,0.28230601485974344,1.0362380544344585,2,181,0.10326982539066415,1.4092055002848307,2,196,0.6636958648150312,1.239655574162801,2,199
6,0.048193572071632,1.6918682473046438,2,35,0.028359579067798943,1.2930443584918976,2,39,0.021751858156900117,0.7582576925517949,2,170,0.04796641300195592,1.6126672625541687,2,200
7,0.19957307623345444,0.2142009666596336,2,87,0,0.9489834530163656,0,200
8,0.13083661349513137,1.3714291698792402,2,34,0.3096355350547241,1.2861119906107585,2,37,5.32099381488467,0.7161751687526703,2,41,0.33706077692755054,1.7964266538619995,2,49,23.64503914195328,0.8168033758799235,2,52,0.27433774178596193,1.5366736139569963,2,59,2.2099840819922894,0.224856307109197,2,62,66.88136590893644,0.033191364258527756,2,66,31.446382558432397,0.10625716671347618,2,70,5.15575204850101,0.3072635233402252,2,74,0,0.7226546049118042,0,79,1.7004306788599495,0.43265584856271744,2,83,76.70727260255451,0.04004954960611132,2,92,0.1356980989611198,0.4255661765734355,2,95,0.03650048420385384,0.36647172272205353,2,99,75.9635409971472,0.04029705375432968,2,105,10.797788992800172,0.11312935252984364,2,108,0.17570652582692256,0.43050356209278107,2,111,78.69110141353676,0.049713930913380215,2,118,0,0.9669123490651449,0,121,13.86841270544449,0.13648368418216705,2,124,66.50174500735397,0.0522412471473217,2,148,0.09139931563180156,0.744445284207662,2,151,11.848571033266934,0.16630145907402039,2,154,0.13288609674838275,0.48005245129267377,2,157,78.10079096707972,0.04375713691115379,2,161,11.319496432932144,0.16592257718245187,2,164,0.1751358667586092,1.8417058653301663,2,173,0.1667286924443002,0.30139873921871185,2,177,70.76247977038814,0.04697265807125303,2,195,0,0.7339655458927155,0,200
9,0.12372945207490531,0.5946537918514676,2,36,0,0.3398234937340021,0,52,0.1589072004800128,1.4729277258333953,2,121,0.23388507351771548,1.4669837057590485,2,161,8.863064580730407,0.04665766656398773,2,166,0.7854547619716583,0.20049700637658438,2,169,12.437196030790354,0.02286049723625183,2,173,0.9362286777891223,0.16994718089699745,2,177,6.097917051067389,0.06313101947307587,2,180,0.1796691722621253,0.1074748009443283,2,185,3.509536954311791,0.024396767218907673,2,188,0.07960068678692737,0.3381471435228984,2,191,11.748466000723496,0.049375241001447044,2,200
10,0.09729690122570607,0.937021404504776,2,4,0,1.444374918937683,0,20
11,0,0.40612896027103546,0,31
12,0.13192632373465898,1.095660611987114,2,200
13,0.13580745237576114,1.6527878413965673,2,162,0.053579284859509906,0.9962871472040812,2,174,0.08947455566404611,1.0131988066893358,2,200
14,0.08095880117287967,1.1786150234501536,2,82,0.5928528826480027,0.20250218212604523,2,87,3.660254663992228,0.03504680655896664,2,103,0.7493272025796854,0.1360231190919876,2,106,3.6535743684963085,0.016644003801047802,1,122,0.0931597229266907,0.25852997601032257,2,125,1.737276316630957,0.012536903222401937,1,128,0.053909039976186214,0.7458147207895914,2,131,0.10808823595450545,0.6399200956026713,2,134,1.8614120243191352,0.0933577333177839,2,141,0.13703219710080392,0.7009486357371012,2,147,3.854234264148843,0.01070396602153778,1,152,0.3216717504514436,0.19745085537433624,2,157,2.867699710290748,0.011510448902845383,1,177,0,1.3042383556780608,0,200
15,0,0.6072750607641731,0,82,0.21332093282428957,1.5264650980631511,2,103,0.11052859118935808,1.2779529094696045,2,106,0.03548131472027818,0.31239950530072474,2,200
16,0,0.3699626544347176,0,26,0.023690091790030874,0.5916605284137111,2,57,0.10110490513166691,0.6913531025250753,2,63,3.157370822669747,0.10190188586711883,2,68,6.042284736551404,0.07928789572583304,2,86,0.3619433810524902,0.32861677805582684,2,89,10.818875208926086,0.06608964999516805,2,92,0.8336941117846585,0.38160474101702374,2,95,12.810920728879756,0.07233253121376038,2,98,0.09340856918818462,0.3677497565746307,2,103,11.803393144059388,0.05842770848955427,2,110,0.0840987821734539,0.38891030351320904,2,116,13.532762295576655,0.07255356420170177,2,127,0.4134956554596913,0.48837378025054934,2,132,12.653620733687767,0.0987474215882165,2,139,0.5461303386081168,0.4611694912115733,2,142,11.20561904992577,0.09391379995005471,2,149,0.08374282462538389,0.8903599580128988,2,152,9.52834876338639,0.08511863400538762,2,158,0.9033511853902114,0.41266903281211853,2,161,5.109561007692101,0.09904028732201149,2,190,10.120936562142731,0.11481715100152153,2,197,0.8786846068904379,0.2951230009396871,2,200
17,0.1617661167420274,1.781497649524523,2,46,0.08555941078162016,1.779510537783305,2,49
18,0.05476577206243044,0.3598393052816391,2,118,5.8715977346524735,0.40963062047958376,2,123,0.1677119911890811,0.45514146486918133,2,126,5.837166445130242,0.4063047990202904,2,130,0.7331082964631803,0.5057194928328196,2,133,6.083673232460617,0.49641676743825275,2,136,0,0.6954938371976217,0,139,2.4295661200477388,0.45419616252183914,2,143,0,0.4260991334915161,0,148,5.322616957110762,0.23640583320097489,2,159,2.0603191775481373,0.27269916981458664,2,163,0,0.3578307516872883,0,171,5.911593385881693,0.10192006081342697,2,177,0,0.42797425389289856,0,183,1.679015330059971,0.23557748645544052,2,189,0,0.3431101342042287,0,192,0,0.2859741151332855,0,196,7.6457316621456615,0.11783817782998085,2,200
19,0.12277498722476005,1.2876480221748352,2,4,0.21558830469809603,1.1828302542368572,2,7,1.3094727293337332,0.506618219614029,2,12,2.808468758296039,0.4003751575946808,2,17,0.15320155267357688,0.7270399431387583,2,23,0.8602507685648784,0.6390887498855591,2,26,0.11197003901346256,1.0649720827738445,2,29,56.28876855266189,0.12216398864984512,2,37,0.09421191250142835,1.211129516363144,2,41,68.08742743180522,0.13533931970596313,2,49,0.808861208631976,0.6378990213076273,2,52,5.918783819256431,0.32463952898979187,2,55,0,0.6057832541136906,0,200
20,0,0.49127328892548877,0,6,0.3937416121534221,0.274154132604599,2,11,9.559398871132633,0.08886423210302989,2,14,0.0813945036709525,0.4637519220511119,2,17,0.5741998766358366,0.3311526030302048,2,21,6.286529200898849,0.108390673995018,2,25,0,0.36931783705949783,0,29,10.24991943143955,0.08274942636489868,2,32,0.35244803220656473,0.38858188688755035,2,36,0,0.610374649365743,0,39,9.210501204463817,0.07544373869895935,2,44,0.08534330752295116,0.5339390486478806,2,47,0,0.6273187001546224,0,50,0.5346324146577452,0.35949885547161103,2,55,8.78973469009909,0.1342440148194631,2,58,0,0.7290554195642471,0,62,0.4542247131688996,0.4194589667022228,2,66,0,0.8368641138076782,0,69,7.856760337541546,0.21945234139760336,2,72,0.28573728881456717,0.4687461443245411,2,76,0,0.501796655356884,0,80,2.74633116049916,0.22717126831412315,2,84,0,0.6228112777074178,0,87,4.152445115850803,0.1683202266693115,2,92,0,0.9686506191889445,0,95,8.388043915696775,0.1783627470334371,2,98,0,0.6205904856324196,0,102,0.6850251118299022,0.24603892862796783,2,105,0,0.879213015238444,0,108,1.2159526711818103,0.27711282670497894,2,111,0,0.448417733112971,0,114,7.607361629669077,0.08001739084720612,2,119,0,0.549276073773702,0,122,8.843945842904926,0.12197429438432057,2,125,0,0.5915442903836569,0,128,0.34898781301519727,0.37238940224051476,2,132,9.00254854657925,0.14396496613820395,2,135,0,0.6731803814570109,0,138,7.849252853635056,0.16424494485060373,2,141,0,0.8375938683748245,0,145,8.962618531983713,0.11667310260236263,2,153,0,0.34852855404218036,0,159,8.814898165565117,0.10330825746059417,2,164,0.06894148399330356,0.31587393283843995,2,169,7.281250662280951,0.07826648652553558,2,175,0.13784748062565402,0.4673191507657369,2,178,9.953234201597382,0.05989797910054525,2,181,0.12294067765829757,0.35493411496281624,2,185,9.610445529278852,0.10494250059127808,2,188,0.036098681243025996,0.7060351286615644,2,195,1.6954958067372607,0.253151935338974,2,200
21,0.19633036904869908,0.3153744820196917,2,157
22,0,0.7107759453356266,0,32,0.177890319011079,1.4825795934750483,2,58
23,0,0.03303554205045308,0,73,0,0.022024247207139667,0,111,0.18336126574314293,0.7500604659318924,2,131,0,0.7485368450482687,0,134,0.26410876321745586,0.884334127108256,2,137
24,0.07468361497375399,0.5024449626604716,2,3,1.2894722979256001,0.15979739278554916,2,7,9.35325634730357,0.055372258027394615,2,19,0.10541924878222472,0.33056060075759885,2,24,9.91973478817237,0.04616967302102309,2,37,0.023336707784530383,0.6042737364768982,2,40,12.066591557405369,0.052009190122286476,2,43,0.05245432699864871,0.5253625611464182,2,46,7.386928809690841,0.1704595386981964,2,49,0,1.041995108127594,0,53,0,1.0654502511024475,0,57,10.46020846236388,0.05490541458129883,2,61,0,0.7594823837280273,0,64,8.358526246391435,0.10459265609582265,2,67,0.042755754842572095,0.5111322949330012,2,70,10.351158345813463,0.03472831348578135,2,79,0,0.7881914774576823,0,82,10.977380388510976,0.047685916225115456,2,85,0,0.5798575480779012,0,88,5.377643146550045,0.10844623744487762,2,93,0.033377153936857314,0.43742692470550537,2,96,3.3037233050243,0.08539929240942001,2,100,11.996753225789634,0.01612105071544647,1,105,0,0.4225059449672699,0,110,0.5398115676811863,0.38960007826487225,2,113,0,0.42188944667577744,0,117,0.7373451603702947,0.1812617083390554,2,120,10.978912121432925,0.028020349996430532,2,127,0.0545465880345321,0.5344402541716894,2,133,11.509352509447893,0.04939831793308258,2,136,0.05055165187200099,0.5574031174182892,2,139,7.0261091781678005,0.10452169179916382,2,142,0,0.5989172160625458,0,146,9.456101988362,0.044782213189385155,2,157,0,0.5278184056282044,0,162,8.757627488635409,0.10309153298536937,2,165,0.07000489396333417,0.9353024363517761,2,169,11.348209613806663,0.03277502954006195,2,173,0.6334996921078299,0.2829688588778178,2,176,9.396127663046116,0.030807040276981536,2,197,5.742771247753092,0.17884782453378043,2,200
25,0,0.6079718912585398,0,89,0.07221641121243041,1.1527101198832195,2,92,0.14584880511188192,1.1659039093388452,2,200
26,0.11666105109348375,0.41083976021711377,2,69,0.031586183440298225,0.7984820698436937,2,107
27,0,0.9690700145525353,0,107,0.17367029366984682,0.9832518918173654,2,142,0,0.9177429244436067,0,200
28,0,0.763326292236646,0,96,0.02981802764418117,0.7233466609166219,2,200
29,0,0.7299402554829916,0,3,0,0.3256231974810362,0,11,0,1.0108171159570867,0,22,0.03785425265626604,0.5328159093856811,2,27,0,0.31385877132415774,0,32,0,0.5037285462021828,0,36,0.12371987503762391,0.404835323492686,2,39,0,0.5361496955156326,0,43,0,0.4293429212910788,0,50
30,0,0.9698567115343534,0,13,0.08509409093001212,0.1030721345118114,2,20,0,0.5490532716115316,0,23,0,0.2929694473743439,0,28,0.13727820257599746,0.020013357202212017,2,34,0,0.13708624243736267,0,37,0.11304618132777991,0.03955123424530029,2,62,0,0.8774830996990204,0,66,0,0.7501411616802216,0,76,0.07700279124920563,0.18929778784513474,2,80,0,0.4975976347923279,0,83,0,0.22468999028205872,0,88,0.06146757813442831,0.18584288160006204,2,91,0,0.19475441177686056,0,94,0.11283362065759175,0.12353440099640896,2,132,0.1754507416107621,0.07322653134663899,2,135,0,0.47019749879837036,0,138,0,0.3203098028898239,0,143,0.11572898826816917,0.11532356057848249,2,164,0,0.35711934891614044,0,175,0.028056000228600587,0.08458571963840061,2,184,0,0.16804723143577577,0,189,0.0339373047533224,0.20281383395195007,2,193,0,1.1224072376887004,0,196,0,0.7997080981731415,0,200
31,0.06230490165124817,0.7504069407780966,2,27,0,0.7272598644097646,0,33,0.055096129334828256,0.7870280861854553,2,38,0.31245143050738344,0.46928342680136365,2,44,0.4669660512735443,0.2851016982035203,2,55,0.026565598038145115,0.6025984446207683,2,85,0.06785090299539703,0.6093655074796369,2,116
32,0,0.5108094314734141,0,3,0,0.1488601631588406,0,12,0,1.3376041332880655,0,27,0,1.3250883647373743,0,34,0.04558477698027903,1.0319904883702595,2,37,0,0.9145298401514689,0,40,0.23193023030966783,1.5947630206743877,2,46,0.1523093813957486,1.5632492708710004,2,99,0,1.0052502346038819,0,124,0.036502764432688906,0.8645524183909098,2,127,0.2008100279418589,1.0889438561030798,2,134,1.9035391198172378,0.4447154626250267,2,146,0.06225688210925572,0.9226100742816925,2,150,10.233342042960155,0.39550635814666746,2,155,0.167737981983521,1.1107600629329681,2,159,26.982689072375983,0.5504079014062881,2,163,0.18791257415737608,1.5632787148157756,2,169,48.97966301921258,0.0930308923125267,2,173,0.1293288514663993,1.2498000860214233,2,178,3.1506562036699943,0.6181242316961288,2,182,1.0619282924045166,0.6379296580950419,2,185,75.97994223384289,0.554686427116394,2,188,0.29723873257059885,0.7876252134641012,2,191,51.03352055738391,0.24240650733311972,2,200
33,0,0.9108518759409586,0,3,0,0.8484790325164795,0,6,0.10042052131803021,0.8671371936798096,2,9,0.16396961687054581,0.8804330545313218,2,43,0.2126902945983506,0.8278969551126162,2,67,0.10445504246911169,0.29955184161663057,2,77,0.05514432873679385,0.3077663481235504,2,80,0.025253209095986582,0.30491285853915745,2,107,0.054902115012982824,0.40658752123514813,2,110
34,0,0.9030785163243612,0,3,0.1861940266026861,0.8407047033309937,2,8,0,0.867988387743632,0,11,0.2828223399692903,0.7907930051579195,2,28,0.04815884393711771,1.6279174852371217,2,78,0.07544605123683956,1.4803693106299953,2,97
