0,22.12562045658068,0.522708261013031,2,5,0,0.7493185301621755,0,17,0,0.9927925268809,0,20
1,0.3448744303355998,1.0835407972335815,2,3,0,1.4332537121242948,0,12,0,1.4082838773727417,0,17,0,1.3725502490997314,0,20
2,125.37763692259222,0.024978140369057655,2,8,0,1.2093844016393025,0,11,0,0.9219329158465067,0,17,0,1.0572903951009114,0,20
3,0.12195484124169106,0.9005898833274841,2,3,0,1.220567492877736,0,20
4,32.1455068732865,0.5888049337599013,2,9,0,1.0269796401262283,0,17,0,1.138363520304362,0,20
5,0.26358121239653154,1.0163333415985107,2,3,0,1.4728882759809494,0,11,0,1.4228127996126811,0,17,0,1.328151822090149,0,20
6,18.328459457787403,0.9196297407150269,2,25
7,0,1.013094385464986,0,3,0,1.2354337215423583,0,8,0,1.1312441229820251,0,20
8,20.39765894997411,0.46725673228502274,2,4,84.89495522677186,0.3972129871447881,2,16,0,1.075955092906952,0,20
9,20.07936027789,1.059903234243393,2,4,0,1.1117350596647997,0,17,0,1.1261986096700032,0,20
10,0.3117327287019441,1.0708792209625244,2,3,0,1.3698345720767975,0,11,0,1.3158385554949443,0,17,0,1.2407760620117188,0,20
11,25.327686794746967,0.9101255337397257,2,3,0,1.6571100503206253,0,11,0,1.6466113527615864,0,17,0,1.571458101272583,0,20
12,0,0.6428328156471252,0,3,0,0.6525053083896637,0,9,0,0.6325617866082625,0,20
13,11.125172314062056,0.8196259907313755,2,7,0,0.973642110824585,0,17,0,1.098469336827596,0,20
14,0.08986193172184133,0.6841455101966858,2,3,0,1.1000705295138888,0,12,0,1.135100245475769,0,16,0,1.054813712835312,0,20
15,27.974931954573403,0.6438426772753397,2,6,0,1.3313085274262861,0,17,0,1.4784761667251587,0,20
16,0,0.8584026495615641,0,3,0,1.0194188356399536,0,8,0,0.9619733989238739,0,20
17,2.4573629391559018,0.5463586619922093,2,7,31.297334213130316,0.2120453491806984,2,17,0.5146426452769463,0.48260252674420673,2,20
18,19.30221016329809,0.36175448447465897,2,8,0,1.1449497938156128,0,12,0,1.0410446166992187,0,17,0,1.2764554023742676,0,20
19,0,0.7952723701794943,0,3,0,0.8999937091554914,0,10,0,0.8818262815475464,0,20
20,0.2947222761466747,1.1899336973826091,2,3,0,1.6536486546198528,0,9,0,1.6715918332338333,0,17,0,1.5763039191563923,0,20
21,0.4172068150778775,1.1559534867604573,2,3,0,1.4868534122194563,0,10,0,1.4389832701001848,0,17,0,1.434181849161784,0,20
22,0,0.8240787188212076,0,3,0,1.0594404339790344,0,9,0,0.949175401167436,0,20
23,26.965666516536718,0.6201858334243298,2,16,0,1.2314746379852295,0,20
24,5.899027008010206,0.4338354170322418,2,3,0,1.33962000740899,0,12,0,1.3220140039920807,0,20
25,15.245405017801858,0.9515329202016195,2,3,0,1.4589729309082031,0,6,0,1.5448077321052551,0,12,0,1.5135244369506835,0,17,0,1.4195938905080159,0,20
26,26.806203873532596,0.5505337238311767,2,5,0,1.0637393693129222,0,17,0,1.227094332377116,0,20
27,1.3068861773727778,0.35324767231941223,2,3,19.51227370993306,0.018426835536956787,1,11,6.420913842044381,0.08499320844809215,2,14,14.524704604405102,0.04169211288293203,2,17,6.732441437630558,0.15377054611841837,2,20,20.620778965639182,0.021713753541310627,2,23
28,22.96578329085657,1.1484676202138264,2,6,0,1.4915887372834342,0,20
29,14.842221705157186,1.0203593770662944,2,6,0,1.1533327536149458,0,17,0,1.375504493713379,0,20
30,0,0.9330886006355286,0,3,0,1.2119098504384358,0,9,0,1.1585008651018143,0,17,0,1.2781308492024739,0,20
31,39.24201806614229,0.09079834708461056,2,27,0.4405244651054849,1.2551605436537001,2,36,136.47707759812644,0.22183824703097343,2,40,35.53015250870062,0.2788308064142863,2,43
32,43.60102948020997,0.3111881583929062,2,10,0,0.7762634754180908,0,14,0,0.6815773844718933,0,17,0,0.8432168563206991,0,20
33,43.429226747115365,0.8743969542639596,2,7,108.21869048431327,0.9242095549901327,2,10,582.0220531395056,0.016115973393122356,1,19,380.91524012475725,0.07643334070841472,2,22,34.8422601003951,0.5397247731685638,2,27,22.68630223020778,0.6091273228327433,2,30
34,21.74491188679651,0.4287428706884384,2,10,34.774711258091976,0.4218323826789856,2,15,147.86805154819945,0.45419662197430927,2,21
35,0,0.7198306520779928,0,3,0,0.8733426332473755,0,8,0,0.8065792719523112,0,11,0,0.86257537206014,0,20
36,34.975424463271835,1.1469420433044433,2,5,0,1.3053861161073048,0,17,0,1.5125110546747844,0,20
37,13.134517811371747,0.8303292691707611,2,4,0,0.9437258885456965,0,17,0,1.0844275156656902,0,20
38,0.3069545934003082,1.1775774558385212,2,3,0,1.5603955454296536,0,12,0,1.5840879678726196,0,17,0,1.53563396135966,0,20
39,0.4193221945247778,0.7894731163978577,2,4,22.164054663674108,0.5014981627464294,2,8,119.06916851653119,0.25017819749681575,2,27,10.24002117825335,0.781725267569224,2,30,6.6656243792339245,0.8098553816477457,2,33,27.487417704830502,0.10331418365240097,2,39,1.0954690604399633,1.3181371316313744,2,55,1.7663364023840078,1.1606442133585613,2,58,19.66632561961858,0.15513129830360411,2,63,53.16548677904498,0.16376137137413024,2,73,2.99702251319789,0.877815117961482,2,92
40,32.16884593425833,0.6947965224583944,2,3,0,1.3990398248036702,0,6,0,1.500005880991618,0,12,0,1.464317798614502,0,17,0,1.426653504371643,0,20
41,14.092566429983874,1.0500615119934082,2,15,0,0.7375135898590088,0,20
42,85.19645505954975,0.39074549078941345,2,9,43.09784735925022,0.7357924154826573,2,23
43,26.033836910478666,0.6305594921112061,2,10,0,0.7878706880978176,0,17,0,0.869981050491333,0,20
44,53.17037237722043,0.48965580264727276,2,3,0,1.424720499250624,0,12,0,1.3765432596206666,0,17,0,1.358012278874715,0,20
45,0,0.8692986170450846,0,3,0,1.0977936188379924,0,9,0,1.1076481491327286,0,17,0,1.2006022532780964,0,20
46,36.06897145011687,0.37720224261283875,2,10,0,0.8066239782742092,0,17,0,0.8529536724090576,0,20
47,28.376767575974224,0.4646640568971634,2,10,0,0.7583571970462799,0,14,0,0.6497743725776672,0,17,0,0.727363646030426,0,20
48,40.24674359927344,0.4553928199139508,2,22
49,0,0.908089796702067,0,3,0,1.1941295385360717,0,8,0,1.164649486541748,0,11,0,1.1893067955970764,0,17,0,1.2545153697331746,0,20
50,28.30510834329881,0.14681295979590642,2,21,12.277554328342637,0.23095811903476715,2,25,3.5457392889568964,0.4930309270109449,2,32,5.330347564724033,0.4749598910934047,2,51,6.832790212691766,0.4810393787920475,2,59
51,0,0.7346288363138834,0,3,0,0.8224403091839382,0,10,0,0.8132507622241973,0,20
52,0,1.0233156085014343,0,3,0,1.2558621644973755,0,8,0,1.156930963198344,0,20
53,13.331789462285554,1.0421667363908556,2,9,0,1.0879757006963093,0,12,0,1.0602778196334839,0,17,0,1.2032239039738972,0,20
54,0.32748205116710327,0.9432609875996908,2,3,0,1.6424835473299026,0,11,0,1.6495031714439392,0,17,0,1.5929406086603801,0,20
55,45.107938287281016,0.5213470544133868,2,21
56,21.28145808135769,0.752892017364502,2,4,0,1.2187296897172928,0,12,0,1.172902512550354,0,17,0,1.1424026489257812,0,20
57,21.303689519328195,1.084834989379434,2,17,1.6852771335011418,1.000689188639323,2,20
58,0,0.8021174271901449,0,3,0,1.034717869758606,0,8,0,0.9435438315073649,0,11,0,0.9621522029240926,0,17,0,1.0560346444447835,0,20
59,0,0.7094529867172241,0,3,0,0.8345500230789185,0,9,0,0.8374894965778698,0,20
60,43.101249859593395,0.7032234122355779,2,12,0,0.9249540492892265,0,20
61,21.913146342745872,1.177112028002739,2,16,0,1.064153015613556,0,20
62,13.689790966056618,1.05284697668893,2,7,0,1.2229837656021119,0,17,0,1.4722172419230144,0,20
63,0.12277982895138703,0.9951697190602621,2,3,0,1.3357568052079942,0,12,0,1.2565938234329224,0,17,0,1.2216649850209553,0,20
64,14.025281840893106,0.7913961172103882,2,5,0,1.3998250280107771,0,12,0,1.4428557872772216,0,17,0,1.4773252407709758,0,20
65,15.798887056513498,0.2761914163827896,2,5,0,1.2404745817184448,0,12,0,1.346561598777771,0,17,0,1.3674593766530354,0,20
66,9.978250079583672,0.40324880480766295,2,5,0,1.3797576824824016,0,17,0,1.521660288174947,0,20
67,31.315057162288014,0.5184156000614166,2,3,44.39682882032967,0.49643736332654953,2,11,0,0.9675701061884562,0,14,0,0.8195723295211792,0,17,0,0.999100128809611,0,20
68,0.15965603509060605,0.8565988938013712,2,3,0,1.3018863730960422,0,12,0,1.3115656614303588,0,17,0,1.2771089871724446,0,20
69,38.01324884921162,0.4056855823312487,2,7,0,0.9467525879542033,0,10,0,0.9073737859725952,0,17,0,1.0000196695327759,0,20
70,10.809022973570254,0.7853251218795776,2,5,0,1.0734613140424092,0,17,0,1.253728707631429,0,20
71,0.2638495996803398,0.6803326308727264,2,3,0,1.2806105473462273,0,20
72,11.724544763155789,0.6778698563575745,2,3,0,1.1201264262199402,0,11,0,1.2966309785842896,0,17,0,1.2728306849797566,0,20
73,53.409232110779314,0.29491948485374453,2,5,70.8963628340155,0.2573488267759482,2,17,0.2188627509532179,0.6981664299964905,2,20
74,0,0.7572615146636963,0,3,0,0.8438547948996226,0,9,0,0.8329285816712813,0,20
75,28.053355460672652,0.6727436913384331,2,9,0,0.9069952964782715,0,12,0,0.7618128180503845,0,17,0,0.8998832503954569,0,20
76,18.857175778869202,0.5059356540441513,2,8,0,1.0716573264863756,0,17,0,1.228216330210368,0,20
77,37.21474634097141,0.3691287620200051,2,18,26.939504470492512,0.3978709578514099,2,21
78,24.9958597840701,0.8311682939529419,2,14,63.719257224541536,0.8447184960047404,2,20
79,0,0.6825095017751058,0,3,0,0.7375434736410776,0,9,0,0.703901388428428,0,20
80,0,0.9276325305302938,0,3,0,1.206640625,0,8,0,1.2238630453745525,0,20
81,22.982031474891897,0.552288606762886,2,4,0,1.1967265844345092,0,9,0,1.4529967606067657,0,17,0,1.5426987409591675,0,20
82,16.76976595135111,0.6796624213457108,2,4,0,1.4177724123001099,0,12,0,1.478430199623108,0,17,0,1.5658375422159831,0,20
83,30.089770289534734,0.29765137413452414,2,29
84,23.854357135558725,0.6119768449238369,2,7,0,1.1104328393936158,0,17,0,1.2197893460591633,0,20
85,0,1.0042616923650105,0,3,0,1.214718747138977,0,8,0,1.097008655468623,0,20
86,15.239081149496055,0.10656120628118515,2,6,0,1.0600449442863464,0,10,0,1.0378356320517403,0,17,0,1.062745213508606,0,20
87,13.765262194146022,1.221530795097351,2,3,0,1.0352358023325603,0,6,0,1.0749450127283733,0,12,0,1.1448629379272461,0,17,0,1.2046643495559692,0,20
88,66.22446483445441,0.1929648406803608,2,4,125.71945085907915,0.15234248638153075,2,9,0.43297620498972317,1.4264259013262661,2,20,23.828649066043365,0.08374866180949742,2,29,10.522480060352647,0.363240251938502,2,32,1.7897546300986442,0.40696557611227036,2,36,12.91187557113477,0.4020935446023941,2,40
89,109.37525390170516,0.10911215522459575,2,14,0,1.146960179011027,0,20
90,60.20106218150462,0.2382110772388322,2,14,0,1.0732346574465434,0,20
91,15.938878187126486,0.31819271615573336,2,7,0,1.2938009262084962,0,17,0,1.4684035778045654,0,20
92,27.355049420181665,0.8063963532447815,2,10,0,0.8219498991966248,0,14,0,0.7448947230974833,0,17,0,0.8734450538953146,0,20
93,0.07046545932644227,0.9283527930577596,2,3,0,1.1582362519370184,0,12,0,1.3032620191574096,0,17,0,1.2298469146092732,0,20
94,11.915345716368188,0.16883662343025208,2,6,0,1.1008296728134155,0,11,0,1.181724727153778,0,17,0,1.3357446591059368,0,20
95,43.85374841993793,0.637471684387752,2,7,0,1.1001457770665486,0,10,0,1.1111472504479545,0,17,0,1.243980050086975,0,20
96,19.67728521994255,1.0165769656499226,2,3,0,1.3774083058039348,0,6,0,1.4111279899423772,0,17,0,1.3425467014312744,0,20
97,0,0.6322025458017985,0,3,0,0.7322136248861041,0,10,0,0.7560178458690643,0,20
98,7.142399627471175,0.9547766447067261,2,3,0,1.5264058642917209,0,12,0,1.512571883201599,0,17,0,1.4814873933792114,0,20
99,0.04390141322660228,1.1250555912653606,2,3,0,1.4090690402423633,0,20
100,0,0.8304847081502279,0,3,0,1.1029428044954936,0,9,0,1.0521297931671143,0,14,0,0.971998373667399,0,17,0,1.0310527483622234,0,20
101,8.739861250577263,0.8821837902069092,2,3,0,1.3438618183135986,0,12,0,1.2562052011489868,0,17,0,1.1571667194366455,0,20
102,0,0.733400305112203,0,3,0,0.8042141880307879,0,10,0,0.8410334050655365,0,20
103,15.248826274156524,1.2783839983098648,2,17,2.8679495768331287,1.1798042853673298,2,20
104,36.648880225637164,0.4269530556418679,2,22
105,20.115644022706398,0.5998037606477737,2,4,0,1.1121836350514338,0,17,0,1.104568878809611,0,20
106,26.81740217879052,0.8291990995407105,2,10,0,0.840706297329494,0,17,0,1.0287567774454753,0,20
107,92.52647903868653,0.3366618975996971,2,4,147.87002685537104,0.2618117704987526,2,14,0,0.8874849478403727,0,20
108,16.795339104815298,0.39963097497820854,2,8,0,0.7807621508836746,0,12,0,0.5746248602867127,0,17,0,0.6091128985087076,0,20
109,81.4939943630575,0.17320333306606,2,13,0,0.9707384705543518,0,20
110,17.116742882406033,0.5729901591936747,2,6,0,1.4005364613099531,0,17,0,1.5499507188796997,0,20
111,19.229147575087694,1.140531635284424,2,5,0,1.4963399072488148,0,17,0,1.6895410219828289,0,20
112,22.455740428878986,0.5925396747059293,2,9,0,0.842163105805715,0,12,0,0.6951200664043427,0,16,0,0.7886590510606766,0,20
113,15.416606163675157,0.5148432652155558,2,6,0,1.1457337141036987,0,10,0,1.1683592115129744,0,17,0,1.2536078691482544,0,20
114,15.306551179281382,0.2899682343006134,2,5,34.36230337380629,0.2851017892360687,2,10,18.88656286965728,0.2689436574776967,2,13,35.698686734701226,0.25605018933614093,2,16,1.2175418919547634,0.6149098660264697,2,23,40.90663881778061,0.48501841061645085,2,41
115,24.3708848759972,1.1247389316558838,2,3,0,1.286495526631673,0,6,0,1.3408233324686687,0,12,0,1.3855809211730956,0,17,0,1.4627461036046345,0,20
116,13.282659973436198,0.472671240568161,2,3,0,1.3267229437828063,0,13,0,1.4482046365737915,0,17,0,1.3347275257110596,0,20
117,17.79753163788675,1.2510817391531808,2,7,0,0.9445559263229371,0,17,0,1.1824588775634766,0,20
118,0,0.6471643447875977,0,3,0,0.7167763028826032,0,10,0,0.7325409829616547,0,20
119,0,0.8923110167185465,0,3,0,1.1913929224014281,0,8,0,1.0380934675534566,0,20
120,0,1.1338353554407756,0,3,0,1.334679058619908,0,10,0,1.188057267665863,0,20
121,0,0.707914928595225,0,3,0,0.7956852118174235,0,9,0,0.7991972836581144,0,20
122,0,0.7271084388097128,0,3,0,0.8314558982849121,0,8,0,0.7804603079954783,0,20
123,0,0.818060040473938,0,3,0,1.0700377027193706,0,9,0,1.030567927794023,0,20
124,32.873953896074916,0.7023674249649048,2,3,0,0.9418445030848185,0,6,0,1.0548676469109275,0,17,0,1.1351569890975952,0,20
125,25.00249747443177,1.324503501256307,2,3,0,1.3592962423960369,0,12,0,1.3608014106750488,0,17,0,1.3998377323150635,0,20
126,17.6084972501418,0.34929849207401276,2,6,0,1.2278029051694004,0,17,0,1.280251185099284,0,20
127,0,0.7481871843338013,0,3,0,0.9054484128952026,0,8,0,0.8338008324305216,0,11,0,0.908731116188897,0,20
128,5.563972200375126,0.661085844039917,2,3,0,1.1992059018876817,0,12,0,1.07434401512146,0,17,0,1.092955509821574,0,20
129,0,0.7582902908325195,0,3,0,0.90965256690979,0,8,0,0.8372158209482828,0,11,0,0.942572659916348,0,20
130,0.4034935069334093,1.1777242422103882,2,3,0,1.5043474833170574,0,6,0,1.4770530064900715,0,12,0,1.452236247062683,0,17,0,1.4368340174357097,0,20
131,0,0.8416407903035482,0,3,0,1.0740304191907246,0,9,0,1.0740153789520264,0,20
132,23.85611044371921,0.8871796528498331,2,3,0,1.4844487756490707,0,11,0,1.5413742661476135,0,17,0,1.437699556350708,0,20
133,5.695055389040061,1.0269731680552165,2,3,0,1.442008097966512,0,6,0,1.4644513924916585,0,12,0,1.3789360284805299,0,17,0,1.3334012428919475,0,20
134,18.910577346459092,0.6733537515004476,2,3,0,1.2372684478759766,0,6,0,1.2613616784413655,0,12,0,1.2506434917449951,0,16,0,1.2054720222949982,0,20
135,0,0.7178192536036173,0,3,0,0.7802868400301252,0,10,0,0.8157575309276581,0,20
136,0.3616660699466197,0.6041081647078196,2,3,0,1.1393665501049586,0,17,0,1.1452706257502239,0,20
137,0,0.656850258509318,0,3,0,0.6703549027442932,0,9,0,0.6573891152035106,0,20
138,0,0.8070491552352905,0,3,0,0.9257368871143886,0,10,0,0.8863035321235657,0,20
139,0.09215656860041177,0.8620247642199198,2,3,0,1.4150912340949564,0,20
140,28.05041793002478,0.1504108365625143,2,8,1.1703160413580154,0.7405327558517456,2,11,0.6531305400980474,0.8272357940673828,2,16,42.566871143238465,0.06572088666937569,2,38,58.80610619357527,0.1716190591454506,2,48
141,0,0.8688152035077413,0,3,0,1.1433385372161866,0,8,0,1.1750365098317463,0,20
142,0,0.9358541170756022,0,3,0,1.2190005977948506,0,9,0,1.169500708580017,0,17,0,1.2823985020319622,0,20
143,17.556935813909995,1.0049274265766144,2,8,0,1.1070319414138794,0,12,0,1.0929003000259399,0,17,0,1.3153301080067952,0,20
144,0,0.7376031676928202,0,3,0,0.8018856545289358,0,9,0,0.7727444442835721,0,20
145,17.783386128962693,1.1705858366830009,2,7,0,1.216544771194458,0,17,0,1.3683442274729412,0,20
146,36.990081061054696,0.6841666102409363,2,4,0,1.2413030312611506,0,17,0,1.3668149709701538,0,20
147,28.762009305168217,0.6315099835395813,2,5,0,1.260971615711848,0,17,0,1.363086462020874,0,20
148,10.097109845411584,0.9030905961990356,2,3,0,1.083176573117574,0,6,0,1.2333466681567105,0,17,0,1.1770483255386353,0,20
149,14.056521849054306,0.6095793396234512,2,4,0,1.326197284918565,0,17,0,1.4362210035324097,0,20
150,55.80465083513481,0.29282133529583615,2,12,79.56971014629457,0.25247466067473096,2,15,0,1.1409493684768677,0,20
151,0.12189910640271139,0.9189055363337199,2,3,0,1.3195552755804623,0,20
152,0.3119555401585255,0.6080461541811625,2,3,0,1.4075664281845093,0,17,0,1.3004179398218791,0,20
153,0,0.74189160267512,0,3,0,0.8553842782974244,0,8,0,0.8336579104264578,0,20
154,64.80883737925211,0.17670075178146363,2,25,19.809522472896777,1.7407040198644002,2,28,13.473057896312255,1.742150902748108,2,34,7.917245898322981,1.5085065364837646,2,37,32.189614347190115,1.4795212030410767,2,42
155,0.14672401551339587,0.8249797423680624,2,3,0,1.3003340297275119,0,12,0,1.293346717953682,0,20
156,43.4545779091502,1.0751405954360962,2,8,0,1.0313951969146729,0,20
157,34.86152954236231,0.8876947561899821,2,3,0,1.2806446552276611,0,6,0,1.3485477964083354,0,12,0,1.356922459602356,0,17,0,1.3662675619125366,0,20
158,21.685172691243462,0.7010286649068197,2,3,0,1.117061456044515,0,6,0,1.2508771220842998,0,12,0,1.2089339971542359,0,17,0,1.102805733680725,0,20
159,0.21578091232349678,1.1175912618637085,2,3,0,1.5380484610795975,0,11,0,1.5895930926005046,0,17,0,1.4789617856343586,0,20
160,0,0.8588719964027405,0,3,0,1.118560242652893,0,8,0,1.0626136461893718,0,11,0,1.1107066075007122,0,17,0,1.209770401318868,0,20
161,15.516377438294201,0.7104917764663696,2,3,0,1.2677278518676758,0,6,0,1.3237306873003643,0,12,0,1.2652945041656494,0,17,0,1.2818328142166138,0,20
162,23.436783130658796,0.25647872189680737,2,3,0,0.9738999870088365,0,12,0,0.9808208048343658,0,16,0,0.9585217535495758,0,20
163,19.35376999176852,1.1104336579640706,2,3,0,1.3249814907709758,0,6,0,1.5014883496544578,0,17,0,1.4602354367574055,0,20
164,33.23371324241759,0.6956619024276733,2,3,0,1.4680852208818709,0,10,0,1.6174682208469935,0,17,0,1.4692057768503826,0,20
165,43.77620337771988,0.4381665587425232,2,3,0,1.0726422866185505,0,6,0,1.1681219816207886,0,11,0,1.2459617257118225,0,17,0,1.1805293560028076,0,20
166,14.87101703858468,0.8326969544092814,2,3,0,1.6531719118356705,0,11,0,1.6403747200965881,0,17,0,1.5738448699315388,0,20
167,55.55190274881419,0.5388021667798361,2,21
168,41.602333306793696,0.680848228931427,2,5,0,1.0774699449539185,0,10,0,1.1148334060396468,0,17,0,1.1805497805277507,0,20
169,0,0.8833623727162679,0,3,0,1.1573560953140258,0,8,0,1.0898671547571819,0,11,0,1.128019670645396,0,17,0,1.230333924293518,0,20
170,0.262297814311525,0.7705614964167277,2,3,0,1.372982212475368,0,10,0,1.336026382446289,0,20
171,22.680061406237442,0.8428606589635214,2,3,0,1.587323202027215,0,12,0,1.5202847480773927,0,17,0,1.4270267883936565,0,20
172,0,0.8567023674647013,0,3,0,1.1189142704010009,0,8,0,0.9323760370413462,0,20
173,0.41911051754656964,0.9357426166534424,2,3,0,1.4561409801244736,0,11,0,1.455354630947113,0,17,0,1.3855533599853516,0,20
174,30.631662623509342,0.7459980249404907,2,3,0,1.3380698760350545,0,6,0,1.4652246020056985,0,17,0,1.4213290214538574,0,20
175,22.08415970455348,0.49139116589839643,2,13,0,0.7225741105420249,0,20
176,0,0.7636661926905314,0,3,0,0.8736792604128519,0,9,0,0.8973543535579335,0,20
177,0,0.6582277615865072,0,3,0,0.672138512134552,0,9,0,0.6688912239941683,0,20
178,0,0.874841312567393,0,3,0,1.082245111465454,0,8,0,1.0413994590441387,0,20
179,0,0.7822168469429016,0,3,0,0.9060607467378888,0,10,0,0.9102143049240112,0,20
180,14.261544303591288,0.9689522743225097,2,5,0,1.4584612505776542,0,12,0,1.4767410039901734,0,17,0,1.5022188425064087,0,20
181,0.2901613812708005,1.12777578830719,2,3,0,1.445788648393419,0,12,0,1.4420269012451172,0,17,0,1.4315267006556194,0,20
182,198.51420241891418,0.2825962134769985,2,7,0,1.2931695809731116,0,20
183,0,0.9004566073417664,0,3,0,1.0907791256904602,0,9,0,1.0817624980753118,0,20
184,0,0.6409307519594828,0,3,0,0.7206907016890389,0,10,0,0.7105464816093445,0,20
185,0,0.8007907668749491,0,3,0,0.9677097116197858,0,10,0,0.9589488863945007,0,20
186,0,0.8037250638008118,0,3,0,1.0303271412849426,0,9,0,0.9803362542932684,0,20
187,16.24628576422217,1.1005427496773856,2,7,0,1.562630268243643,0,20
188,0,0.7727616230646769,0,3,0,0.9922694365183512,0,9,0,0.921465971253135,0,20
189,27.382838113107333,0.714031583070755,2,10,0,0.9851270573479789,0,17,0,1.200267752011617,0,20
190,33.46085215792798,0.5164620131254196,2,4,0,0.7376090792509226,0,17,0,0.9434547424316406,0,20
191,23.769685129188204,0.21656566432544164,2,7,0,1.1297565301259358,0,10,0,1.0334384100777763,0,17,0,1.15240212281545,0,20
192,45.40769395454854,0.6103787223498026,2,6,104.04538979555149,0.4237722158432007,2,9,643.0480324788241,0.014435201262434324,1,33,0.887354547547509,0.17937191824118295,2,36,7.080565964339093,0.2465311586856842,2,39,692.8073390732711,0.022147310631615773,2,46,0.1420258811927343,0.6926277975241343,2,52,274.3122698017338,0.020889450060693843,2,71,148.4246954432549,0.20927294875894273,2,78
193,45.817321490317575,1.1768297255039215,2,4,0,1.1879008366511419,0,17,0,1.4529215892155964,0,20
194,43.921566753076334,0.7845919529596964,2,3,0,1.294732928276062,0,6,0,1.3638711084019055,0,17,0,1.3972538312276204,0,20
195,0.16742297074735565,0.7514867782592773,2,3,0,1.3357818259133234,0,12,0,1.3535683453083038,0,20
196,44.30770838850102,0.41559000809987384,2,9,0,0.8818914492925009,0,12,0,0.726349127292633,0,17,0,0.9129014809926351,0,20
197,0,1.0335627396901448,0,3,0,1.2475611925125123,0,8,0,1.1067302094565497,0,17,0,1.140799641609192,0,20
198,0,0.8491304318110148,0,3,0,1.1180249253908794,0,9,0,1.0414531230926514,0,20
199,0,0.9424601395924886,0,3,0,1.1105452605656214,0,10,0,0.9569876534598214,0,17,0,0.9253021081288656,0,20
200,0.23547746661537955,0.7791112860043844,2,3,0,1.2255951431062486,0,12,0,1.171632170677185,0,16,0,1.1505290567874908,0,20
201,0,0.8173220554987589,0,3,0,1.0529327392578125,0,8,0,1.031136949857076,0,11,0,1.0987687706947327,0,17,0,1.1556086937586467,0,20
202,0,0.8638126452763876,0,3,0,1.104396104812622,0,8,0,1.0303321679433186,0,11,0,1.078627089659373,0,17,0,1.1744422515233357,0,20
203,0,0.8153986136118571,0,3,0,1.0454795161883037,0,9,0,1.0135546326637268,0,17,0,1.1045247316360474,0,20
204,23.72303788408422,1.277416968345642,2,5,0,0.7803351481755575,0,8,0,0.9052188860045539,0,17,0,1.1085750659306843,0,20
205,24.43449530784843,0.7311909794807434,2,5,0,1.231979211171468,0,17,0,1.415819803873698,0,20
206,0,0.8960351149241129,0,3,0,1.1337115287780761,0,8,0,1.0278908014297485,0,17,0,1.035453200340271,0,20
207,14.095620585101774,0.3765918704179617,2,13,0,0.9700644016265869,0,20
208,0,0.6921811501185099,0,3,0,0.7303401132424673,0,9,0,0.722752489826896,0,20
209,0,0.6244521737098694,0,3,0,0.6597507198651632,0,9,0,0.6508450724861838,0,20
210,36.20020683481139,1.1240608325371375,2,13,0,0.8062779506047567,0,16,0,0.8721988201141357,0,20
211,23.836174983219973,1.3904995520909627,2,3,0,1.1582657231224909,0,12,0,1.1944955110549926,0,17,0,1.2912484010060628,0,20
212,0.24614569104154185,0.7605859438578287,2,3,0,1.0911206536822848,0,12,0,1.0321073234081268,0,16,0,1.0055067837238312,0,20
213,0,0.7436867952346802,0,3,0,0.8696579933166504,0,8,0,0.791398651070065,0,17,0,0.9446905056635538,0,20
214,34.43905930896652,0.48159338037172955,2,3,0,1.2879043817520142,0,6,0,1.305457050150091,0,17,0,1.2074133157730103,0,20
215,0.20812282777434826,0.8616975148518881,2,3,0,1.3019820962633406,0,17,0,1.219685157140096,0,20
216,0.24184377224951045,1.0428472757339478,2,3,0,1.3261737823486328,0,17,0,1.233434756596883,0,20
217,0.23433538902400508,0.9618971347808838,2,3,0,1.302357017993927,0,11,0,1.3050557374954224,0,17,0,1.2250665823618572,0,20
218,25.86480575757601,0.700513482093811,2,8,0,1.2967333926094904,0,17,0,1.4690151611963909,0,20
219,21.753056578332245,0.7701588988304138,2,15,0,0.9752104878425598,0,20
220,54.12824228994613,0.4757851451635361,2,10,0,0.85177024773189,0,17,0,0.9463088115056356,0,20
221,0,0.891031543413798,0,3,0,1.1768583536148072,0,8,0,0.9729336301485697,0,20
222,25.291873489027125,0.34192975654321556,2,17,0.76979204811309,0.49020540714263916,2,20
223,11.694425906606257,0.5445911288261414,2,5,0,0.8913720846176147,0,8,0,0.8717597855461968,0,17,0,0.9813835620880127,0,20
224,79.88189084346938,0.17158410449822745,2,15,4.48198693939468,0.2584451138973236,2,18,98.13002785844962,0.13611882008039033,2,31
225,22.36380502963495,1.3443865378697712,2,6,0,1.2576785737817937,0,17,0,1.4944593509038289,0,20
226,30.8622667388122,0.6375022582385851,2,23
227,18.280403936594144,1.0844367100642278,2,13,0,0.8732502290180751,0,20
228,9.363710208067019,1.032367467880249,2,6,0,1.360003406351263,0,17,0,1.5029048919677734,0,20
229,29.283501343996758,0.8094498840245333,2,11,56.80426455371429,0.6930346886316935,2,14,0,0.8335917790730795,0,20
230,27.54285578328298,1.4300795197486877,2,4,0,1.091849712225107,0,17,0,1.319807728131612,0,20
231,0,0.6692662636439005,0,3,0,0.7792108399527413,0,10,0,0.7811074793338776,0,20
232,0,0.9379011392593384,0,3,0,1.164215898513794,0,8,0,0.9718603392442068,0,20
233,0,0.7799482345581055,0,3,0,0.9242183168729147,0,9,0,0.9032976031303406,0,17,0,1.0153087774912517,0,20
234,0,0.7906555334726969,0,3,0,0.896595299243927,0,9,0,0.8168957233428955,0,20
235,18.516348921763438,0.654435566493443,2,7,0,1.239084541797638,0,17,0,1.4437260627746582,0,20
236,0,0.8632086515426636,0,3,0,1.1422040462493896,0,8,0,1.0738426049550374,0,11,0,1.1031051278114319,0,17,0,1.196977933247884,0,20
237,31.462318560555275,0.1903792954981327,2,4,0,1.2911942922152007,0,17,0,1.3466063340504963,0,20
238,0,0.7298158605893453,0,3,0,0.8284664835248675,0,10,0,0.8558121800422669,0,20
239,0,0.982770562171936,0,3,0,1.1817639827728272,0,8,0,1.0552938878536224,0,20
240,0,0.7944427927335104,0,3,0,0.8986921310424805,0,10,0,0.8851229071617126,0,20
241,0,0.7844397226969401,0,3,0,1.0071587562561035,0,9,0,1.0354515530846335,0,20
242,25.572485592112148,0.8884042124999197,2,19,51.870814066445654,0.7842969497044882,2,22,85.30259531014164,0.6674069265524546,2,28
243,49.67982024793803,0.5350762158632278,2,8,0,1.0969577232996623,0,11,0,1.0587117473284404,0,17,0,1.1834471225738525,0,20
244,24.333345974161226,0.345727271758593,2,13,0,0.8855765887669155,0,20
245,0,0.9391657114028931,0,3,0,1.1726828813552856,0,8,0,1.1175829701953464,0,17,0,1.2413815259933472,0,20
246,44.98720584613442,0.9462757640414767,2,9,0,1.0540443999426705,0,16,0,1.2021861672401428,0,20
247,0.23980435356120333,0.9976749817530314,2,3,0,1.4121350049972534,0,6,0,1.4406428337097168,0,12,0,1.3678691864013672,0,17,0,1.3129212061564128,0,20
248,0.06437668883300308,0.7780648072560629,2,3,0,1.2903858142740585,0,20
249,7.716469741661002,0.42046453803777695,2,4,0,1.030768170952797,0,12,0,1.047064334154129,0,16,0,1.1080341935157776,0,20
250,14.09238539648604,0.5858439803123474,2,3,0,1.389434854189555,0,6,0,1.411986768245697,0,12,0,1.286438536643982,0,17,0,1.3053460121154785,0,20
251,0.13855013292680587,0.8340466022491455,2,3,0,1.3322111666202545,0,11,0,1.3741278648376465,0,17,0,1.2803037563959758,0,20
252,20.59785380679077,1.1876464188098907,2,4,0,1.184538905437176,0,17,0,1.3792895476023357,0,20
253,27.47572467501859,0.4749834418296814,2,5,0,1.3897694150606792,0,17,0,1.570641318957011,0,20
254,0.21051850081771215,0.6872683465480804,2,3,0,1.3911211746079581,0,17,0,1.3103166818618774,0,20
255,0.10305560954264005,0.674371192852656,2,3,0,1.1344755327000338,0,20
256,15.577850629209783,1.158452332019806,2,8,0,1.0920742882622614,0,17,0,1.3210867643356323,0,20
257,21.7825221798946,0.45747123445783344,2,14,0,0.8603557248910269,0,20
258,58.51439576200895,0.19506939214009505,2,13,118.0914687383223,0.18214664525455898,2,22,37.53382942974294,0.2727183649937312,2,25,89.19593747754644,0.2412637323141098,2,42
259,0,0.7457669973373413,0,3,0,0.8778805136680603,0,9,0,0.8854281902313232,0,20
260,0,0.8272995551427206,0,3,0,0.9948985775311788,0,9,0,1.0192125710574063,0,20
261,0,0.8876639207204183,0,3,0,1.1464991807937621,0,8,0,1.0687801837921143,0,11,0,1.1060351928075154,0,17,0,1.209415872891744,0,20
262,40.13837444572026,0.3210722267627716,2,5,0,1.1216590801874797,0,8,0,1.0811130338244967,0,17,0,1.1560599406560261,0,20
263,17.83862784252152,0.977591872215271,2,27
264,18.743216821824443,0.6794780757692125,2,9,37.9581669468108,0.5785034596920013,2,13,189.91064550082612,0.38703675522948755,2,46,63.714418433809456,0.4256142437458038,2,51,33.06192355391521,0.3615804255008698,2,56
265,0.3007010537471856,1.0837603410085042,2,3,0,1.426823377609253,0,6,0,1.4701815518465908,0,17,0,1.4349496761957805,0,20
266,21.58899855271193,0.637213659286499,2,5,0,1.2536502182483673,0,17,0,1.4251214663187664,0,20
267,27.88142481897449,0.8382495244344076,2,6,0,1.4161133874546399,0,17,0,1.6114650964736938,0,20
268,32.60069858493896,0.7919840812683105,2,3,0,1.212234099706014,0,6,0,1.3159129836342551,0,17,0,1.314461350440979,0,20
269,6.971967319841331,0.39908120781183243,2,8,0,1.185665488243103,0,11,0,1.1715720295906067,0,17,0,1.3252785603205364,0,20
270,28.35941196300777,0.46224760413169863,2,15,0,1.0638667821884156,0,20
271,20.605787183869893,0.38888198137283325,2,10,0,0.843702644109726,0,14,0,0.7811946074167887,0,17,0,1.0085678497950237,0,20
272,17.041139391149677,0.5127687510102987,2,16,0,1.1379137635231018,0,20
273,19.495226856521654,0.22631924748420715,2,20
274,22.095771549464,1.3138457536697388,2,3,0,1.3545899391174316,0,6,0,1.4501094059510664,0,17,0,1.4850843747456868,0,20
275,6.661372727998197,0.594619353612264,2,3,0,1.3847540219624836,0,12,0,1.3678112030029297,0,17,0,1.286888877550761,0,20
276,19.018542377833544,0.49667052427927655,2,3,0,1.2198290427525837,0,6,0,1.1744841507502966,0,20
277,5.144840014639665,0.13447616276917634,2,27,0.7987095654246976,1.2323516130447387,2,32,1.9152079814121286,1.070990006128947,2,35,21.158576761519118,0.6042991280555725,2,39,44.336953867710164,0.6129146814346313,2,44
278,23.265786365121855,1.2251465717951457,2,3,0,1.2961350679397583,0,12,0,1.289436650276184,0,17,0,1.3854687213897705,0,20
279,0,0.9281005462010702,0,3,0,1.2513007402420044,0,8,0,1.1412649154663086,0,11,0,1.1845557888348897,0,17,0,1.292911966641744,0,20
280,0,0.7728478113810221,0,3,0,0.9077175458272299,0,9,0,0.9222119829871438,0,20
281,58.08017947816562,0.18102519597326006,2,35
282,9.458207097763653,1.0506506363550823,2,3,0,1.4899468421936035,0,6,0,1.5435521205266316,0,12,0,1.497469162940979,0,17,0,1.4142638842264812,0,20
283,0,1.035428027311961,0,3,0,1.252002477645874,0,8,0,1.1105302307340834,0,17,0,1.1449038982391357,0,20
284,24.382636399432993,0.7000736769507913,2,17,0,1.1408119996388753,0,20
285,12.613526252327725,0.7723104829589525,2,24
286,23.682468097652837,1.1567718187967937,2,3,0,1.2869139115015666,0,6,0,1.447268919511275,0,17,0,1.411489764849345,0,20
287,0.15079892016476257,0.6888937950134277,2,3,0,1.272756485378041,0,20
288,0,1.052030364672343,0,3,0,1.150269865989685,0,10,0,0.9731496691703796,0,20
289,21.756462695581202,1.2144830703735352,2,5,0,1.2620991269747417,0,17,0,1.51301376024882,0,20
290,29.13571948984385,0.6406277555685777,2,13,0,0.8059728145599365,0,17,0,1.0176702737808228,0,20
291,26.184929067363026,1.2740545007917616,2,9,0,1.322731148112904,0,20
292,0.5116948875659316,1.02438751856486,2,3,0,1.4225023239850998,0,11,0,1.3599905967712402,0,17,0,1.38450022538503,0,20
293,0,0.707807719707489,0,3,0,0.7729643072400775,0,10,0,0.7817373514175415,0,20
294,0.21577540404082973,0.7964006066322327,2,3,0,1.3034091128243341,0,12,0,1.1557688474655152,0,17,0,1.1436227162679036,0,20
295,0.12104343344129312,1.0133728981018066,2,3,0,1.3578809639986824,0,20
296,13.713075816071603,1.117326714775779,2,11,77.19773947491313,0.5886110392483798,2,22
297,0.39876667386762105,1.0374329090118408,2,3,0,1.542906031012535,0,11,0,1.5276960531870525,0,17,0,1.5026832421620686,0,20
298,0,1.0434380173683167,0,3,0,1.3063188791275024,0,8,0,1.2979235251744587,0,17,0,1.3704193035761516,0,20
299,0.1461203488935357,0.841807504494985,2,3,0,1.3234832949108548,0,12,0,1.3568656682968139,0,17,0,1.2263356447219849,0,20
300,28.69034982325523,0.7586951875686645,2,25
301,37.17634201034503,0.3929470811898892,2,26,25.819804439243473,0.6073123017946879,2,41
302,37.88893000022151,1.0587598085403442,2,4,0,1.3628714359723604,0,17,0,1.4721490144729614,0,20
303,12.911275733500926,0.6329986900091171,2,4,0,1.2957348823547363,0,17,0,1.3643492062886555,0,20
304,113.11552708113847,0.3117250899473826,2,21,78.91960135545649,0.6257950152669635,2,28
305,0,0.7014320294062296,0,3,0,0.7719243594578334,0,10,0,0.7978225588798523,0,20
306,0,0.7925965785980225,0,3,0,0.9379777397428241,0,10,0,0.9598275661468506,0,20
307,0,0.7926853895187378,0,3,0,0.9170114994049072,0,10,0,0.8900388836860657,0,20
308,28.28990191576687,1.2914499193429947,2,8,0,1.091010229928153,0,15,0,1.2805919408798219,0,20
309,0,0.9098245700200399,0,3,0,1.1095968723297118,0,8,0,1.0817083517710369,0,20
310,0,0.6659281452496847,0,3,0,0.6981100695473808,0,10,0,0.6802109539508819,0,20
311,0,0.8266767263412476,0,3,0,1.0662511587142944,0,9,0,0.9616676027124579,0,20
312,0,0.8552488485972086,0,3,0,1.0893824696540833,0,9,0,1.080567017197609,0,17,0,1.1756065686543782,0,20
313,29.575806513285592,0.8580551147460938,2,12,0,0.7831918969750404,0,20
314,0.26267667717040716,0.8066262801488241,2,3,0,1.4120000451803207,0,11,0,1.3415423035621643,0,17,0,1.2903995911280315,0,20
315,24.06552700616768,0.5926717336361225,2,13,0,0.6990182101726532,0,17,0,0.8390117883682251,0,20
316,17.116468813205802,0.5175672599247524,2,7,0,1.2029495120048523,0,17,0,1.331976294517517,0,20
317,27.39904775082832,0.6503459634604277,2,27,218.37686521767236,0.38368573997701916,2,41,132.90889610566427,0.3820424899458885,2,45
318,21.390068523575593,0.6140338033437729,2,4,0,0.9244630795258743,0,17,0,1.0389838616053264,0,20
319,0,0.8146530191103617,0,3,0,0.9628591934839884,0,9,0,0.9929102875969626,0,20
320,0,0.8339892824490865,0,3,0,1.1034462451934814,0,8,0,1.116209516922633,0,20
321,6.36670550079643,0.6321086764335633,2,5,0,1.0458804766337078,0,8,0,1.1183371941248577,0,17,0,1.234689195950826,0,20
322,0,0.891318142414093,0,3,0,1.193339967727661,0,8,0,1.0422539909680684,0,20
323,0,0.702722450097402,0,3,0,0.7610700527826945,0,9,0,0.7568571892651644,0,20
324,0,0.8136157989501953,0,3,0,0.9896354277928671,0,9,0,0.9988320198926058,0,20
325,14.496616059719901,0.9470295190811158,2,5,0,1.391456389427185,0,10,0,1.4678331783839635,0,17,0,1.545518120129903,0,20
326,24.05084839966032,0.35591253988883076,2,17,0,1.1299587885538738,0,20
327,43.55343294187961,0.5486415309064528,2,17,0.053592277576304075,0.8384003241856893,2,20
328,15.058519210652914,0.07815131172537804,2,4,0,1.1262888511021931,0,7,0,1.2830558180809022,0,17,0,1.384183645248413,0,20
329,24.212480435278803,0.7070190161466599,2,4,0,1.2933512479066849,0,12,0,1.2728367567062377,0,17,0,1.3327715396881104,0,20
330,0,0.6838874816894531,0,3,0,0.7231079936027527,0,9,0,0.7141260829838839,0,20
331,0.2263643610938229,0.8820237914721171,2,3,0,1.2869711220264435,0,11,0,1.2812155882517497,0,17,0,1.1741077105204265,0,20
332,20.84130221652424,0.5132885198382771,2,34,12.448131225977393,0.5461291472117106,2,37
333,0.0996402758300815,0.8196615775426229,2,3,0,1.158982555071513,0,12,0,1.2734302520751952,0,17,0,1.1888494888941448,0,20
334,0,1.041329602400462,0,3,0,1.2442761262257893,0,9,0,1.0998560637235641,0,17,0,1.095126748085022,0,20
335,9.593089769367777,1.4165668487548828,2,3,0,1.5070296261045668,0,12,0,1.4970790147781372,0,17,0,1.4732072353363037,0,20
336,0.025583923203464334,0.9028397003809611,2,3,0,1.2051805973052978,0,8,0,1.0854040781656902,0,20
337,25.32398664875779,1.1479514360427856,2,5,0,1.3986432949701946,0,8,0,1.3962950706481934,0,13,0,1.3363090356190999,0,16,0,1.2527015209197998,0,20
338,10.727373906452506,0.9635648926099142,2,6,0,1.0298269120129673,0,17,0,1.2110474109649658,0,20
339,10.49924224442728,1.0472062826156616,2,5,0,1.1399576961994171,0,17,0,1.2608373562494914,0,20
340,0,1.0548195838928223,0,3,0,1.2871214151382446,0,9,0,1.0043815266002307,0,20
341,75.23902866382033,0.6092619354074652,2,11,108.21666066866541,0.5230892101923624,2,14,0,0.8385727008183798,0,20
342,22.316217300335413,1.4884686946868897,2,5,0,1.513552222933088,0,12,0,1.5908293008804322,0,17,0,1.6080904404322307,0,20
343,21.33258465678638,0.49123740444580716,2,12,0.6006262876624745,0.5016933530569077,2,16,17.28670474629069,0.5444292575120926,2,40
344,49.47864463766392,0.2559869050979614,2,15,0,0.9724732875823975,0,20
345,0,0.8544268608093262,0,3,0,1.1180920998255413,0,9,0,1.0451362580060959,0,17,0,1.1414091189702351,0,20
346,0,0.9426661133766174,0,3,0,1.1942141771316528,0,8,0,1.0790707800123427,0,17,0,1.0884038209915161,0,20
347,60.58165164497328,0.1729046724460743,2,27
348,38.22880701811344,0.7950709263483683,2,3,0,1.3512252966562908,0,6,0,1.3193784952163696,0,12,0,1.218795609474182,0,17,0,1.2208527723948162,0,20
349,19.012115422786064,0.216151624917984,2,3,0,0.9989112350675795,0,12,0,0.8263983249664306,0,17,0,0.9280787309010824,0,20
350,24.149136345185898,0.6989305019378662,2,11,0,0.8138669729232788,0,17,0,0.9153469999631246,0,20
351,36.267452903372345,0.615155890583992,2,12,0,0.7406062960624695,0,17,0,0.8284173011779785,0,20
352,15.887085821288174,0.8289835055669149,2,3,0,1.2082583904266357,0,6,0,1.2701644500096638,0,12,0,1.25000901222229,0,17,0,1.2433905601501465,0,20
353,28.904141616804168,0.4541876499469464,2,13,0,0.7754808068275452,0,20
354,14.958436223932797,1.4242396463047375,2,11,0,0.8799577024247911,0,20
355,43.447109822925874,0.10864900827407836,2,25,4.740265496864289,0.6298729553818703,2,41,47.485131410373455,0.1473885069290797,2,56,24.47917536929727,0.25580879549185437,2,77,0.1162715234361451,0.8521345555782318,2,85,94.06469678611288,0.19366315007209778,2,88,138.834764744256,0.01808591280132532,1,120
356,24.731889854861905,1.0250159176913174,2,11,0,0.862117330233256,0,20
357,17.01048068347677,0.8790976603825887,2,3,0,1.310958743095398,0,11,0,1.2956356604894002,0,17,0,1.2243825594584148,0,20
358,0,0.8056204319000244,0,3,0,1.0284722050031025,0,9,0,1.0480975887992166,0,20
359,24.4962764615185,0.711805542310079,2,3,0,1.1708106568881445,0,17,0,1.1964518229166667,0,20
360,27.64664727708436,1.1331876175744193,2,14,38.700313342018404,0.9953535318374633,2,19,65.90943872055821,0.9802880585193634,2,27
361,16.420227074279055,0.5634322365125021,2,6,0,0.9713306752118197,0,17,0,1.0250819126764934,0,20
362,12.361701110675362,0.9408777952194214,2,4,0,1.1589928269386292,0,12,0,1.044739556312561,0,17,0,1.0621429681777954,0,20
363,0.2173134855136518,0.8984981179237366,2,3,0,1.403603658080101,0,11,0,1.4689155220985413,0,17,0,1.345196525255839,0,20
364,0,0.7254593769709269,0,3,0,0.7961685657501221,0,10,0,0.8335805296897888,0,20
365,32.05525460046637,0.451138677696387,2,12,0,0.8348747193813324,0,20
366,24.739602525814583,0.9062429070472717,2,10,0,1.003580961908613,0,17,0,1.2404691775639851,0,20
367,0,0.7794971863428751,0,3,0,0.9331082900365194,0,9,0,0.9315197142687711,0,20
368,12.684773878046824,1.2972009976704915,2,3,0,1.4603363937801785,0,12,0,1.4813125848770141,0,17,0,1.440000096956889,0,20
369,0,0.8657615979512533,0,3,0,1.1611298123995464,0,9,0,1.075851035118103,0,14,0,0.9756496747334799,0,17,0,1.0251715183258057,0,20
370,0,0.9279258052508036,0,3,0,1.2168127298355103,0,8,0,1.1777396599451702,0,11,0,1.2010408838589985,0,17,0,1.2554210821787517,0,20
371,7.203698775228533,0.6334311127662658,2,5,0,1.0822262366612752,0,8,0,1.1301392846637301,0,17,0,1.2110926310221355,0,20
372,16.292892217198165,0.9181695779164633,2,9,0,1.1971906820933025,0,12,0,1.1960230112075805,0,17,0,1.3999732732772827,0,20
373,0,0.9320187171300253,0,3,0,1.1132939338684082,0,8,0,1.0569053490956624,0,20
374,33.023215498958486,0.3263967881600062,2,18,64.54406759386598,0.23590976744890213,2,28
375,0.31705203216200034,1.004419485727946,2,3,0,1.5338083058595657,0,11,0,1.5168745716412861,0,17,0,1.510073145230611,0,20
376,6.808332603574589,0.5703312555948893,2,6,0,1.4489209110086614,0,17,0,1.519458572069804,0,20
377,18.12864638601319,0.24527297914028168,2,8,0,1.1190988719463348,0,12,0,1.0675431728363036,0,17,0,1.1825384298960369,0,20
378,0,0.7502710819244385,0,3,0,0.9506331483523051,0,9,0,0.9417140592228282,0,20
379,29.849350952420014,0.8809577443382957,2,11,0,0.7923304438591003,0,20
380,53.94451306755637,0.23962754969085967,2,14,31.58691333229713,0.4924535055955251,2,17,0.4097637068103047,0.9652787844340006,2,20
381,25.478396083467242,1.1317193984985352,2,15,0,0.7889238953590393,0,20
382,19.802932178598535,1.0863838891188304,2,24
383,0,0.8248807191848755,0,3,0,1.0619708776474,0,8,0,0.9710510969161987,0,11,0,1.035660485426585,0,17,0,1.1364335616429646,0,20
384,46.43759786006477,0.7679802378018697,2,9,105.12586841623953,0.40638148083406334,2,26
385,15.551328854787046,0.5010774561337062,2,7,0,1.2994105219841003,0,17,0,1.429391344388326,0,20
386,24.833146476899234,0.7192710340023041,2,4,0,1.0040668340829701,0,17,0,1.0517872174580891,0,20
387,0,0.8394594788551331,0,3,0,1.0819592078526814,0,9,0,1.0227409601211548,0,17,0,1.1250681082407634,0,20
388,0,0.9232788880666097,0,3,0,1.1881047487258911,0,8,0,1.198155363400777,0,20
389,27.301828713728078,0.956032007932663,2,4,0,1.202821108011099,0,17,0,1.416950782140096,0,20
390,22.61273504472274,0.5463201642036438,2,5,0,0.7823780725399653,0,17,0,1.0041579405466716,0,20
391,0,0.8811629414558411,0,3,0,1.1415319204330445,0,8,0,1.038804531097412,0,11,0,1.0805887977282207,0,17,0,1.1830832958221436,0,20
392,14.856216496360117,0.49331822991371155,2,3,0,0.9830517636405097,0,12,0,0.9888548851013184,0,16,0,0.9602116346359253,0,20
393,0.4337546514625889,0.9685187737147013,2,3,0,1.5510296076536179,0,11,0,1.5062400499979656,0,17,0,1.4061729907989502,0,20
394,18.2260786557484,1.271150004863739,2,10,0,1.51019629240036,0,20
395,30.558081027260087,0.5919572293758393,2,10,0,0.9758996069431305,0,14,0,0.8256781895955404,0,17,0,1.0924471616744995,0,20
396,0.05991382604579871,0.6617515285809835,2,3,0,1.0092033942540486,0,12,0,0.9525599479675293,0,17,0,0.8883837858835856,0,20
397,16.03133334142845,0.23119188845157623,2,4,0,0.9404080189191378,0,17,0,1.0660432577133179,0,20
398,26.450727219798207,0.48770291322753545,2,21,0.22138633894758608,0.9894201954205831,2,27,33.701830614276105,0.42881829738616944,2,37,10.776138909689555,0.5188506126403809,2,42,0.42463122541326004,0.9432272017002106,2,46,2.6503935093756725,0.887215813000997,2,49
399,0.09520227604684109,0.7579436500867208,2,3,0,1.0669754392960493,0,20
400,0.053779988139331575,0.8812380830446879,2,3,0,1.2705617083443537,0,12,0,1.1967779636383056,0,17,0,1.1686664819717407,0,20
401,17.512706829216597,1.3843761384487152,2,4,0,1.404860496520996,0,11,0,1.4974297682444255,0,17,0,1.3265283902486165,0,20
402,14.359651480199455,0.21459560096263885,2,21
403,31.221360278807726,1.277092605829239,2,8,0,1.3092104891935985,0,20
404,0.16631890729776985,0.9770086208979288,2,3,0,1.4517251402139664,0,11,0,1.4898380835851033,0,17,0,1.4028151035308838,0,20
405,9.593969299396905,0.7226647039254507,2,6,0,1.32001593708992,0,10,0,1.3798776865005493,0,17,0,1.40478511651357,0,20
406,0.2096642484164284,0.8770020405451456,2,3,0,1.4370370970831976,0,12,0,1.4154251337051391,0,17,0,1.3054969310760498,0,20
407,0,0.8104835748672485,0,3,0,1.030711793899536,0,8,0,1.0983948012193043,0,20
408,7.872347858384271,1.1273090839385986,2,3,0,1.0870042145252228,0,11,0,1.112701952457428,0,17,0,1.0806344747543335,0,20
409,0,0.8025201559066772,0,3,0,0.9248822586877006,0,10,0,0.8885700702667236,0,20
410,19.104646563407258,0.9111020309584481,2,14,106.96039343467439,0.7437580558988783,2,23,7.730802207795557,0.8488486607869467,2,26,95.88933407178466,0.9321901457650321,2,40,2.006768459057951,0.2010194112857183,2,52,28.61002950414969,0.7504072785377502,2,61,88.8766556474179,0.8810797035694122,2,69
411,21.45078418769828,0.7243123139653888,2,7,0,1.185431440671285,0,10,0,1.2852376529148646,0,17,0,1.4558722575505574,0,20
412,6.7739284312644905,0.5711971142075278,2,11,10.14259150098318,0.498005469640096,2,14,0,0.8076416651407877,0,20
413,7.22819703821063,0.40682813950947355,2,7,0,1.1283700863520305,0,10,0,1.1503458874566215,0,17,0,1.2781637112299602,0,20
414,47.54951922613751,0.33419155412250096,2,9,67.67908811423517,0.43814119324088097,2,17,0,1.5421215295791626,0,20
415,6.133548996384992,0.584352453549703,2,3,9.60386396862532,0.5718869268894196,2,7,0,1.1812394857406616,0,10,0,1.3322113241468156,0,17,0,1.4494080940882366,0,20
416,15.196634862603089,0.7057156125704448,2,15,0,0.9506787061691284,0,20
417,2.4840477502623015,1.1909632285435994,2,3,9.031586697871294,1.3848580598831177,2,8,0,1.0040637519624498,0,17,0,1.1102084318796794,0,20
418,8.939914368159728,1.2143253684043884,2,4,0,1.005155636714055,0,17,0,1.1177817583084106,0,20
419,0,0.8148829539616903,0,3,0,0.9750162124633789,0,8,0,0.9761286576588949,0,20
420,24.280118768917905,0.7157635569572449,2,5,0,0.9368982712427775,0,17,0,1.1223790248235066,0,20
421,91.11901039840136,0.6023733951151371,2,16,0,1.291965276002884,0,20
422,0.18275151526446418,1.0787079731623332,2,3,0,1.4631657153367996,0,11,0,1.498249888420105,0,17,0,1.4047081073125203,0,20
423,23.020745581230713,0.7348194122314453,2,7,0,1.0487919648488362,0,10,0,1.1678493193217687,0,17,0,1.3312957286834717,0,20
424,8.794499780555107,0.9868401970182147,2,7,0,0.7704488833745321,0,10,0,0.7866655588150024,0,17,0,0.9159742593765259,0,20
425,14.963897864377795,0.8337948322296143,2,3,0,1.3391306400299072,0,6,0,1.4806426655162463,0,17,0,1.4713147083918254,0,20
426,17.766061120353108,1.1994307041168213,2,3,0,1.2565351327260335,0,6,0,1.3200409087267788,0,17,0,1.3187489906946819,0,20
427,27.38930565285225,1.5199886759122212,2,6,0,1.4222707640041004,0,17,0,1.5182969570159912,0,20
428,19.36831883644637,0.885739266872406,2,8,0,0.9488979578018188,0,17,0,1.1227306127548218,0,20
429,48.39200030904164,0.7987898488839468,2,12,0,0.8195666472117106,0,15,0,0.7868400812149048,0,20
430,0,1.0371996561686199,0,3,0,1.2558501005172729,0,8,0,1.126297844780816,0,17,0,1.1740105152130127,0,20
431,39.78961110474085,1.2138083662305559,2,7,0,1.4497627294980562,0,20
432,9.30222675161642,0.6807178184390068,2,8,0,1.0507625341415405,0,12,0,1.0467949211597443,0,16,0,1.2020694315433502,0,20
433,17.481199124936804,0.5878773257136345,2,8,0,0.9250051312976413,0,17,0,1.0884113709131877,0,20
434,17.754826148197136,0.8976442515850067,2,4,0,1.3471855475352361,0,17,0,1.4607520898183186,0,20
435,22.33049986796648,1.0218853950500488,2,7,0,0.8123045762379965,0,10,0,0.833057165145874,0,17,0,0.9787566264470419,0,20
436,16.171135788386515,0.49588488255228313,2,7,0,1.1062413851420085,0,10,0,1.0945556163787842,0,17,0,1.2396059433619182,0,20
437,29.42074521053197,0.8310924818118414,2,24
438,0.11253494749439236,1.0194464127222698,2,3,0,1.4335236152013142,0,12,0,1.4121219158172607,0,17,0,1.3654383023579915,0,20
439,42.26196159287716,1.5793046206235886,2,8,0,1.0506226883994207,0,17,0,1.3191836675008137,0,20
440,0.3026649685999734,1.0177775224049885,2,3,0,1.4663477738698323,0,6,0,1.4803272996629988,0,13,0,1.4636709094047546,0,17,0,1.3925880988438923,0,20
441,0.27103761817228134,1.13269046942393,2,3,0,1.4793836389269148,0,17,0,1.3587202628453572,0,20
442,0,0.6719252467155457,0,3,0,0.7147773702939352,0,9,0,0.689557368105108,0,20
443,11.172624132731489,0.8148917470659528,2,7,0,0.9392609596252441,0,10,0,0.9735634667532784,0,17,0,1.1099613507588704,0,20
444,25.340361770610876,0.29048728942871094,2,8,0,1.1359041035175323,0,12,0,1.179380965232849,0,17,0,1.363668402036031,0,20
445,27.813790556039333,0.675524964928627,2,8,0,1.0974533955256145,0,11,0,1.1198232173919678,0,17,0,1.259530504544576,0,20
446,19.64942379473905,1.266433128288814,2,14,0,0.8557979762554169,0,20
447,0,0.715222160021464,0,3,0,0.8752717971801758,0,10,0,0.8350910723209382,0,20
448,0,1.0489248832066853,0,3,0,1.2395901679992676,0,9,0,1.0538197755813599,0,20
449,23.756756096620528,0.8806624174118042,2,5,0,0.6780516902605692,0,17,0,0.8053502639134725,0,20
450,0,0.6950214505195618,0,3,0,0.7921403135572161,0,10,0,0.8083282887935639,0,20
451,0,0.6056005954742432,0,3,0,0.6168193987437657,0,10,0,0.6224920451641083,0,20
452,0,0.7336416443188986,0,3,0,0.7862417272159031,0,10,0,0.8176203846931458,0,20
453,55.18613372672643,0.44250624254345894,2,16,0.04453366476343643,0.8361823558807373,2,19,86.75297110652271,0.5541934569676717,2,25
454,22.46853769092481,0.3427644893527031,2,8,0,1.059565160009596,0,17,0,1.2741179466247559,0,20
455,0.2269958448176128,0.8177903095881144,2,3,0,1.286042743259006,0,12,0,1.2266822159290314,0,16,0,1.1130345463752747,0,20
456,2.938461525620742,0.8376244136265346,2,7,45.5494740016197,0.26018356904387474,2,31,2.565644332635488,0.42025288939476013,2,34,22.365572820434746,0.31581157743930816,2,44,0.06805299038737704,0.7512227296829224,2,49,22.81603393197543,0.28207622799608445,2,58
457,39.250917949170294,0.9754287931654189,2,9,0,1.0741707980632782,0,17,0,1.3262070020039876,0,20
458,0.18216345341324186,1.1480369567871094,2,3,0,1.525469912423028,0,12,0,1.5537476062774658,0,17,0,1.4607820113499959,0,20
459,6.623078802365982,1.556449055671692,2,3,4.314520609002718,1.4750183820724487,2,11,58.722747013307625,0.3672112336284236,2,30,43.949394963620804,0.5821936818269583,2,43,0.9993443451704921,0.6987817287445068,2,46,34.53856219816272,0.6134316101670265,2,54
460,0.17521981692336433,0.9700128634770712,2,3,0,1.4522741503185697,0,12,0,1.4561782598495483,0,17,0,1.3638029893239338,0,20
461,0.13747898718055285,0.7384637594223022,2,3,0,1.184073011080424,0,12,0,1.2007690966129303,0,16,0,1.0956399738788605,0,20
462,0.4921279083177038,0.8115002314249674,2,3,0,1.5781017988920212,0,11,0,1.573221464951833,0,17,0,1.5761829614639282,0,20
463,8.042959454070191,0.9687212970521715,2,9,0,1.1230298280715942,0,12,0,0.9851170539855957,0,17,0,1.154928207397461,0,20
464,0.20847224619269702,0.7813347975413004,2,3,0,1.5351854297849867,0,12,0,1.3565036535263062,0,17,0,1.3533466657002766,0,20
465,15.457946281043725,0.9629437327384949,2,4,0,1.0895302020586455,0,17,0,1.252780795097351,0,20
466,0,0.8878488143285116,0,3,0,1.1608983755111695,0,8,0,1.0758134524027507,0,11,0,1.107744832833608,0,17,0,1.2080058654149373,0,20
467,27.554412121798563,0.811151385307312,2,3,47.73991978401277,0.7668367624282837,2,9,0,1.223617510362105,0,20
468,7.6409518543642685,0.465174175798893,2,4,0,1.3996392855277429,0,17,0,1.5100318590799968,0,20
469,20.386286667073126,0.9623713833945138,2,7,0,1.168624746799469,0,17,0,1.3586862484614055,0,20
470,0,0.7544379432996114,0,3,0,0.8388428943497794,0,10,0,0.8727046728134156,0,20
471,0,0.7691888610521952,0,3,0,0.9774342974026998,0,9,0,0.9224796837026422,0,20
472,0,0.7438883781433105,0,3,0,0.8089921219008309,0,10,0,0.850377333164215,0,20
473,0.27929919094682776,0.8609270056088766,2,3,0,1.5278891745735617,0,20
474,18.259126758693103,1.400119423866272,2,4,0,1.28764768747183,0,17,0,1.5060726801554363,0,20
475,23.08112067215543,0.8192419012387594,2,6,0,1.4739234230735085,0,17,0,1.7064127524693806,0,20
476,8.229082016982126,0.9396525621414185,2,3,0,1.2352756261825562,0,6,0,1.29526952902476,0,12,0,1.299762225151062,0,17,0,1.2652715841929119,0,20
477,21.597564440522056,0.8842368125915527,2,5,0,1.1054871678352356,0,17,0,1.2982116142908733,0,20
478,12.204228502483033,0.7709086537361145,2,4,0,1.1559224037023692,0,17,0,1.2460439602533977,0,20
479,43.96460366928215,0.8619731664657593,2,3,0,1.3614100217819214,0,6,0,1.3530057668685913,0,12,0,1.2973612308502198,0,17,0,1.2358717521031697,0,20
480,27.385290875954585,0.7045506205823686,2,18,19.31322219344987,0.6800063495282773,2,45
481,0,0.7751515507698059,0,3,0,0.9771873712539673,0,8,0,0.8766466379165649,0,20
482,15.61643218280391,0.9274774789810181,2,3,0,1.4120091199874878,0,6,0,1.5285442959178577,0,17,0,1.4776437282562256,0,20
483,26.993187927925323,0.017491444945335388,1,4,38.34861671532849,0.025196017963545665,2,11,0,0.9046371817588806,0,16,0,0.8657318949699402,0,20
484,21.22857231248351,0.5792959332466125,2,3,0,1.4805058638254802,0,6,0,1.5820093154907227,0,17,0,1.4845482508341472,0,20
485,0,0.7715154886245728,0,3,0,0.8565437992413839,0,9,0,0.8023702827366915,0,20
486,0,0.8564253449440002,0,3,0,1.1113375226656597,0,9,0,1.0808315493843772,0,20
487,9.607679140097707,0.9054863850275675,2,3,0,1.2736581696404352,0,12,0,1.3102726697921754,0,17,0,1.3001587788263957,0,20
488,31.08659690440918,1.3007004658381145,2,3,0,1.4864889213017054,0,10,0,1.4781721660069056,0,17,0,1.3696820338567097,0,20
489,52.53447370586627,0.4658735463252434,2,13,36.81227519504443,0.47341799007521734,2,58
490,21.224606909580757,0.2806097436696291,2,8,0,1.1201193034648895,0,12,0,1.0506988525390626,0,17,0,1.045279900232951,0,20
491,38.357810655281774,0.46844450011849403,2,8,50.997740546999154,0.45249073660891986,2,31
492,36.09304630057285,1.393140157063802,2,9,0,0.8123902877171835,0,12,0,0.648098036646843,0,16,0,0.8433312326669693,0,20
493,0,0.9125350912412008,0,3,0,1.1365349888801575,0,9,0,1.0752644687891006,0,17,0,1.1001845200856526,0,20
494,14.364642943326876,0.8434114285877773,2,7,0,0.9366533358891805,0,10,0,0.8186095782688686,0,17,0,1.0271327495574951,0,20
495,11.953628300705958,0.8606281280517578,2,3,0,1.2291545073191326,0,6,0,1.397600531578064,0,11,0,1.4148724675178528,0,17,0,1.3361709515253704,0,20
496,0,0.7268488009770712,0,3,0,0.8417314291000366,0,8,0,0.7690402567386627,0,20
497,0,1.0016684532165527,0,3,0,1.2226463556289673,0,8,0,1.094769557317098,0,20
498,0,0.9141645431518555,0,3,0,1.2136083841323853,0,8,0,1.0917863845825195,0,11,0,1.1161582668622334,0,17,0,1.2351150910059612,0,20
499,0,0.7910452485084534,0,3,0,0.9657485961914063,0,8,0,0.8573056509097418,0,20
500,0,1.0118170181910198,0,3,0,1.1664380232493083,0,9,0,1.0240840153260664,0,20
501,40.1302822677884,0.7214394395168011,2,13,0,0.9728723594120571,0,20
502,0,0.8851895729700724,0,3,0,1.0771915713946025,0,9,0,1.0752291137521917,0,20
503,0,0.8975297609965006,0,3,0,1.2107616424560548,0,8,0,1.0314125816027324,0,20
504,0,1.1338353554407756,0,3,0,1.334679058619908,0,10,0,1.188057267665863,0,20
505,0.3587881584859163,0.8768681685129801,2,3,0,1.4890508519278631,0,12,0,1.4401812076568603,0,17,0,1.4704982837041218,0,20
506,0.2443474436287482,0.8144760330518087,2,3,0,1.6310604943169489,0,12,0,1.5578538179397583,0,17,0,1.507409652074178,0,20
507,0.43621314017677054,1.0767992734909058,2,3,0,1.5652092354638236,0,10,0,1.525097233908517,0,17,0,1.4397222598393757,0,20
508,30.2650845607284,0.8265781799952189,2,3,0,1.2287016312281291,0,6,0,1.2606492042541504,0,12,0,1.265539026260376,0,17,0,1.1993276675542195,0,20
509,0.4211426118165277,0.8758502006530762,2,3,0,1.4934477359056473,0,11,0,1.4598852197329204,0,17,0,1.4436278740564983,0,20
510,0,0.8111724456151327,0,3,0,1.021990966796875,0,8,0,0.9818049470583597,0,20
511,22.688893911534553,0.8895584940910339,2,4,0,1.4984442454117994,0,17,0,1.6364291508992512,0,20
512,0.24867130343045235,0.6980010271072388,2,3,0,1.3307751842907496,0,17,0,1.3026090860366821,0,20
513,51.952092986231094,0.8667850544055303,2,24
514,33.37180699831031,0.41841132938861847,2,12,0,0.8009842932224274,0,20
515,0.2323423645892427,0.9566013018290201,2,3,0,1.3631596118211746,0,11,0,1.3362038135528564,0,17,0,1.2309730450312297,0,20
516,42.09989156566817,0.47982085347175596,2,20
517,13.423111763525426,0.7894852076257978,2,7,0,1.1668686866760254,0,10,0,1.231801986694336,0,17,0,1.3252217372258503,0,20
518,0,0.7715268135070801,0,3,0,0.8637960468019757,0,10,0,0.8799109935760498,0,20
519,0,0.8212248285611471,0,3,0,1.0352838039398193,0,9,0,1.0278268727389248,0,20
520,10.197305328919638,0.5315274000167847,2,9,0,0.819284717241923,0,12,0,0.7378435373306275,0,17,0,0.9305710395177206,0,20
521,16.063787439201814,1.3611084073781967,2,8,0,1.0848757690853543,0,17,0,1.2586873769760132,0,20
522,0,0.7896457513173422,0,3,0,0.9507226745287577,0,9,0,0.9534108963879672,0,20
523,24.535097782284534,0.5507616230419704,2,7,0,0.8277688026428223,0,10,0,0.9043786355427333,0,17,0,1.0353214740753174,0,20
524,27.785756148490286,0.5459995493292809,2,8,0,1.1199350489510431,0,17,0,1.3118478854497273,0,20
525,14.178557856521437,1.146846977147189,2,11,20.038205331339423,1.117335359255473,2,14,0,0.6820379992326101,0,20
526,62.59574005294787,0.2748170033097267,2,10,0,0.6715561598539352,0,14,0,0.48606909314791363,0,17,0,0.6716576417287191,0,20
527,63.01100737256059,0.21206566393375398,2,5,87.18191257193048,0.1845025952373232,2,19,0.19280173623718397,0.7465303142865499,2,25,27.06349958192139,0.026006852941853658,2,39,0.36550802655627107,0.5457017496228218,2,43,43.45320623071773,0.1566125936806202,2,47,66.34139745458873,0.22611141204833984,2,50
528,24.372916992017977,0.5605766688074384,2,7,0,1.0203229983647664,0,10,0,0.9929819107055664,0,17,0,1.138791799545288,0,20
529,38.676488239519855,1.0011831786897447,2,18,27.320309087742682,1.0522550344467163,2,21
530,29.230727507261896,0.6757969707250595,2,4,0,1.292531233567458,0,17,0,1.502726435661316,0,20
531,0,0.8682518005371094,0,3,0,1.1404223640759785,0,9,0,1.1206445585597644,0,20
532,0,0.7356370091438293,0,3,0,0.8402205010255178,0,9,0,0.8526085506786,0,20
533,5.670330927453034,1.1969761451085408,2,3,0,1.2320339282353718,0,12,0,1.261600089073181,0,17,0,1.2676081260045369,0,20
534,0.22221767095316203,1.1509212652842205,2,3,0,1.508616116311815,0,12,0,1.5411989212036132,0,17,0,1.5067919095357258,0,20
535,11.826709692727517,0.596990442276001,2,5,0,0.9551180998484293,0,8,0,1.082696623272366,0,17,0,1.2083128293355305,0,20
536,17.843428888295804,0.22205908298492433,2,5,0,1.2993922063282557,0,12,0,1.1989677846431732,0,16,0,1.2496645748615265,0,20
537,22.571602568049425,0.6191610892613729,2,3,0,1.3590480883916218,0,6,0,1.2634451985359192,0,12,0,1.118066382408142,0,17,0,1.1445258458455403,0,20
538,41.99374449153108,1.1176306804021199,2,3,0,1.2503726085027058,0,12,0,1.3689016103744507,0,17,0,1.331352988878886,0,20
539,0.19109337420589334,0.9586349129676819,2,3,0,1.5120792786280315,0,12,0,1.4964816331863404,0,17,0,1.4027460813522339,0,20
540,34.77145533389075,0.5304117964373695,2,54,28.195434071571345,0.5331255367824009,2,68
541,15.114248007928397,0.5043297290802002,2,5,0,1.0338611900806427,0,17,0,1.17666761080424,0,20
542,15.660691227240648,1.4944678843021393,2,4,0,1.0900007027846117,0,17,0,1.2057725588480632,0,20
543,32.50572107381934,1.1139664385053847,2,9,0,1.1704098582267761,0,17,0,1.3981221119562786,0,20
544,0.3064178481008912,1.002041180928548,2,3,0,1.5881579433168684,0,10,0,1.7008109944207328,0,17,0,1.591259280840556,0,20
545,26.65659465080824,0.5965274572372437,2,9,0,0.7615496118863424,0,12,0,0.606631800532341,0,16,0,0.6770084947347641,0,20
546,22.80611632254286,1.008178156964919,2,17,0,1.3874457279841106,0,20
547,36.337206394089065,0.96370729804039,2,8,0,0.7885957509279251,0,12,0,0.6722883135080338,0,16,0,0.7956669479608536,0,20
548,27.662412645128413,0.7928464737805453,2,11,0,0.8647220134735107,0,14,0,0.734301229317983,0,17,0,0.8780262668927511,0,20
549,0,0.8168320457140604,0,3,0,1.0373526334762573,0,8,0,0.9948708216349283,0,20
550,0,0.9298802415529887,0,3,0,1.154172992706299,0,8,0,1.135753591855367,0,17,0,1.2364093859990437,0,20
551,0,0.7387591004371643,0,3,0,0.8202140231927236,0,9,0,0.7707974687218666,0,17,0,0.8988097707430521,0,20
552,0,0.7350368897120158,0,3,0,0.8901528914769491,0,9,0,0.8353849324313077,0,20
553,0,0.9048149983088175,0,3,0,1.2340396404266358,0,8,0,1.0995440781116486,0,20
554,23.587969548017018,0.5493605613708497,2,5,0,0.9157845079898834,0,17,0,1.1561627388000488,0,20
555,8.02672323768285,1.1205515563488007,2,12,25.791824555224895,1.079389214515686,2,16,59.29825534769982,1.1248159170150758,2,21
556,0,0.8299375772476196,0,3,0,1.0523274739583333,0,9,0,1.0482177951119163,0,20
557,0,0.8619294961293539,0,3,0,1.0610893368721008,0,9,0,1.0606107928536155,0,20
558,16.98004453504663,0.8755879004796346,2,3,0,1.5452629668372018,0,10,0,1.5590027400425501,0,17,0,1.4541813532511394,0,20
559,0.2352208288874381,1.0190070470174153,2,3,0,1.521713837981224,0,11,0,1.607889195283254,0,17,0,1.4717129071553547,0,20
560,21.260320272978984,1.0643234650293987,2,3,0,1.3713416655858357,0,6,0,1.455294045535001,0,17,0,1.4017824331919353,0,20
561,0.5317486287281978,0.9349262913068136,2,3,0,1.5929810007413228,0,9,0,1.502733133055947,0,20
562,0.07223186792498475,1.1275415420532227,2,3,0,1.3872633907530043,0,12,0,1.3326434373855591,0,17,0,1.233862082163493,0,20
563,24.558613375453476,0.5570509135723114,2,14,0,0.9702545007069906,0,20
564,33.451132379374684,0.3908568819363912,2,12,49.64004574334103,0.33686670660972595,2,15,0,1.119174838066101,0,20
565,0,0.6215033332506815,0,3,0,0.6610839707510812,0,10,0,0.6594572246074677,0,20
566,20.838984017488247,1.0348517986444326,2,13,0,0.8062355858939034,0,20
567,18.665537209391218,0.4642564735629342,2,11,11.66012270858721,0.5389759739240011,2,14,0,0.8314597904682159,0,20
568,0,0.857882002989451,0,3,0,1.1463955640792847,0,8,0,1.0119910438855488,0,20
569,19.888922781852493,0.7526266141371294,2,11,0,0.6720754702885946,0,17,0,0.7738537192344666,0,20
570,33.480365131254274,0.4648023873567581,2,20
571,0,0.8928529222806295,0,3,0,1.1612515211105348,0,8,0,1.0314699411392212,0,11,0,1.0705202619234722,0,17,0,1.1940544843673706,0,20
572,21.077911882487278,0.89544677734375,2,3,0,1.3214631080627441,0,12,0,1.2849382877349853,0,17,0,1.334925611813863,0,20
573,0,0.9812057813008627,0,3,0,1.1964061657587688,0,9,0,0.9663377241654829,0,20
574,0.3099386291833522,0.8364843130111694,2,3,0,1.3643654584884644,0,6,0,1.4185186227162678,0,12,0,1.3560733318328857,0,17,0,1.2729685306549072,0,20
575,14.648388931880362,1.0365176796913147,2,6,0,1.2176842391490936,0,10,0,1.2920910460608346,0,17,0,1.3821711937586467,0,20
576,43.29038824616579,1.1975115140279133,2,3,0,1.4545992357390267,0,17,0,1.5044284264246623,0,20
577,0,1.0003620386123657,0,3,0,1.2109658002853394,0,8,0,1.079999069372813,0,20
578,0,0.7318430344263712,0,3,0,0.791218774659293,0,10,0,0.8323068022727966,0,20
579,22.320813583133948,0.63045905317579,2,21
580,0,0.805221438407898,0,3,0,1.0285159746805828,0,9,0,0.9620026458393444,0,20
581,0,0.6636036038398743,0,3,0,0.6570956309636434,0,9,0,0.640168780630285,0,20
582,0,0.8801960349082947,0,3,0,1.1787713050842286,0,8,0,1.0360619525114696,0,20
583,33.70489660092104,0.3061311457838331,2,21,23.651641435812984,0.6328619122505188,2,30,43.58276411511699,0.37686683734258014,2,33,86.65600927875948,0.2053435191512108,2,53
584,0.05848049051361491,1.1608978112538655,2,3,0,1.391182780265808,0,20
585,0,0.8809729814529419,0,3,0,1.1335495233535766,0,8,0,1.0995235840479534,0,11,0,1.127896507581075,0,17,0,1.2132564385732014,0,20
586,0,0.7571334441502889,0,3,0,0.9696385463078817,0,9,0,0.9068038138476285,0,20
587,23.289499204941784,0.6843641315187726,2,7,0,0.9926276206970215,0,10,0,1.085326875959124,0,17,0,1.2224729855855305,0,20
588,48.42949702922085,0.42913647294044494,2,25
589,33.503785788155476,0.7170566916465759,2,4,0,1.3534050996486957,0,17,0,1.5099093516667683,0,20
590,16.802989192008415,0.18982869684696196,2,5,0,1.1160950064659119,0,17,0,1.2389815251032512,0,20
591,13.69880141572548,0.5454150438308716,2,4,0,1.293239767734821,0,17,0,1.3609298467636108,0,20
592,0.3301612276479273,0.8496338725090027,2,3,0,1.5415135877473014,0,17,0,1.4562326669692993,0,20
593,43.86493250184429,0.30866907500639196,2,41
594,29.849785450588673,0.47508362531661985,2,15,49.111667452787835,0.5626692573229471,2,18,99.1294829509649,0.4441909392674764,2,51
595,107.4773908476179,0.11192405010972704,2,14,62.116076772139124,0.12423760550362724,2,21
596,17.49214282945218,1.2052601405552454,2,7,0,0.8841284910837809,0,10,0,0.8855503627232143,0,17,0,1.0752847989400227,0,20
597,12.789117770839267,0.8740784168243408,2,5,0,1.2158657213052113,0,17,0,1.4544687271118164,0,20
598,31.15894191929687,0.6484592676162719,2,20
599,13.08123098553903,0.3856815844774246,2,4,0,1.3591863467143133,0,17,0,1.4245208501815796,0,20
600,20.416901792939697,0.8612169921398163,2,4,0,1.375102657538194,0,17,0,1.5954779386520386,0,20
601,0,0.8164132833480835,0,3,0,1.0520509084065754,0,9,0,1.023993817242709,0,20
602,0.3405528517436077,0.9026594161987305,2,3,0,1.5519884294933743,0,12,0,1.485800313949585,0,17,0,1.4949090480804443,0,20
603,53.30763249500788,0.5235807945330938,2,12,69.72427826824722,0.5461713150143623,2,20,6.500167738746848,0.5138948758443197,2,23,69.6234947965628,0.5424705949322931,2,52,19.972703478091788,0.5653299887975057,2,55
604,0,0.8702884912490845,0,3,0,1.1137760877609253,0,8,0,1.0992495218912761,0,11,0,1.1294102271397908,0,17,0,1.1971572240193684,0,20
605,21.440952824214097,1.3160890638828278,2,8,0,1.0511267185211182,0,17,0,1.228199044863383,0,20
606,0.25379361728610683,0.676927387714386,2,3,0,1.3706884454278385,0,20
607,14.122673766002727,1.1078668038050334,2,3,0,1.382440209388733,0,10,0,1.5178610597337996,0,17,0,1.4235802094141643,0,20
608,0,0.8058610757191976,0,3,0,0.9711986303329467,0,8,0,0.9783973892529806,0,20
609,0,0.8700849811236063,0,3,0,1.169405500094096,0,9,0,1.074671173095703,0,14,0,0.9725960493087769,0,17,0,1.023958961168925,0,20
610,11.588328360701032,0.9370762904485067,2,3,0,1.2092239061991374,0,6,0,1.3418631951014202,0,12,0,1.3069304466247558,0,17,0,1.1800808906555176,0,20
611,16.750390324112292,0.8846238056818644,2,3,0,1.1192742983500164,0,6,0,1.3256732333790173,0,17,0,1.3894599278767903,0,20
612,0.09495087004410531,0.9388707876205444,2,3,0,1.4223847529467415,0,20
613,13.103046263277344,1.0327848593393962,2,3,0,1.1311450004577637,0,6,0,1.3030558607795022,0,17,0,1.3290532032648723,0,20
614,20.503351149212357,1.3249448026929582,2,7,0,1.1308394762185903,0,20
615,0.31153159620401755,1.177686095237732,2,3,0,1.4432081878185272,0,11,0,1.4038986166318257,0,17,0,1.3655267159144084,0,20
616,28.105138692171906,0.8923636815127205,2,17,0,1.4456664323806763,0,20
617,21.574901460495607,0.20741266384720802,2,4,0,1.364901065826416,0,17,0,1.3508143424987793,0,20
618,0,0.850409189860026,0,3,0,1.139550518989563,0,8,0,0.9762034813563029,0,11,0,1.0145482023557026,0,17,0,1.1262298822402954,0,20
619,0,0.7494854132334391,0,3,0,0.7993289658001491,0,10,0,0.7939136147499084,0,20
620,56.39168485171663,0.2704550288617611,2,8,91.70389733680048,0.22595650921849644,2,25,113.97352109617036,0.204266919195652,2,35
621,20.04918322463824,0.8871433337529501,2,3,0,1.304530143737793,0,6,0,1.5415019230409102,0,17,0,1.5231433709462483,0,20
622,26.73892427943597,0.7385823577642441,2,8,0,0.9406373103459676,0,17,0,1.10200039545695,0,20
623,53.80813687959083,0.2386776924133301,2,5,141.12182062873018,0.12680403604393914,2,26
624,0.21306018383162753,1.06406835714976,2,3,0,1.2500061988830566,0,12,0,1.255972194671631,0,17,0,1.1713438431421916,0,20
625,22.165615213570415,0.710971862077713,2,8,0,1.1945689254336886,0,17,0,1.4134614864985149,0,20
626,0,0.7589874664942423,0,3,0,0.9043319225311279,0,9,0,0.8206905234943737,0,20
627,0.24392977097081336,0.9088856975237528,2,3,0,1.4992766231298447,0,11,0,1.5556966662406921,0,17,0,1.4237332344055176,0,20
628,0,0.899950385093689,0,3,0,1.1116121053695678,0,8,0,1.1460702518622081,0,20
629,23.717757173045555,0.36448396576775444,2,9,40.61953667394419,0.32308916250864667,2,12,0,0.7535089492797852,0,17,0,0.8791991074879965,0,20
630,17.96270437825479,1.4809120297431946,2,6,0,1.2457251440395007,0,17,0,1.5496068000793457,0,20
631,31.296053996737363,0.5972873121500015,2,8,0,1.157728672027588,0,12,0,1.1061861991882325,0,17,0,1.3177014986673992,0,20
632,12.389312091266016,0.4818141460418701,2,7,0,0.9832512537638346,0,10,0,0.9191548824310303,0,17,0,1.0504941940307617,0,20
633,13.84853566743365,0.5071108788251877,2,4,0,1.1752076332385724,0,17,0,1.2532323598861694,0,20
634,26.735780688250472,0.9488479958640205,2,9,0,0.9993863900502523,0,12,0,0.9824265480041504,0,17,0,1.0943683783213298,0,20
635,29.13613541614081,0.7399936264211481,2,11,0,0.7355395555496216,0,14,0,0.6549873948097229,0,17,0,0.8158468802769979,0,20
636,12.980816667069385,0.8920870542526245,2,5,0,1.0627082288265228,0,17,0,1.2899422645568848,0,20
637,16.137574335023334,0.695384656560832,2,29
638,0,0.9051857193311056,0,3,0,1.192482304573059,0,8,0,1.0188735822836559,0,20
639,0,0.7915790677070618,0,3,0,1.0000335375467937,0,9,0,1.0498007427562366,0,20
640,0.343879650989738,1.1954862674077351,2,3,0,1.4862046639124553,0,12,0,1.4699817180633545,0,17,0,1.465710719426473,0,20
641,0,0.8658867478370667,0,3,0,1.1173136711120606,0,8,0,1.0444732904434204,0,11,0,1.0900534987449646,0,17,0,1.182928244272868,0,20
642,0,0.7862805525461832,0,3,0,1.0105955799420674,0,9,0,1.0362770665775647,0,20
643,0,0.7676737705866495,0,3,0,0.9837963183720907,0,9,0,0.9939831278540872,0,20
644,0,0.8262145320574442,0,3,0,1.0740829507509868,0,9,0,1.0555593222379684,0,17,0,1.1359305381774902,0,20
645,51.56890331024841,0.33036510944366454,2,5,79.62797427444227,0.27301515142122906,2,8,0,1.0836784839630127,0,12,0,0.9872972965240479,0,16,0,1.1205183565616608,0,20
646,0,0.9237493673960367,0,3,0,1.2064033031463623,0,8,0,1.2311104436715443,0,20
647,29.880811054285562,1.188946737183465,2,9,0,1.1305858691533406,0,12,0,1.1041651010513305,0,17,0,1.3036610682805378,0,20
648,24.690991413626687,0.9100679731369019,2,25
649,19.590673569165766,1.0666346947352092,2,6,0,0.9380650411952626,0,17,0,1.0892232656478882,0,20
650,155.65278435954582,0.22401225566864014,2,7,42.851602506071266,0.3790935476620992,2,10,19.192351196684577,0.4086027940114339,2,13,9.340851876350493,0.5828840136528015,2,16,0,1.2012510895729065,0,20
651,10.574734722877595,1.0157330830891926,2,3,0,1.2693652311960857,0,6,0,1.3629960417747498,0,12,0,1.3024084091186523,0,17,0,1.3198268413543701,0,20
652,22.900960874316674,0.6680473188559214,2,12,0,0.8299330115318299,0,17,0,1.0147074858347576,0,20
653,20.43978180641379,0.5318943142890931,2,5,0,1.3515951335430145,0,17,0,1.4985849857330322,0,20
654,4.327400660691641,0.6858001112937927,2,5,0,1.3940764367580414,0,17,0,1.4901781876881917,0,20
655,31.297622550727276,0.4174299930653921,2,41
656,0.054515767187028275,0.8224057753880819,2,3,0,1.3073202301474178,0,20
657,8.991714126256262,0.6634748131036758,2,4,0,1.2633360074116633,0,17,0,1.368025779724121,0,20
658,0.19656899022614074,0.7469943761825562,2,3,0,1.3450179232491388,0,12,0,1.3445155322551727,0,16,0,1.2575273215770721,0,20
659,9.96510536991779,0.8342725208827427,2,7,0,1.018329660097758,0,10,0,1.027201533317566,0,17,0,1.1197707653045654,0,20
660,53.34405838031928,0.46534672952615297,2,26
661,19.803398974632128,0.64680548508962,2,3,0,1.3517754475275676,0,6,0,1.5341323614120483,0,17,0,1.500495433807373,0,20
662,0,0.788436492284139,0,3,0,0.9879995822906494,0,8,0,0.894318163394928,0,20
663,0,0.8397892316182455,0,3,0,1.111821750799815,0,9,0,1.051199663769115,0,20
664,0,0.7513156334559122,0,3,0,0.8322768892560687,0,10,0,0.8573436617851258,0,20
665,0,0.9434256752332052,0,3,0,1.121078542300633,0,10,0,1.0005237715584892,0,17,0,0.97736656665802,0,20
666,15.40144369626656,1.3413158257802327,2,3,0,1.647864043712616,0,9,0,1.6728925257921219,0,17,0,1.6253971258799236,0,20
667,41.16505224218909,0.8262639790773392,2,8,60.108546617927814,0.7339474558830261,2,11,0,0.7117178705003526,0,20
668,3.086910561018633,0.806278665860494,2,3,0,1.1320087644788954,0,12,0,1.1597084760665894,0,17,0,1.1237661441167195,0,20
669,26.393195856658693,0.4199321627616882,2,5,0,1.1661325792471569,0,17,0,1.3378241062164307,0,20
670,33.93821069146141,1.2029280066490173,2,4,0,1.3541102134264433,0,17,0,1.5490585565567017,0,20
671,19.99748201057406,0.642432443300883,2,15,0,0.8472709417343139,0,20
672,24.159437369867295,0.84472714299741,2,23
673,0,0.7937205831209818,0,3,0,1.01666925350825,0,9,0,0.9436774795705621,0,20
674,20.64489130257218,0.5175807744264602,2,10,0,1.0007079243659973,0,14,0,0.9150362809499105,0,17,0,1.1702035665512085,0,20
675,51.79608840895415,0.1839650786585278,2,9,78.39817344925913,0.2408934235572815,2,12,0,0.8299385383725166,0,20
676,14.353529706637044,1.175552937719557,2,9,0,0.9688682705163956,0,17,0,1.1297568082809448,0,20
677,35.103480028503746,0.8290348964578965,2,17,0,1.3812249501546223,0,20
678,18.607870536729994,0.3207344963000371,2,13,27.870074943470968,0.3497759699821472,2,16,49.13679813981403,0.4460722766816616,2,32
679,150.0696866582182,0.2872986892859141,2,3,232.1099658786247,0.2368312863012155,2,15,1.449066868710128,0.43459733327229816,2,18,50.88457997955855,0.2729510833819707,2,33
680,45.910951723818584,0.3494150737921397,2,3,0,1.3309632142384846,0,6,0,1.4230655756863682,0,17,0,1.447555383046468,0,20
681,31.683755882941412,0.8103986263275147,2,5,0,1.2594410862241472,0,12,0,1.2227187156677246,0,17,0,1.3495217561721802,0,20
682,13.680841899904681,0.6617504060268402,2,8,0,0.849027156829834,0,17,0,1.0126305023829143,0,20
683,25.371388230315233,0.8608358353376389,2,16,1.563661091251599,0.4992750585079193,2,19,21.358601684921652,0.7515693306922913,2,25,45.99441122491309,0.6547972985676357,2,32
684,56.626333033783816,0.11363356187939644,2,4,104.36097248497879,0.08103784173727036,2,8,288.0904335806368,0.02527189314365387,2,33
685,25.168917366836187,0.5484357211324904,2,9,0,1.0509754419326782,0,12,0,0.9224894046783447,0,17,0,1.1099342505137126,0,20
686,10.931743539704776,0.7235726118087769,2,4,0,1.4206012338399887,0,12,0,1.3049901485443116,0,17,0,1.350637674331665,0,20
687,0,0.8753875891367594,0,3,0,1.1347679853439332,0,8,0,1.0484511189990573,0,17,0,1.1618765195210774,0,20
688,13.92764297617601,0.6006004412968954,2,6,0,1.0671155019239946,0,17,0,1.2020030816396077,0,20
689,0,0.659140149752299,0,3,0,0.7580202420552572,0,9,0,0.7496639815243807,0,20
690,3.721931331976143,0.46338873108228046,2,3,0,1.3697916269302368,0,20
691,28.18463826936088,0.38178518414497375,2,6,0,1.1616145968437195,0,10,0,1.073406389781407,0,17,0,1.2190215587615967,0,20
692,21.29127217939022,1.256543477376302,2,3,0,1.357565442721049,0,6,0,1.5635075569152832,0,17,0,1.5142356952031453,0,20
693,35.129819106639744,0.35171110431353253,2,3,0,0.7771129480430058,0,17,0,0.8373308181762695,0,20
694,70.26502276065376,0.1941735606927138,2,13,0,0.9848151547568185,0,20
695,20.208496182723184,0.19631248606102808,2,14,0,0.8758819798628489,0,20
696,20.343025982515588,0.4297732494094155,2,11,0,0.9645339846611023,0,17,0,1.1506800651550293,0,20
697,0,0.8842482964197794,0,3,0,1.152135396003723,0,8,0,1.0517444213231404,0,11,0,1.0928374926249187,0,17,0,1.2005594571431477,0,20
698,8.524557011199944,1.372753654207502,2,7,0,0.960297429561615,0,17,0,1.1294944683710735,0,20
699,52.50155502658847,0.15870707713324447,2,29
700,13.73750167406666,0.6940976604819298,2,8,0,1.062796778149075,0,17,0,1.213281790415446,0,20
701,16.821214437247683,0.8486357629299164,2,4,0,1.2754674966518695,0,17,0,1.3599725166956584,0,20
702,8.764747259600238,0.2345620095729828,2,4,0,1.191708234640268,0,17,0,1.2502076625823975,0,20
703,16.10126603417719,0.6613873839378357,2,3,0,1.3794031275643244,0,12,0,1.3705245733261109,0,17,0,1.2898732821146648,0,20
704,20.804943817835458,0.5649716191821628,2,9,0,0.9074170589447021,0,12,0,0.8216084718704224,0,17,0,0.9816902875900269,0,20
705,54.568135174508676,0.9458587169647217,2,3,0,1.2478279670079548,0,6,0,1.2318528493245442,0,12,0,1.2245969295501709,0,17,0,1.2442029317220051,0,20
706,7.957813395811189,0.3354099591573079,2,3,0,1.239641785621643,0,13,0,1.2834314405918121,0,17,0,1.17129913965861,0,20
707,51.45590893480156,0.0739550521331174,2,28
708,13.732569881241314,0.5437761346499125,2,3,48.530786298815556,0.5326212611463335,2,12,0,0.8517110124230385,0,20
709,0,0.9943505128224691,0,3,0,1.2139076232910155,0,8,0,1.1317390004793804,0,20
710,0.23745062509430032,0.6242922941843668,2,3,0,1.2592891369547163,0,17,0,1.2074931462605794,0,20
711,0.10574506866993745,0.8137429157892863,2,3,0,1.3659194972780015,0,12,0,1.4237423539161682,0,16,0,1.3155828416347504,0,20
712,22.06306952869312,1.2934968233108521,2,5,0,1.2838267087936401,0,17,0,1.4960994323094685,0,20
713,13.377306129885895,0.5236165285110473,2,5,53.32541917730859,0.4132688567042351,2,25
714,12.437511648013096,0.7472230911254882,2,10,0,0.9229994118213654,0,14,0,0.7698968052864075,0,17,0,0.9168100357055664,0,20
715,29.379166558706284,0.5830535842822149,2,26
716,0,0.6297473311424255,0,3,0,0.7466336250305176,0,8,0,0.6872032284736633,0,11,0,0.7549785706732008,0,20
717,0,0.8058057824770609,0,3,0,1.0386891961097717,0,9,0,0.9580451466820457,0,20
718,13.296973937075864,0.3739350438117981,2,8,0,1.2270561059315999,0,11,0,1.2278874516487122,0,17,0,1.393781264623006,0,20
719,15.75209357523523,1.0214795351028443,2,10,0,0.844655325015386,0,16,0,0.9170365631580353,0,20
720,0,1.0384732683499653,0,3,0,1.2084680795669556,0,8,0,1.1106624868181016,0,17,0,1.2475671370824177,0,20
721,25.145119654802276,0.3893717701236407,2,24
722,8.29655293308408,0.731865406036377,2,3,0,0.9094384709993998,0,12,0,0.9399835765361786,0,16,0,1.003373622894287,0,20
723,0,0.8878431916236877,0,3,0,1.1235974550247192,0,8,0,1.041436062918769,0,17,0,1.1948163509368896,0,20
724,24.904910054672843,0.9872430165608724,2,3,0,1.4096858501434326,0,6,0,1.5298962195714314,0,12,0,1.5244289636611938,0,17,0,1.5699721972147624,0,20
725,0,0.787877639134725,0,3,0,0.9233917951583862,0,8,0,0.8797990183035532,0,20
726,13.150757345241153,0.401506170630455,2,6,0,1.3283776342868805,0,10,0,1.3416393143790108,0,17,0,1.3751208384831746,0,20
727,3.4231769683633995,0.7483658492565155,2,6,0,1.4497333548285745,0,17,0,1.6181296110153198,0,20
728,0.18148740112184686,0.8049863080183665,2,3,0,1.4719651256288802,0,10,0,1.4731356263160706,0,20
729,11.620720793215977,0.9944836795330048,2,4,0,1.1026043341710017,0,17,0,1.2098512649536133,0,20
730,14.50303050675065,0.43548258394002914,2,4,0,1.3384017119040856,0,17,0,1.4321252504984539,0,20
731,0,0.787877639134725,0,3,0,0.9233917951583862,0,8,0,0.8797990183035532,0,20
732,61.78665394710676,0.6129388143034542,2,17,0,1.149097164471944,0,20
733,12.575201170765821,0.29415522515773773,2,6,0,0.7673174142837524,0,17,0,0.7896765867869059,0,20
734,19.926820478336545,1.1222755568368095,2,14,0,1.042212188243866,0,20
735,19.021491336281496,0.3692608286033977,2,11,0,0.8709962765375773,0,14,0,0.7559031844139099,0,17,0,0.9438257217407227,0,20
736,0,0.7591121196746826,0,3,0,0.9618140459060669,0,9,0,0.9053569490259344,0,20
737,28.49121792404578,0.7880331819707697,2,11,0,0.877564271291097,0,20
738,0,0.7964878082275391,0,3,0,0.9272460256304059,0,10,0,0.8997006416320801,0,20
739,68.187142774521,0.5619127690792084,2,10,0,0.6908506006002426,0,14,0,0.522879421710968,0,17,0,0.7680826584498087,0,20
740,25.312553514293732,0.745472639799118,2,4,0,1.2241158485412598,0,12,0,1.2524155139923097,0,17,0,1.3498567740122478,0,20
741,28.426552033443603,0.21589582661787668,2,3,0,1.118888881471422,0,12,0,1.1909591436386109,0,17,0,1.1535432736078899,0,20
742,27.63734832863194,0.21318385004997253,2,3,0,1.1856611371040344,0,17,0,1.25371253490448,0,20
743,14.722643530345202,0.48692915836970013,2,3,0,1.2179973423480988,0,11,0,1.3352350393931072,0,17,0,1.233193318049113,0,20
744,0,0.897409717241923,0,3,0,1.2019750833511353,0,8,0,1.0445386568705242,0,20
745,46.570434635548494,0.5132114390532175,2,9,0,1.0749016602834065,0,12,0,1.037867832183838,0,17,0,1.1986960570017497,0,20
746,0,0.7431750694910685,0,3,0,0.7978746195634207,0,9,0,0.7791619246656244,0,20
747,36.584304916505225,0.2674798518419266,2,3,55.769528237704826,0.21393186450004578,2,8,0,1.0512988567352295,0,12,0,0.9416921436786652,0,16,0,1.0567671656608582,0,20
748,0,0.6806413729985555,0,3,0,0.7800094825880868,0,10,0,0.7998691678047181,0,20
749,13.33403024232615,1.2751832723617553,2,5,0,1.173501423427037,0,12,0,1.29366614818573,0,17,0,1.3826423088709514,0,20
750,19.117133108455064,0.6062849164009094,2,8,0,1.0692590607537165,0,17,0,1.2630264361699421,0,20
751,37.02954039822506,0.7252143174409866,2,4,0,1.4158544357006366,0,17,0,1.5819961627324421,0,20
752,0,0.7603714068730673,0,3,0,0.9018290996551513,0,8,0,0.7910529772440592,0,17,0,0.9237438837687174,0,20
753,10.154762247187845,1.1957415541013081,2,6,0,1.4046491384506226,0,17,0,1.5529218912124634,0,20
754,0.22949358137622816,0.8901020288467407,2,3,0,1.2679466903209686,0,11,0,1.2345406810442607,0,17,0,1.1485585769017537,0,20
755,11.392847400828668,1.1207257509231567,2,3,0,1.2141166627407074,0,11,0,1.2195923924446106,0,17,0,1.1948712666829426,0,20
756,23.681343522351703,0.9103464365005494,2,5,0,1.2280585368474324,0,17,0,1.476620117823283,0,20
757,13.678200494497403,0.6538631319999695,2,6,0,1.278390190818093,0,17,0,1.4317243099212646,0,20
758,29.11551663362409,1.1383495032787323,2,4,0,1.3628524266756499,0,17,0,1.5827805201212566,0,20
759,0.2924837389682118,0.9479077259699503,2,3,0,1.6799466477500067,0,12,0,1.6206907987594605,0,17,0,1.5599363644917805,0,20
760,0,0.7323497533798218,0,3,0,0.854873796304067,0,9,0,0.8604300455613569,0,20
761,0,0.6370676159858704,0,3,0,0.7319037914276123,0,10,0,0.7446053743362426,0,20
762,9.941274520611215,0.7736209034919739,2,3,0,1.4039653539657593,0,6,0,1.4381871223449707,0,12,0,1.3219290256500245,0,17,0,1.2470353841781616,0,20
763,10.367085489998734,0.9788532257080078,2,4,0,1.1246876900012677,0,17,0,1.2026917934417725,0,20
764,18.760037054347634,0.6350204745928446,2,3,0,1.0608238379160564,0,12,0,1.0033627033233643,0,17,0,0.9615742365519205,0,20
765,0,0.9969016313552856,0,3,0,1.202918577194214,0,8,0,1.0631287296613057,0,20
766,22.041668839692385,1.255219539006551,2,3,0,1.4344822317361832,0,11,0,1.5060298045476277,0,17,0,1.4228736559549968,0,20
767,0,0.7085832754770914,0,3,0,0.8258893887201945,0,9,0,0.8185682946985419,0,20
768,19.26659023134572,0.8245968818664551,2,3,0,1.1142533620198567,0,6,0,1.256006379922231,0,12,0,1.1983088970184326,0,17,0,1.095631718635559,0,20
769,11.431941997090817,1.096123456954956,2,3,0,1.3534331719080608,0,6,0,1.3848792910575867,0,12,0,1.4025612831115724,0,17,0,1.3248968919118245,0,20
770,9.13857355859304,1.0366084178288777,2,3,0,0.9707382652494643,0,12,0,0.8866617202758789,0,17,0,0.8786914745966593,0,20
771,10.460320679725687,1.319291313489278,2,3,0,1.2305299838383992,0,6,0,1.4322375600988215,0,17,0,1.418142557144165,0,20
772,0,0.6901439825693766,0,3,0,0.8497557044029236,0,9,0,0.8105874007398431,0,20
773,11.100749437441834,0.5308352510134379,2,3,0,1.486458381017049,0,6,0,1.4208903908729553,0,12,0,1.2520822763442994,0,17,0,1.2610429922739665,0,20
774,7.934720668631276,1.4260062376658122,2,3,0,1.1906195481618245,0,6,0,1.3766856627030806,0,17,0,1.354705810546875,0,20
775,20.182427618125217,0.6106366912523905,2,3,0,1.334078311920166,0,6,0,1.4070537957278164,0,17,0,1.423634131749471,0,20
776,0.3499790683423415,0.9471511840820312,2,3,0,1.6625116268793743,0,12,0,1.640059804916382,0,17,0,1.6271241108576457,0,20
777,0.3929612638696287,1.0452283223470051,2,3,0,1.48980270491706,0,12,0,1.4626691818237305,0,17,0,1.4270612398783367,0,20
