0,11.053542777557526,0.6506150762240092,2,3,0,1.0977474186155531,0,12,0,1.2643740475177765,0,16,0,1.1316728591918945,0,20
1,40.44275474132068,0.27157198786735537,2,5,0,1.052883267402649,0,17,0,1.1906755765279133,0,20
2,5.154550683713875,0.9014314711093903,2,8,0,1.0426638722419739,0,12,0,1.0163115561008453,0,16,0,1.1640711426734924,0,20
3,18.942261239300205,0.5468886256217956,2,5,0,1.0890694161256154,0,17,0,1.222231149673462,0,20
4,20.12240170972223,0.6470602063032297,2,13,0,1.0189334835324968,0,20
5,0,0.731139063835144,0,3,0,0.9221520026524862,0,9,0,0.87608417597684,0,20
6,0,0.8216248750686646,0,3,0,0.9882511893908182,0,9,0,1.0139762921766802,0,20
7,22.44694015349156,1.1402294635772705,2,3,0,1.3077569405237834,0,6,0,1.43634662844918,0,17,0,1.4281279643376668,0,20
8,0.3423030703002415,1.1381663878758748,2,3,0,1.5731507390737534,0,11,0,1.580973247687022,0,17,0,1.540485143661499,0,20
9,12.332734632119303,0.18508116155862808,2,4,0,0.7614629039397607,0,17,0,0.8840417861938477,0,20
10,13.82137701758411,1.1129465103149414,2,8,0,1.1253996690114338,0,11,0,1.2926570574442546,0,17,0,1.4543677965799968,0,20
11,24.9924578892118,0.12972952611744404,2,8,0.17999311802619636,0.24276715330779552,2,16,0.08147959270758483,0.23909499744574228,2,19,0,1.2874957578522819,0,33,0,1.407987078030904,0,36,40.32639776576482,0.3837917596101761,2,42
12,21.48065383996403,1.0674288954053606,2,7,0,1.1276057720184327,0,17,0,1.382820963859558,0,20
13,4.06225406832307,0.2922392040491104,2,6,0,1.3421924795423235,0,13,0,1.3299097418785095,0,17,0,1.3770065704981487,0,20
14,1.9886252535701212,0.4395606517791748,2,3,1.008727845820905,0.48406242579221725,2,7,30.46321587953236,0.548922848922235,2,34,0.15112696368985928,0.6177404224872589,2,38,0.09089692293356227,0.569991946220398,2,41,25.541021463620403,0.4358445874282292,2,48,31.04701124903046,1.137693166732788,2,66
15,24.680854592821817,1.4543983936309814,2,7,0,1.0689106384913127,0,10,0,1.1715159245899744,0,17,0,1.3356904983520508,0,20
16,1.1575143718564342,1.0135160982608795,2,4,0,1.0318469267625074,0,17,0,1.0910824139912922,0,20
17,11.542032729271439,0.4744702037423849,2,16,0,1.0127692222595215,0,20
18,18.093659758300706,0.8998707749626853,2,11,0,0.7957154115041097,0,14,0,0.6375242471694946,0,20
19,17.505508684104417,1.1886742605882532,2,17,1.7033054883562628,1.034709374109904,2,20
20,30.706348610269384,1.213354889084311,2,17,7.5825901984740876,1.213695486386617,2,20
21,2.609530596647426,0.6149172385533651,2,3,23.78137631013663,0.36907771478096646,2,15,0,1.1242294549942016,0,20
22,45.00698620643194,0.3996896505355835,2,15,66.44086222809938,0.32988537274874175,2,28
23,0.49998645364929173,0.5774201154708862,2,3,36.97682437885021,0.36635131016373634,2,11,20.696837103718533,0.3916514217853546,2,14,47.19205881075857,0.3660299703478813,2,30
24,23.34728318523687,0.6244540333747863,2,10,0,0.9548796017964681,0,13,0,0.771282896399498,0,17,0,0.9653610984484354,0,20
25,17.124463648225117,1.1891753822565079,2,8,0,1.1612873872121174,0,11,0,1.203935702641805,0,17,0,1.372137467066447,0,20
26,2.2038926753772117,0.8134124279022217,2,3,51.1255931343404,0.6369113220888025,2,20
27,22.545882078133783,0.5770886182785034,2,5,0,1.2426050106684368,0,8,0,1.3423489067289565,0,17,0,1.4041957060496013,0,20
28,0,0.7371816237767538,0,3,0,0.8018234031541007,0,10,0,0.8446446359157562,0,20
29,50.251878725132805,0.14037432995709506,2,11,35.43918586159081,0.23506238063176474,2,14,0.10213521191109953,0.7696580290794373,2,22,5.5120386666461965,0.27289484937985736,2,28,0.10455156897612657,0.27564579248428345,2,37,44.46344629867962,0.1858874261379242,2,43,0.03730488802248938,0.7202796538670858,2,46,45.88712318381834,0.1878749430179596,2,49,0.04912651983146043,0.24667814488594347,2,62,73.14404022905103,0.49756740033626556,2,74
30,0,0.8988777995109558,0,3,0,1.0710129022598267,0,8,0,1.0225875476996105,0,20
31,1.2026130357058724,0.5676418602466583,2,5,8.702802913395791,0.730851873755455,2,9,1.4286208097969708,0.7352237701416016,2,12,0,0.8021436259150505,0,20
32,21.64736855845112,0.5334765414396921,2,3,0,1.1742512385050456,0,6,0,1.1998570615595037,0,17,0,1.125791112581889,0,20
33,56.656173736031775,0.6396554956833521,2,24
34,0.17527576952574697,0.6334452331066132,2,3,0,1.1437799400753446,0,12,0,1.1624465942382813,0,17,0,1.0327966610590618,0,20
35,10.213021228328163,0.4388009820665632,2,7,0,1.14084130525589,0,17,0,1.2455323139826457,0,20
36,14.173406038306815,0.9697835104806083,2,14,0,0.9809140264987946,0,20
37,28.079351787590294,0.3844118118286133,2,7,0,0.9539273579915365,0,10,0,1.0120170286723547,0,17,0,1.12972891330719,0,20
38,13.055531571029388,0.3890314002831777,2,6,0,1.0325177907943726,0,12,0,0.9605347156524658,0,17,0,1.017953912417094,0,20
39,21.670006111223305,0.31736037466261124,2,9,0,0.9466622670491537,0,12,0,0.8985211451848348,0,15,0,1.0260406255722045,0,20
40,65.222697230151,0.4126734571023421,2,11,0,0.6270608703295389,0,14,0,0.43807323773701984,0,17,0,0.5596644182999929,0,20
41,25.326294542113793,1.1582433938980103,2,5,0,1.3916713794072468,0,8,0,1.4125272035598755,0,13,0,1.3620060980319977,0,17,0,1.2996617555618286,0,20
42,0,0.5909086267153422,0,3,0,0.640103450843266,0,10,0,0.6301265478134155,0,20
43,45.815682817935866,0.634459525346756,2,10,82.44766218612538,0.41895535588264465,2,15,229.3320608001334,0.14532867936711563,2,34,140.2327487350025,0.2037563920021057,2,43,38.08078749665754,0.8690587977568308,2,55
44,6.309320836080112,0.5386747419834137,2,3,37.12381952751937,0.46923730969429017,2,8,49.58773371031974,0.5393806857367357,2,32
45,17.46808220698781,0.735771894454956,2,4,0,1.2595775402509248,0,17,0,1.332693099975586,0,20
46,0,0.8190706570943197,0,3,0,1.0616008440653484,0,9,0,1.04085211455822,0,17,0,1.129923701286316,0,20
47,0,0.6578831275304159,0,3,0,0.6664864335741315,0,10,0,0.6698921680450439,0,20
48,11.709713506579948,1.3623449887548174,2,14,0,1.0039274295171101,0,20
49,32.05111868309316,1.3593657612800598,2,4,0,1.1574083715677261,0,12,0,1.2702335119247437,0,16,0,1.3061382472515106,0,20
50,122.03372504986376,0.38460419859204975,2,7,0,1.3166376260610728,0,20
51,38.11509763597573,0.11187041364610195,2,8,3.6254401711000313,0.16602147618929544,2,11,31.78658850771743,0.11425508558750153,2,22,0.07007927143873197,0.5017004609107971,2,26,3.4115341719341097,0.4800044099489848,2,29
52,33.63667657075551,0.5557438135147095,2,17,0.35917910169812034,1.2282097339630127,2,22,1.614906737014546,1.208977460861206,2,25
53,0,0.7033488353093466,0,3,0,0.8697137435277303,0,9,0,0.8379295793446627,0,20
54,20.015944668806245,0.8301532017557245,2,19,32.240156559700495,0.8284754355748495,2,22
55,17.593500926822895,0.5137121478716532,2,3,0,1.32869467470381,0,12,0,1.4310334622859955,0,16,0,1.3255435526371002,0,20
56,0,0.6094369490941366,0,3,0,0.6313371998923165,0,10,0,0.6382770776748657,0,20
57,29.634224872940855,0.7957109212875366,2,3,0,1.3300121625264485,0,6,0,1.4121484557787578,0,12,0,1.3802947282791138,0,17,0,1.384610931078593,0,20
58,14.449180764507146,0.9044494211673737,2,20
59,22.740582607114465,0.7416473556967342,2,17,0,1.0495140552520752,0,20
60,0,0.789281964302063,0,3,0,0.9421574115753174,0,8,0,0.9384409288565317,0,20
61,26.770376241297654,1.337125539779663,2,4,0,1.508470853169759,0,7,0,1.306839108467102,0,12,0,1.2364614605903625,0,16,0,1.1816686689853668,0,20
62,0,0.723639726638794,0,3,0,0.8697759866714477,0,8,0,0.8059024413426717,0,11,0,0.9037036498387655,0,20
63,9.902671315328853,1.0161453485488892,2,4,0,0.8615271861736591,0,17,0,0.9442826509475708,0,20
64,10.105871630314738,0.1687030866742134,2,4,0,1.2134943833717933,0,17,0,1.2698562542597454,0,20
65,0,0.7491361300150553,0,3,0,0.900376272201538,0,8,0,0.8840550184249878,0,20
66,36.28476701782865,0.4130275925000509,2,15,0,1.054532766342163,0,20
67,0.16179555015190847,1.106431285540263,2,3,0,1.4441506692341395,0,17,0,1.4211101531982422,0,20
68,0.2276985388799241,0.6678463021914164,2,3,0,1.0102343559265137,0,7,0,0.9673818624936618,0,20
69,23.56914827850727,0.6223923999529618,2,26
70,16.763385188177924,0.36664460433853996,2,9,0,0.9365025609731674,0,17,0,1.0992538134257,0,20
71,0,0.8797575434048971,0,3,0,1.1417514085769653,0,8,0,1.0489294528961182,0,11,0,1.08966060479482,0,17,0,1.1911114851633708,0,20
72,6.227557799537037,0.27876175567507744,2,4,0,1.1713466495275497,0,12,0,1.1528767347335815,0,17,0,1.155927022298177,0,20
73,38.50372472019167,0.9378271500269572,2,6,0,1.2409467805515637,0,17,0,1.3886939684549968,0,20
74,27.401952725572183,1.208690732717514,2,4,0,1.4192242072178767,0,17,0,1.4521667162577312,0,20
75,53.095373758822056,0.6560685890061515,2,7,0,1.2650484305161696,0,20
76,33.406392493228545,1.6128853857517242,2,4,0,0.7189925193786622,0,9,0,1.0720500349998474,0,17,0,1.331245223681132,0,20
77,15.875026140325511,1.1016337474187214,2,6,0,1.457399379123341,0,17,0,1.6763553222020466,0,20
78,28.852465585824095,0.6998687320285373,2,9,0,0.9206956227620443,0,12,0,0.8390690088272095,0,16,0,0.9361586570739746,0,20
79,0,0.8204094171524048,0,3,0,1.061446766058604,0,9,0,0.9668825431303545,0,20
80,45.80682534960464,0.32657189294695854,2,16,0,1.238493651151657,0,20
81,13.9484603747894,0.993560865521431,2,8,0,0.9964469373226166,0,12,0,0.9648010015487671,0,17,0,1.0776262680689495,0,20
82,36.19745973675772,0.810964258093583,2,19,52.08248442674561,0.9185897509256998,2,22
83,8.548824121302474,0.9661807219187418,2,3,0,1.3046259085337322,0,12,0,1.271791410446167,0,17,0,1.1963423093159993,0,20
84,0,0.6652570764223734,0,3,0,0.6589112977186838,0,9,0,0.6441659060391512,0,20
85,0,1.0722436507542927,0,3,0,1.3221150398254395,0,8,0,1.1356768906116486,0,20
86,29.025970464338673,0.6394979730248451,2,8,0,1.111476182937622,0,12,0,1.1356555223464966,0,16,0,1.2353838384151459,0,20
87,0,0.8621747493743896,0,3,0,1.1147814750671388,0,8,0,1.0854500532150269,0,11,0,1.1247610648473103,0,17,0,1.1985402504603069,0,20
88,18.010107726345563,0.36907800535360974,2,6,0,1.1663738489151,0,9,0,1.214942067861557,0,17,0,1.3265530665715535,0,20
89,14.905132405524247,0.9256317853927613,2,5,0,1.0579264163970947,0,8,0,1.1416648891237047,0,17,0,1.204519271850586,0,20
90,0,0.7136012514432272,0,3,0,0.8662416338920593,0,9,0,0.8213541561906988,0,20
91,30.499875411331143,0.2965574935078621,2,8,0,1.0759679079055786,0,12,0,0.8850687742233276,0,17,0,1.056823452313741,0,20
92,73.35133710126689,0.25873495813678293,2,17,0.5703366122844614,0.6014651159445444,2,20,87.01169041868138,0.26575906409157646,2,29,2.063325095074561,0.6519063512484232,2,32,13.982709292313627,0.7033791343371073,2,44
93,18.873287437858025,0.9596664508183798,2,3,0,1.2864865859349568,0,6,0,1.4200608531634014,0,12,0,1.4362130880355835,0,17,0,1.3861730098724365,0,20
94,10.940652594702218,1.0589636166890461,2,3,0,1.6495615641276042,0,12,0,1.6214268445968627,0,17,0,1.520949363708496,0,20
95,7.611809417150826,1.1312358379364014,2,5,0,1.3850055237611134,0,17,0,1.5245705048243205,0,20
96,0,0.8204094171524048,0,3,0,1.061446766058604,0,9,0,0.9668825431303545,0,20
97,0,0.8731185992558798,0,3,0,1.1723999500274658,0,8,0,1.034193327029546,0,20
98,20.068410664176522,1.317751693725586,2,5,0,1.453982005516688,0,17,0,1.5388518969217937,0,20
99,0,0.7947724858919779,0,3,0,0.9421308892113822,0,10,0,0.9089964389801025,0,20
100,13.602867458265976,1.047226572036743,2,5,0,1.1612098614374797,0,8,0,1.2979980177349515,0,17,0,1.4175673723220825,0,20
101,0.2248279965247969,0.7283774018287659,2,3,0,1.3215369687360876,0,20
102,14.238412657743273,1.0215982397397358,2,6,0,1.2961634939367122,0,17,0,1.5140953461329143,0,20
103,25.922175068039838,0.8512762459841642,2,11,0,0.8891597787539164,0,20
104,17.34503791215496,1.2423775593439739,2,9,229.86571290259033,0.012209451979114896,1,51,3.483835683950263,0.23632556200027466,2,54,234.59119081975726,0.009038070682436228,1,86,189.46453501702598,0.0043282008596829,1,100,42.893529196195225,0.14181743934750557,2,104,0.5605944610987498,0.8444376587867737,2,110,118.38177963105915,0.2691780808899138,2,119
105,14.210007065480507,0.8563923835754395,2,14,8.225858968711051,1.0201508204142253,2,17,0,1.26571257909139,0,20
106,0.3992008351812014,0.9844805399576823,2,3,0,1.7042563491397433,0,12,0,1.733209991455078,0,17,0,1.6664856274922688,0,20
107,53.5494331618661,0.3142841573684446,2,31,0.06440670956084615,0.6231392025947571,2,34,53.76150530068094,0.261835515499115,2,39,83.63382454523052,0.2534293085336685,2,42,191.1646421567,0.1555371019575331,2,51,86.1903984023743,0.20712160675422006,2,74,47.3471411863388,0.5627545326948166,2,94
108,27.927253845631547,0.6580264965693156,2,3,0,0.9968936443328857,0,6,0,1.0445325374603271,0,17,0,1.0193769137064617,0,20
109,0,0.8606088956197103,0,3,0,1.1298413515090941,0,8,0,1.0411413775549994,0,17,0,1.1498210032780964,0,20
110,11.99100176327338,0.9444727897644043,2,5,0,1.234994371732076,0,17,0,1.3024484713872273,0,20
111,0,0.7904905478159586,0,3,0,0.8817686012813023,0,10,0,0.8755575299263001,0,20
112,0,0.7997380892435709,0,3,0,1.0272678136825562,0,9,0,0.9490532333200629,0,20
113,0,0.7985804478327433,0,3,0,0.947609543800354,0,10,0,0.9032563924789428,0,20
114,27.54016447445827,1.324874460697174,2,4,0,1.2792910704245934,0,17,0,1.508253534634908,0,20
115,0,0.7463200092315674,0,3,0,0.8200168694768634,0,10,0,0.8462857007980347,0,20
116,0.33537638876072645,0.746253083149592,2,3,0,1.5247674171741192,0,16,0,1.4751772284507751,0,20
117,30.173926579499607,0.7427981495857239,2,5,0,1.2917159455163139,0,12,0,1.3583769083023072,0,17,0,1.4211232662200928,0,20
118,0.3533416927304822,0.9703713655471802,2,3,0,1.4244990348815918,0,11,0,1.423484484354655,0,17,0,1.3923242886861165,0,20
119,39.57634100809502,0.14197231026796195,2,13,24.303018150745043,0.27724245687325794,2,16,0,1.1765650510787964,0,20
120,0,0.9561648368835449,0,3,0,1.2611034512519836,0,9,0,1.2099123895168304,0,17,0,1.321376363436381,0,20
121,0,0.7524113853772482,0,3,0,0.8235179015568325,0,10,0,0.8622134685516357,0,20
122,0,0.8266803820927938,0,3,0,0.9863361914952596,0,9,0,0.9916014129465277,0,20
123,17.609748057668188,0.9832799169752333,2,9,0,1.1074102719624836,0,12,0,1.091812515258789,0,17,0,1.3093382914861043,0,20
124,24.833359832349608,0.43299124836921693,2,5,0,1.4912195404370625,0,17,0,1.6480801900227864,0,20
125,0,0.7230895360310873,0,3,0,0.7762995660305023,0,9,0,0.7838846878571943,0,20
126,81.41021901853341,0.6069442927837372,2,22
127,0,0.8674579958120981,0,3,0,1.1617452104886372,0,9,0,1.0177886811169712,0,20
128,0,1.041329602400462,0,3,0,1.2442761262257893,0,9,0,1.0998560637235641,0,17,0,1.095126748085022,0,20
129,29.220399039178204,1.0491816997528076,2,4,0,1.2237146084125226,0,17,0,1.372379740079244,0,20
130,85.3647468154,0.24813760444521904,2,4,0,1.325846763757559,0,17,0,1.5599721272786458,0,20
131,0.1763865736488557,1.0183933575948079,2,3,0,1.602941287888421,0,12,0,1.6220828771591187,0,17,0,1.549359877904256,0,20
132,64.90236615285428,0.41784989021041175,2,11,0,0.7356844941775004,0,14,0,0.6481585502624512,0,17,0,0.8121841748555502,0,20
133,15.238851506268388,1.5535038948059081,2,5,0,1.2192250490188599,0,17,0,1.4322947263717651,0,20
134,24.274901235040605,1.2471635114578974,2,21
135,31.42752902067211,0.7778213918209076,2,8,0,1.242049839761522,0,17,0,1.485648512840271,0,20
136,7.788695656058495,0.9621383428573609,2,5,0,1.176222523053487,0,17,0,1.3306451241175334,0,20
137,26.329548728470577,0.7932944297790527,2,3,0,1.4702305793762207,0,6,0,1.5465560934760354,0,17,0,1.5377782583236694,0,20
138,6.2434615125772845,1.2444459676742554,2,5,0,1.1968025309698922,0,12,0,1.2219457864761352,0,17,0,1.3882553180058796,0,20
139,32.49092440247173,1.336387813091278,2,8,0,0.9187039666705661,0,17,0,1.1031382083892822,0,20
140,48.71249975563974,0.32576791048049925,2,10,0,1.0443844114031111,0,17,0,1.2641799052556355,0,20
141,0,0.7640885710716248,0,3,0,0.938361382484436,0,8,0,0.8510109484195709,0,20
142,12.952217189003704,1.1192778532321637,2,13,0,0.9064606428146362,0,20
143,19.056261383019528,1.2458815111054315,2,18,0.18395787474475883,0.5994200855493546,2,22,18.046362752863374,0.9833143624392423,2,33,0.13414307946386822,0.6465537493879144,2,44,26.054764206344725,0.3351599797606468,2,48,1.514059487959456,0.580507755279541,2,51,34.506172740199,0.35629716515541077,2,54,0.04476493298685498,0.8568857312202454,2,59,1.8900591672481177,0.19711649417877197,2,63,113.51316697266391,0.021925727526346844,2,66,9.49611223235745,0.15859956666827202,2,70,0.1474039261351768,0.2772480547428131,2,74,114.62363052605133,0.04366913781716274,2,87,139.88249951422242,0.046958799163500466,2,105,0.7869497097355163,0.2963835795720418,2,108,134.1891910234994,0.04237899432579676,2,114,29.352809996658838,0.11244979500770569,2,118,12.73532189264006,0.11728950589895248,2,122,0.026782255385131896,1.2224475145339966,2,125,83.95519897787626,0.1397880159318447,2,145,41.399680644842924,1.2514831768838983,2,164
144,15.896771288112054,0.8334799210230509,2,6,0,1.1178799759257922,0,17,0,1.2203733921051025,0,20
145,28.740344820841084,0.40971336762110394,2,9,0,1.0559698740641277,0,12,0,1.0349943339824677,0,16,0,1.1719089448451996,0,20
146,55.599606071425136,1.2958607565272937,2,11,415.02938587340617,0.070004653185606,2,23
147,30.489216013000828,0.31342507402102154,2,12,0,0.9173184871673584,0,17,0,1.0949085553487141,0,20
148,8.291964042602844,0.34706414937973024,2,5,0,1.1447282135486603,0,17,0,1.2259441216786702,0,20
149,0,0.9001736442248026,0,3,0,1.1213629722595215,0,8,0,1.1138215760389965,0,20
150,0,0.6548127134641012,0,3,0,0.7473360598087311,0,9,0,0.7704839435490695,0,20
151,15.643035696479798,0.44856680432955426,2,6,0,1.2007795030420476,0,17,0,1.36822509765625,0,20
152,0.35209826119194343,1.0017648140589397,2,3,0,1.6425927196230208,0,10,0,1.611329095704215,0,17,0,1.56065034866333,0,20
153,0,0.9483457406361898,0,3,0,1.1469824995313371,0,10,0,1.0069356305258614,0,17,0,0.9813762505849203,0,20
154,0,0.8786622683207194,0,3,0,1.1692896485328674,0,9,0,1.1078763008117676,0,20
155,0,0.7583743731180826,0,3,0,0.8916702781404767,0,10,0,0.9006552696228027,0,20
156,0.24843153888838826,0.913753072420756,2,3,0,1.5943628549575806,0,12,0,1.5303533792495727,0,17,0,1.435211976369222,0,20
157,25.67044308421718,1.0601282119750977,2,4,0,1.02720819069789,0,17,0,1.085591157277425,0,20
158,35.299390125328976,0.8046790361404419,2,3,0,1.5928039699792862,0,11,0,1.5936068097750347,0,17,0,1.5988056659698486,0,20
159,37.20519705430175,0.34306687116622925,2,17,0,1.1078591744105022,0,20
160,10.657432153718064,0.21601227670907974,2,4,0,1.429659916804387,0,17,0,1.5327648719151814,0,20
161,0,0.8404467503229777,0,3,0,1.0904542207717896,0,8,0,1.0509565273920696,0,11,0,1.1052326361338298,0,17,0,1.1925746599833171,0,20
162,15.676650739260557,0.7822485864162445,2,4,0,1.0801718693513136,0,17,0,1.119545340538025,0,20
163,0,0.769645889600118,0,3,0,0.8540521349225726,0,10,0,0.8678640842437744,0,20
164,0,0.7799534400304159,0,3,0,0.9453694621721903,0,9,0,0.9551580927588723,0,20
165,17.13838626889584,1.3230788111686707,2,4,0,1.066885049526508,0,17,0,1.205985188484192,0,20
166,25.905338144242908,0.49004065990448,2,8,0,0.9115578863355849,0,17,0,1.1041611433029175,0,20
167,16.000195352242763,0.8146366278330485,2,6,0,1.2118480747396296,0,17,0,1.325702468554179,0,20
168,0,0.6782119671503702,0,3,0,0.731365829706192,0,9,0,0.7108455408703197,0,20
169,30.401257276980317,1.0690207481384277,2,16,0,1.1074842810630798,0,20
170,33.47342233931576,1.112597155570984,2,5,0,1.024634212255478,0,17,0,1.2368542750676472,0,20
171,0.31906749822502245,0.9683767954508463,2,3,0,1.6454441994428635,0,11,0,1.5946094393730164,0,17,0,1.5214628378550212,0,20
172,0.3353044444862932,0.3528731644153595,2,5,3.130645552539093,0.17333780725797018,2,8,0,0.6889663139979044,0,11,3.035884197407716,0.33635764320691425,2,14,0,0.6653079688549042,0,18,20.298636412206033,0.3706827908754349,2,22,0.24460031398511073,0.5974451899528503,2,25,5.127526683504954,0.31066138048966724,2,28
173,0,0.6765620907147726,0,3,0,0.7238256335258484,0,9,0,0.7004964730956338,0,20
174,12.562363067957408,0.6466025624956403,2,7,0,1.047961990038554,0,10,0,0.9943612813949585,0,17,0,1.0753763914108276,0,20
175,21.066328305764532,0.637690265973409,2,3,0,1.507183353106181,0,6,0,1.6304924379695545,0,17,0,1.5369098981221516,0,20
176,55.49646975761506,1.6689313782585993,2,9,59.33109523533407,0.4156345372850245,2,20,87.7120568643869,1.4387603402137756,2,28
177,8.061090487035719,0.7503558099269867,2,4,0,1.1485815781813402,0,17,0,1.2386107842127483,0,20
178,62.34452202161763,0.3908579461276531,2,8,0,1.0160080989201863,0,17,0,1.1716700792312622,0,20
179,42.32671565037184,0.28182000666856766,2,4,57.84068348534136,0.3672182924217648,2,13,0,0.9270530768803188,0,20
180,3.7516636539867503,0.9474178552627563,2,3,22.342542402299966,0.9914576080110338,2,12,0,0.621108565479517,0,20
181,9.07962171608483,0.8241546154022217,2,3,0,1.4751568370395236,0,12,0,1.4754481315612793,0,17,0,1.3684839804967244,0,20
182,0,0.8054203987121582,0,3,0,0.971345329284668,0,8,0,0.9893859624862671,0,20
183,61.771913087854976,0.5946710365159171,2,14,0,0.7477998634179434,0,20
184,28.987286904929913,0.5452804234292772,2,9,0,1.023319403330485,0,12,0,0.9856491327285767,0,17,0,1.2287579377492268,0,20
185,0,0.724587619304657,0,3,0,0.9136520425478617,0,9,0,0.8668107444589789,0,20
186,20.854298637559634,1.096602479616801,2,3,0,1.3330333630243938,0,6,0,1.4156670769055684,0,12,0,1.3875262498855592,0,17,0,1.3562498887379963,0,20
187,21.558382210716687,0.5987281799316406,2,4,0,1.2142767722790058,0,17,0,1.2264618476231892,0,20
188,0,0.7645969390869141,0,3,0,0.9151090383529663,0,8,0,0.907153993844986,0,20
189,15.004260842716382,0.8871809184551239,2,20
190,45.86819180245584,0.8940002123514811,2,3,0,1.4622075690163507,0,12,0,1.5183102369308472,0,17,0,1.5626001755396526,0,20
191,38.547407811853,0.5208564306560316,2,19,26.790930764314226,0.8525443315505982,2,29,49.095286715689326,0.6534557739893595,2,32,95.23008894220109,0.42286669749480027,2,45,125.34138898788933,0.44377340873082477,2,51,181.60221287995213,0.5110564638267864,2,62,110.58712038558774,0.5641647179921468,2,65
192,4.055881286671745,0.9032963116963705,2,3,0,1.3328295946121216,0,12,0,1.3713719367980957,0,17,0,1.2849725882212322,0,20
193,14.773908459568368,0.8769458830356598,2,4,0,1.4758301239747267,0,17,0,1.6120393673578899,0,20
194,64.1890565424012,0.09921546004436634,2,27
195,0,1.0238024195035298,0,3,0,1.2353988885879517,0,8,0,1.1019488308164809,0,17,0,1.1519225041071575,0,20
196,24.055683746329183,0.9040934098394293,2,19,16.017547685812932,0.7612533143588475,2,26,11.482663962091497,0.7835567831993103,2,36
197,16.25647760165247,0.5451485216617584,2,6,0,1.2624793350696564,0,10,0,1.2895968641553606,0,17,0,1.3384783267974854,0,20
198,17.220849472535487,0.8958271245161692,2,54
199,27.496444274228566,1.3377185265223186,2,3,0,1.200623591740926,0,6,0,1.3398744084618308,0,17,0,1.3886663913726807,0,20
200,0,0.7268543442090353,0,3,0,0.7644236598696027,0,10,0,0.7890738189220429,0,20
201,0.22761045053652162,0.9224003354708353,2,3,0,1.479367693265279,0,12,0,1.4206754207611083,0,17,0,1.2880637645721436,0,20
202,44.080819293606545,1.0819334983825684,2,6,0,0.7989222606023153,0,9,0,0.8886758610606194,0,17,0,1.055049459139506,0,20
203,22.744988796553695,0.5806083599726359,2,15,0,1.0290740966796874,0,20
204,0,0.9456995725631714,0,3,0,1.1686103741327922,0,9,0,1.0478263646364212,0,17,0,1.0281649033228557,0,20
205,0,0.9108686447143555,0,3,0,1.2012263536453247,0,8,0,1.172517975171407,0,11,0,1.1962955991427104,0,17,0,1.2600045601526897,0,20
206,0,0.8193309108416239,0,3,0,1.052967329819997,0,9,0,0.948292157866738,0,20
207,0,0.875469962755839,0,3,0,1.1190839529037475,0,8,0,1.106451819340388,0,20
208,0.08183427834748629,0.7255024909973145,2,3,0,1.0548704692295618,0,10,0,1.1868882417678832,0,20
209,24.71696947740198,0.9580099582672119,2,7,0,1.1462612628936768,0,17,0,1.3850964705149333,0,20
210,24.732468953623073,0.4731121063232422,2,3,39.550359162199705,0.48423056801160175,2,12,0,0.7395162224769593,0,17,0,0.9023971160252889,0,20
211,24.284031226885705,0.9165565297007561,2,16,34.36428731455504,0.8889303008715311,2,22
212,31.611221751901255,1.0864528247288294,2,7,20.36020285410597,1.0359937349955242,2,10,0,1.2029300451278686,0,15,0,1.4029224157333373,0,20
213,1.809014207321926,0.7359147469202677,2,6,0,1.3983124928040938,0,17,0,1.5527725219726562,0,20
214,18.543063543749327,0.38246304067698395,2,11,0,0.8703615268071493,0,14,0,0.6587466398874918,0,17,0,0.8331414659818014,0,20
215,18.892789731064372,0.15316631495952607,2,5,0,1.0763864300467751,0,16,0,1.22205650806427,0,20
216,0,0.7215537031491598,0,3,0,0.8788825035095215,0,8,0,0.8094894488652548,0,11,0,0.8662105666266547,0,20
217,0.10600071817221586,1.0406349897384644,2,3,0,1.4841291904449463,0,17,0,1.4607874949773152,0,20
218,0,0.843434751033783,0,3,0,1.0878431399663289,0,9,0,1.0919251983815974,0,20
219,0,0.8121102253595988,0,3,0,1.021542986234029,0,9,0,0.9506912082433701,0,17,0,1.0642205874125164,0,20
220,26.629487819072367,0.5055311143398284,2,10,0,0.990178644657135,0,20
221,15.098543375342429,1.3358784119288127,2,3,0,1.3680713574091594,0,6,0,1.3591025869051616,0,12,0,1.340233564376831,0,17,0,1.3780622879664104,0,20
222,18.4554511327564,1.241649329662323,2,4,3.0228798624864295,1.0151524543762207,2,7,19.382746938567745,1.1422797441482544,2,13,0,0.8555770942143032,0,20
223,0,0.7623581687609354,0,3,0,0.9588094552357992,0,9,0,0.9042591506784613,0,20
224,0.358052027606778,0.8518040378888448,2,3,0,1.5219202306535509,0,12,0,1.4842353343963623,0,17,0,1.4081772565841675,0,20
225,33.84206274653,1.1220972537994385,2,13,0,1.176419734954834,0,17,0,1.436140815416972,0,20
226,0,0.9223370750745138,0,3,0,1.1028364658355714,0,8,0,1.0188389321168263,0,20
227,21.48598524105045,1.269245641572135,2,21
228,9.70370494002162,0.20053265988826752,2,5,0,0.955768495798111,0,17,0,0.93669327100118,0,20
229,0,0.9654441674550375,0,3,0,1.2677691578865051,0,9,0,1.2209271788597107,0,17,0,1.3323564132054646,0,20
230,14.89982256771078,0.9991769128375583,2,9,0,0.9271175861358643,0,12,0,0.8480372428894043,0,17,0,1.0626372496287029,0,20
231,19.78850196229672,0.8213079637951322,2,9,0,0.9195132652918497,0,12,0,0.7876686453819275,0,17,0,0.8740149537722269,0,20
232,28.718177137432118,0.5200450466229365,2,13,0,0.9648077743394035,0,20
233,8.266035364224619,0.8432431519031525,2,4,0,1.1964453367086558,0,17,0,1.3025284210840862,0,20
234,33.83986030324846,0.5016206105550131,2,9,0,0.9205395380655924,0,12,0,0.8535013437271118,0,17,0,1.0171676874160767,0,20
235,0.2700501398409452,0.8471248348553976,2,3,0,1.4442171305418015,0,11,0,1.4104978839556377,0,17,0,1.2842684189478557,0,20
236,12.085073158028734,0.7601837515830994,2,4,0,1.0778441704236543,0,17,0,1.236323634783427,0,20
237,16.98693030887746,0.9051269054412842,2,15,0,1.0495471477508544,0,20
238,10.810749290873883,0.9410833418369293,2,4,0,1.222818402143625,0,17,0,1.3560200532277424,0,20
239,18.173753122935036,0.3497879318892956,2,8,0,1.0800248781840007,0,11,0,1.0037710666656494,0,17,0,1.1517988443374634,0,20
240,10.988847490856246,0.8485990762710571,2,4,0,1.0824439227581024,0,12,0,1.1208627223968506,0,17,0,1.2362079222997029,0,20
241,39.03577542662111,0.7883036136627197,2,3,0,1.2776978413263957,0,12,0,1.3328726768493653,0,17,0,1.362484335899353,0,20
242,28.458015981723758,1.1390296717484791,2,12,0,0.9808345586061478,0,20
243,26.234455718058086,0.6173225263754527,2,30
244,21.753547073249305,0.9425193992528048,2,22
245,14.44466838843334,0.5906509757041931,2,8,0,1.1500702699025471,0,11,0,1.0886876384417217,0,17,0,1.2393828233083088,0,20
246,5.230938483175394,0.9206885993480682,2,8,0,1.1870704293251038,0,12,0,1.1366347551345826,0,17,0,1.3372753461201985,0,20
247,32.26075981304201,0.6353872641921043,2,8,0,0.8059060441123115,0,17,0,0.9990850289662679,0,20
248,19.74094812376961,1.0696944849831718,2,7,0,1.0544926325480144,0,10,0,1.1044362783432007,0,17,0,1.2092825969060261,0,20
249,21.84780853131244,0.8461481233437856,2,12,0,0.6836492978036404,0,20
250,24.927404262013088,1.3093213438987732,2,6,0,1.4622109134991963,0,12,0,1.7931144088506699,0,20
251,16.342389962715185,0.5544396088673518,2,13,0,0.9322922229766846,0,20
252,16.850902378534432,0.6785865053534508,2,8,0,1.0084755023320515,0,17,0,1.140182097752889,0,20
253,0.2969403417838682,0.8841659625371298,2,3,0,1.4907025545835495,0,11,0,1.4663312435150146,0,17,0,1.2967621485392253,0,20
254,68.7978079972292,0.05260219831358303,2,22
255,30.946766403232964,0.7642033590989954,2,17,0,1.1172963778177898,0,20
256,21.08594584642146,0.7417451937993368,2,3,0,1.5121343930562336,0,12,0,1.444769287109375,0,17,0,1.3852196137110393,0,20
257,20.62560524490515,0.7079125813075474,2,7,0,0.9499388138453165,0,10,0,0.9671960898808071,0,17,0,1.0549329121907551,0,20
258,19.85192914675349,0.9568717777729034,2,4,0,0.9832861056694617,0,17,0,1.1759873628616333,0,20
259,0.203848376670609,0.8273966113726298,2,3,0,1.3746449020173814,0,12,0,1.2733797550201416,0,17,0,1.2570935090382893,0,20
260,19.46995191522312,0.26477102591441226,2,13,0,0.7930493801832199,0,17,0,0.86469833056132,0,20
261,0,0.9041199485460917,0,3,0,1.2301318168640136,0,8,0,1.1081764499346416,0,20
262,45.96804519235232,1.1253404319286346,2,4,0,1.3428810376387377,0,17,0,1.5230837265650432,0,20
263,18.52651454027486,1.17306559615665,2,9,0,0.8857402404149374,0,12,0,0.7876011013984681,0,17,0,0.9067308108011881,0,20
264,0,0.7959006627400717,0,3,0,0.9001290457589286,0,10,0,0.8813680529594421,0,20
265,5.048825798083016,0.3903387784957886,2,3,0,1.120219177669949,0,12,0,1.006097149848938,0,17,0,1.0231680472691853,0,20
266,36.89853564670621,0.24208319435516992,2,6,75.80904291058565,0.12568991084893544,2,21,33.92897234355571,0.10623993476231892,2,24
267,40.180914852816954,1.2640354633331299,2,4,0,1.2906088737341075,0,17,0,1.6193067232767742,0,20
268,20.65051515963697,0.6285548550742013,2,14,0,0.9015104870001475,0,20
269,63.594168787750505,0.8011049926280975,2,8,0,1.3592061003049214,0,20
270,130.57102788799125,0.15205782549134617,2,29,213.90676216924587,0.21649148439367613,2,41
271,16.203776038258965,1.0266837239265443,2,10,0,1.074201504389445,0,13,0,0.9161138832569122,0,17,0,1.155303994814555,0,20
272,38.181110282423035,1.3870714051382882,2,7,400.51004015333217,0.11229088125021561,2,30,14.800262214780824,0.7400557200113932,2,33,8.977869499142049,0.874723127910069,2,40
273,0,0.8182635307312012,0,3,0,1.036359190940857,0,9,0,1.084998293356462,0,20
274,0,0.8550651868184408,0,3,0,1.05535786151886,0,8,0,0.9126095506880019,0,17,0,0.8905019760131836,0,20
275,20.758935114828773,0.3898647457361221,2,10,0,0.9651271104812622,0,14,0,0.8945271174112955,0,17,0,0.8870807488759359,0,20
276,35.36207770074995,0.16542965948581695,2,25
277,15.45171507617415,0.8406560512689444,2,13,0,0.8539761560303825,0,20
278,34.692794301132594,1.2273269361919827,2,9,0,1.0924643819982356,0,20
279,91.85403878585193,0.4157001943357529,2,31
280,35.76187946427701,0.8836634457111359,2,4,0,1.5324246883392334,0,17,0,1.5616023937861125,0,20
281,12.168910275675369,0.9645743072032928,2,4,0,1.2939196825027466,0,17,0,1.4039718707402546,0,20
282,11.662164858481948,1.3125162521998088,2,3,0,1.4799585607316759,0,12,0,1.499295139312744,0,17,0,1.4884979724884033,0,20
283,27.3502814518618,0.8508140742778778,2,4,0,1.3111000244434063,0,17,0,1.389604131380717,0,20
284,50.45052130224579,0.40555032471130636,2,29
285,44.65737430396181,0.46266651153564453,2,6,0,1.2412616989829324,0,17,0,1.4311370849609375,0,20
286,0,0.6497510472933451,0,3,0,0.7087989534650531,0,10,0,0.7244842946529388,0,20
287,0,0.962707539399465,0,3,0,1.209129023551941,0,8,0,1.1151166558265686,0,20
288,0,0.7984262307484945,0,3,0,0.9516183137893677,0,9,0,0.9251975268125534,0,17,0,1.0452565749486287,0,20
289,19.27861433832016,1.156931718190511,2,15,0,0.9268543004989624,0,20
290,36.31643968171504,0.5755509018898011,2,15,0,1.1134474515914916,0,20
291,0,0.7648495038350424,0,3,0,0.9360003074010214,0,9,0,0.8887779495932839,0,20
292,111.17958222260107,0.08042083494365215,2,8,176.20142218119892,0.07892872393131256,2,12,272.920080078599,0.08289526998996735,2,32,149.85628258340128,0.37834087510903675,2,38
293,41.56447337701,0.4240302871912718,2,16,23.72243327806767,0.4470774605870247,2,20,41.05778743089344,0.4671866074204445,2,24,56.72164977369128,0.5112312819276538,2,45
294,3.9815667030863806,0.8061091303825378,2,4,0,1.0902118980884552,0,12,0,1.05806565284729,0,17,0,1.1435236533482869,0,20
295,23.189983561770326,0.21721244156360625,2,5,0,1.2717516422271729,0,10,0,1.2742415496281214,0,17,0,1.2968847751617432,0,20
296,19.367069617483416,0.8017103714602334,2,14,0,0.9709616104761759,0,20
297,9.061297356247755,0.5065186440944671,2,5,0,1.2951012253761292,0,17,0,1.3567554155985515,0,20
298,0.08544252675423365,0.8442295789718628,2,3,0,1.2718330792018346,0,10,0,1.312735903263092,0,20
299,11.845535066856408,0.7415825128555298,2,5,0,0.99558424949646,0,13,0,1.0445132851600647,0,17,0,1.151827613512675,0,20
300,22.71999625436308,0.32754857199532644,2,7,0,1.1285204887390137,0,10,0,1.031032579285758,0,17,0,1.0808903376261394,0,20
301,24.133355591160672,0.5715571443239847,2,3,0,1.1289020776748657,0,12,0,1.265286350250244,0,17,0,1.1817504167556763,0,20
302,0,0.7905738353729248,0,3,0,1.0217520594596863,0,9,0,0.9519986022602428,0,20
303,6.649237526391619,1.198981801668803,2,3,0,1.5029195149739583,0,9,0,1.5970992147922516,0,17,0,1.5110365152359009,0,20
304,0.19099026169522587,1.1725897789001465,2,3,0,1.5582336982091267,0,12,0,1.6072479486465454,0,17,0,1.5617820819218953,0,20
305,17.98390968883973,1.1938389539718628,2,11,0,0.9673362705442641,0,20
306,0,0.8369971315066019,0,3,0,1.0895326137542725,0,9,0,0.9950624487616799,0,20
307,0.3278772078537566,0.8336078226566315,2,3,0,1.6290355523427327,0,12,0,1.4982837677001952,0,17,0,1.4984960953394573,0,20
308,32.07525544981179,0.3721165210008621,2,4,0,1.1058287437145526,0,17,0,1.2184747060139973,0,20
309,0,0.6382099787394205,0,3,0,0.6806536714235941,0,9,0,0.6752883737737482,0,20
310,32.03186191357314,0.5664973519742489,2,16,0,1.040805071592331,0,20
311,30.617795249351172,1.1455811262130737,2,18,19.80374369958133,0.8719525784254074,2,22,24.063838368475118,0.5997462670008341,2,25,42.060245500723475,0.47701507806777954,2,28,6.458561237870415,0.5360165337721506,2,31,143.0066915802733,0.30993497371673584,2,36,2.2277120030838176,0.4338493049144745,2,39,85.51661230790414,0.3382535251704129,2,50,60.91358029065277,0.3826084017753601,2,55
312,0,0.9119810263315836,0,3,0,0.9899847166878837,0,10,0,0.8851900952202933,0,17,0,0.9999314943949381,0,20
313,15.6097823066784,0.5631673634052277,2,6,0,1.2406044602394104,0,10,0,1.3118221930095129,0,17,0,1.4037057558695476,0,20
314,24.588235330722082,0.9021517700619168,2,9,0,1.0876928567886353,0,12,0,1.0358228921890258,0,17,0,1.2432944774627686,0,20
315,0,0.9578136603037516,0,3,0,1.1501140356063844,0,8,0,1.0659361879030864,0,20
316,0,0.921207586924235,0,3,0,1.2045574585596721,0,9,0,1.1266551166772842,0,17,0,1.247220516204834,0,20
317,34.74354775364205,1.0827424923578899,2,3,0,1.2872625986735027,0,6,0,1.4149035215377808,0,11,0,1.3764117161432903,0,17,0,1.2663253545761108,0,20
318,0,0.7150366504987081,0,3,0,0.8729968667030334,0,9,0,0.8143535364757885,0,20
319,0,0.8022055625915527,0,3,0,0.961647663797651,0,10,0,0.9797040224075317,0,20
320,16.930398472271786,0.8827523787816366,2,6,0,1.3096127076582476,0,17,0,1.4722222884496052,0,20
321,0.26297125872154803,0.7432146072387695,2,3,0,1.3169133803423714,0,20
322,17.707017108238965,0.5485698147253557,2,11,0,0.7475974559783936,0,14,0,0.5911523103713989,0,17,0,0.6590052247047424,0,20
323,62.50734336034928,1.7540642976760865,2,10,214.7864778170624,0.8796283565461636,2,34,66.95987351645749,1.5375128388404846,2,40,164.76362689230686,1.7687663316726685,2,45,282.2004544124063,1.8281866312026978,2,50,87.94987076822021,1.1881364583969116,2,54,195.01765557492286,1.6917219460010529,2,58,304.5738312975828,1.839214414358139,2,62,184.9975423256402,1.8150489330291748,2,66
324,0.2836989268802728,0.9573566913604736,2,3,0,1.4023677855730057,0,11,0,1.3369624416033428,0,17,0,1.227227767308553,0,20
325,0,0.8908050656318665,0,3,0,1.0623615384101868,0,9,0,1.0428165089000354,0,20
326,6.899753105440149,0.841820478439331,2,3,0,1.4154998461405437,0,12,0,1.4445642709732056,0,17,0,1.330021063486735,0,20
327,0,0.8307394981384277,0,3,0,1.1173035502433777,0,9,0,1.056805968284607,0,14,0,0.9737552404403687,0,17,0,1.0298787355422974,0,20
328,0,0.6597808996836344,0,3,0,0.6585803713117327,0,10,0,0.643634420633316,0,20
329,23.082075112487974,0.6583887413144112,2,16,0,1.275297224521637,0,20
330,13.435288383087649,0.6869162023067474,2,4,0,1.5764330992331872,0,17,0,1.6881999174753826,0,20
331,64.79726660344646,0.05395850132812153,2,11,0,0.7420132557551066,0,14,0,0.4919207493464152,0,17,0,0.6728042165438334,0,20
332,33.495519465319894,0.9569407039218478,2,9,0,1.0306012630462646,0,12,0,1.031435203552246,0,17,0,1.2247621218363445,0,20
333,8.194755909171564,1.0797816912333171,2,6,0,1.0887306133906047,0,9,0,1.0474109947681427,0,17,0,1.132434606552124,0,20
334,0.3608536686440992,1.1794977188110352,2,3,0,1.5942384203275044,0,9,0,1.5651818811893463,0,17,0,1.5406254132588704,0,20
335,17.042954333388316,0.8546765762216905,2,17,0,1.2018012205759685,0,20
336,23.245081135747654,1.1672681059156145,2,7,0,1.1019975423812867,0,17,0,1.2943799495697021,0,20
337,0,0.866510291894277,0,3,0,1.112711238861084,0,8,0,1.1314290066560109,0,20
338,38.42049406785086,0.9165495336055756,2,20
339,0.21495602292970462,0.9177769422531128,2,3,0,1.3632522374391556,0,11,0,1.265599509080251,0,17,0,1.1597471634546916,0,20
340,10.552603890119027,1.232395887374878,2,3,0,1.5486294031143188,0,12,0,1.5414854764938355,0,17,0,1.4874708255132039,0,20
341,0,0.7720414598782858,0,3,0,0.9890527129173279,0,9,0,0.9347013126720082,0,20
342,29.102226466523717,1.3186271985371907,2,6,0,0.9567740321159363,0,16,0,1.3015359342098236,0,20
343,0.2452721504488856,0.8352065881093343,2,3,0,1.4891879217965263,0,10,0,1.446880272456578,0,17,0,1.420922875404358,0,20
344,11.020616503211407,0.6385291814804077,2,3,0,1.4292044242223103,0,12,0,1.458107352256775,0,17,0,1.386644760767619,0,20
345,0.1574411533086155,1.0153023799260457,2,3,0,1.4518876605563693,0,12,0,1.4008431434631348,0,17,0,1.3539700508117676,0,20
346,25.170275328039722,0.8483715653419495,2,4,0,1.3478083243736854,0,17,0,1.3686817089716594,0,20
347,39.31780317223441,0.5305959853259,2,11,6.652555557023977,0.5919622381528219,2,14,39.58635079119686,0.5203775525093078,2,24,21.227554550564076,0.6089272300402323,2,27,42.911071589177716,0.5097464295950803,2,60
348,30.82022049890262,0.6602223725879893,2,17,1.3331971012240664,0.6453669468561808,2,20
349,0,1.0320217609405518,0,3,0,1.200932542483012,0,9,0,1.0062997557900168,0,20
350,0.2732966461512597,0.9180702169736227,2,3,0,1.4409751743078232,0,11,0,1.430159052213033,0,17,0,1.3326822519302368,0,20
351,0,0.7999337712923685,0,3,0,1.054006040096283,0,9,0,1.0178359096700496,0,20
352,17.47153287152771,0.10844021691725804,2,13,0,0.9432052714484078,0,20
353,21.794006630592673,0.9460439383983612,2,8,0,1.1115940411885579,0,17,0,1.220503290494283,0,20
354,0,0.7876550753911337,0,3,0,0.9379096031188965,0,10,0,0.9372991681098938,0,20
355,34.501541446818514,1.4014180103937786,2,3,0,1.3515247106552124,0,6,0,1.3700310858813198,0,17,0,1.2755348285039265,0,20
356,0,0.8870038588841757,0,3,0,1.1683017492294312,0,8,0,1.0846189657847087,0,11,0,1.1132617791493733,0,17,0,1.2143715222676594,0,20
357,0,0.755790094534556,0,3,0,0.832496668611254,0,10,0,0.8651061534881592,0,20
358,0,0.7458236813545227,0,3,0,0.8148911765643528,0,10,0,0.8544879913330078,0,20
359,0,0.8004728158315023,0,3,0,0.9353199175425938,0,10,0,0.9266276955604553,0,20
360,25.828716921787528,0.37200934045455036,2,17,0,1.275092363357544,0,20
361,32.13390617132578,0.9053173661231995,2,4,0,1.2561869621276855,0,17,0,1.452607790629069,0,20
362,16.897039575493416,1.1125134229660034,2,6,0,1.2669255841862073,0,17,0,1.4443494478861492,0,20
363,0,0.8107253710428873,0,3,0,0.9723898569742838,0,9,0,0.9944945031946356,0,20
364,0,0.6932775775591532,0,3,0,0.7548868826457432,0,10,0,0.7710608243942261,0,20
365,0,0.6103609402974447,0,3,0,0.6397785374096462,0,10,0,0.6430352210998536,0,20
366,0,0.8204148809115092,0,3,0,1.0030309302466256,0,10,0,1.0262979507446288,0,20
367,27.23106169337241,0.8752547899881998,2,6,0,1.071773926417033,0,9,0,0.9767807722091675,0,17,0,1.070446292559306,0,20
368,44.42987698006265,0.3188553143006105,2,26
369,46.02767903763184,0.6372017934918404,2,8,81.5646326320992,0.5780247019396888,2,17,0,1.0976930061976116,0,20
370,12.978827106280376,0.6657953461011251,2,9,0,1.0174777507781982,0,12,0,0.9533796548843384,0,17,0,1.0220228433609009,0,20
371,19.263768594607434,0.6956181973218918,2,4,0,1.4005593428244958,0,17,0,1.5350979169209797,0,20
372,23.207629931198642,1.353904440999031,2,8,119.17870370979854,0.02949926257133484,2,17,49.14827990378431,1.1117384135723114,2,21,0.7137289661252457,0.9207146167755127,2,24,17.54075078307967,1.2325806319713593,2,32
373,3.2017586586670217,0.2736588716506958,2,6,0,1.4118150642939977,0,13,0,1.432434231042862,0,17,0,1.5175564686457317,0,20
374,21.035795794035245,0.7550132870674133,2,4,0,1.2302434891462326,0,12,0,1.2127074718475341,0,17,0,1.2906911770502727,0,20
375,26.421304785169983,0.20542627076307932,2,9,0,0.8570110400517782,0,12,0,0.6676639318466187,0,17,0,0.7075128157933553,0,20
376,0,0.6799389918645223,0,3,0,0.6768133838971456,0,9,0,0.6663175062699751,0,20
377,20.43070639684418,0.9883117278416952,2,3,0,1.322112758954366,0,6,0,1.2538625955581666,0,11,0,1.2545612454414368,0,17,0,1.2092712720235188,0,20
378,26.216082236612564,0.8013834322200102,2,17,2.0715307855768446,0.7602620124816895,2,20
379,6.496701908031735,0.8578606843948364,2,3,0,1.352132585313585,0,12,0,1.344180628657341,0,20
380,18.32259817445361,0.6467698812484741,2,3,0,1.3802499771118164,0,11,0,1.4724554618199666,0,17,0,1.4051941235860188,0,20
381,30.09634642914473,0.5037741214036942,2,4,0,1.270528032229497,0,17,0,1.3601357539494832,0,20
382,24.80207189792948,0.7365592196583748,2,8,0,1.0064735147688124,0,17,0,1.1381071011225383,0,20
383,8.43976178914753,0.9177066882451376,2,3,0,1.4215479029549494,0,12,0,1.463960599899292,0,17,0,1.3613086144129436,0,20
384,74.12055043566902,0.09808119237422944,2,5,117.92194422893195,0.20707574399078593,2,22
385,18.630935584173944,0.9709631601969401,2,3,0,1.5320028066635132,0,12,0,1.498447847366333,0,17,0,1.529943823814392,0,20
386,6.749039519229388,0.8059418598810831,2,3,0,1.3929714759190877,0,12,0,1.4306617498397827,0,17,0,1.3092362483342488,0,20
387,0,0.6823867162068685,0,3,0,0.7872977767671857,0,10,0,0.8051591992378235,0,20
388,0,0.966103216012319,0,3,0,1.2712124387423198,0,9,0,1.2247289270162582,0,17,0,1.3363279501597087,0,20
389,0,0.7252355813980103,0,3,0,0.8173391563551766,0,10,0,0.8029670059680939,0,20
390,0,0.9516261021296183,0,3,0,1.2112508058547973,0,8,0,1.086737420823839,0,17,0,1.079874316851298,0,20
391,0,0.8179843028386434,0,3,0,1.024034818013509,0,9,0,1.0183318203145808,0,20
392,0,0.7765995661417643,0,3,0,0.9758417805035909,0,9,0,0.9466744810342789,0,17,0,1.041810393333435,0,20
393,27.640098449480302,0.7982261478900909,2,4,0,1.077166199684143,0,9,0,1.2341488897800446,0,17,0,1.3655576308568318,0,20
394,0.13372516831662562,0.7813548445701599,2,3,0,0.9408095412784152,0,12,0,0.8750782608985901,0,16,0,0.9100593626499176,0,20
395,33.431398463565934,1.0906628131866456,2,5,0,1.3745121359825134,0,17,0,1.686645746231079,0,20
396,0.22445097955503052,0.9798563321431478,2,3,0,1.481687307357788,0,12,0,1.4913957834243774,0,17,0,1.415402928988139,0,20
397,0,0.9064426422119141,0,3,0,1.1646796226501466,0,8,0,1.1079641183217366,0,11,0,1.133210261662801,0,17,0,1.2221766710281372,0,20
398,0,0.8750166296958923,0,3,0,1.0949807643890381,0,8,0,1.1471548577149708,0,20
399,41.22503013816705,1.5391956965128581,2,3,0,1.3739727603064642,0,12,0,1.3998263597488403,0,17,0,1.4018025398254395,0,20
400,0,0.768240729967753,0,3,0,0.9671325087547302,0,9,0,0.913420167836276,0,20
401,0,0.7799028555552164,0,3,0,0.970186996459961,0,8,0,0.8668886721134186,0,20
402,24.708867630473673,0.47029768526554105,2,10,0,0.8126510381698608,0,14,0,0.6520092884699503,0,17,0,0.7493637800216675,0,20
403,28.00324733838973,0.6800983301524458,2,29
404,5.937982101938205,0.4175081153710683,2,3,0,1.174839072757297,0,12,0,1.2470166236162186,0,20
405,0,0.7859677871068319,0,3,0,0.9018776927675519,0,10,0,0.9149014830589295,0,20
406,0,0.8031566341718038,0,3,0,0.9793699383735657,0,9,0,0.9884217002175071,0,20
407,18.34523354166082,0.19789458215236663,2,5,39.07431097114917,0.2616957724094391,2,8,61.19256744008697,0.31351792216300967,2,13,90.52862223349369,0.34896379387056503,2,50,72.6890286401829,0.34453927782865673,2,63,49.76352047902586,0.33600433809416635,2,70
408,31.389990477245433,0.8518604516983033,2,10,0,0.9886516034603119,0,14,0,0.923332413037618,0,17,0,1.3234930833180745,0,20
409,0,0.7724185784657797,0,3,0,0.8871399334498814,0,10,0,0.8879787802696228,0,20
410,16.94853852666264,0.5108492523431778,2,6,0,1.2403925657272339,0,10,0,1.2128260816846574,0,17,0,1.2850533326466878,0,20
411,15.640221760597251,1.0329521417617797,2,5,0,1.2542873521645863,0,17,0,1.4394229253133137,0,20
412,14.060394254764672,0.9876002967357635,2,4,0,1.1248153448104858,0,17,0,1.2455652157465618,0,20
413,0.296978598207446,0.9946303367614746,2,3,0,1.51462984085083,0,7,0,1.3901300521997304,0,20
414,0,0.9049063920974731,0,3,0,1.1872721672058106,0,8,0,1.11020917362637,0,17,0,1.2152921358744304,0,20
415,0,0.9386449257532755,0,3,0,1.1626771211624145,0,8,0,1.1400651931762695,0,20
416,0,0.8999331394831339,0,3,0,1.2096128940582276,0,8,0,1.0412820279598236,0,20
417,13.177464355242387,0.5888516455888748,2,12,0,0.892151951789856,0,20
418,0.30296666564168145,0.6664164463678995,2,3,0,1.2998826503753662,0,12,0,1.3632651567459106,0,17,0,1.2830302317937214,0,20
419,0.1692154938603455,1.0999550422032673,2,3,0,1.542842618056706,0,17,0,1.446834405263265,0,20
420,0,0.9007114966710409,0,3,0,1.1986859560012817,0,8,0,1.0690549612045288,0,11,0,1.099407951037089,0,17,0,1.2283134857813518,0,20
421,0,0.9022775491078695,0,3,0,1.117899441719055,0,8,0,1.1539616882801056,0,20
422,31.679922290797087,0.30471775787217276,2,7,57.102138999669066,0.2630098895593123,2,40
423,0,0.844684878985087,0,3,0,1.090466598669688,0,9,0,1.0330917537212372,0,17,0,1.1462784210840862,0,20
424,0.09106900534275399,1.1014699538548787,2,3,0,1.3515046702490912,0,12,0,1.315071964263916,0,17,0,1.2110311190287273,0,20
425,32.835442877995696,0.892114233970642,2,5,0,1.2327020267645519,0,17,0,1.4106123050053914,0,20
426,19.231803940592762,1.01559363711964,2,11,0,1.0185213486353557,0,14,0,0.8317052523295084,0,17,0,1.0535301367441814,0,20
427,40.575135228143246,0.9752893149852753,2,4,0,1.3272373951398408,0,17,0,1.488518754641215,0,20
428,0,0.6724937558174133,0,3,0,0.6919234891732534,0,9,0,0.6926384784958579,0,20
429,0,0.9610494176546732,0,3,0,1.1507025480270385,0,8,0,1.0789622763792674,0,20
430,15.909915694699313,1.226929850048489,2,9,0,1.1323482195536296,0,12,0,1.016097903251648,0,16,0,1.145755261182785,0,20
431,0,0.8910413583119711,0,3,0,1.1948379516601562,0,8,0,1.061279982328415,0,20
432,22.31387755809041,0.8544716139634451,2,12,0,1.0025408118963242,0,20
433,0.305946446549803,0.8267790476481119,2,3,0,1.4880377799272537,0,11,0,1.463254988193512,0,17,0,1.4300827582677205,0,20
434,110.1511444000767,0.4988841786980629,2,8,161.03887780871167,0.5922934903818018,2,25
435,26.691379372722718,0.5874146554205153,2,9,143.46869580012185,0.21497640120131628,2,23,82.9003985941507,0.34141621390978494,2,38,57.23399103151955,0.34733209013938904,2,41
436,0,0.8581154743830363,0,3,0,1.1290512323379516,0,8,0,1.0141361157099407,0,11,0,1.0464312235514324,0,17,0,1.16144597530365,0,20
437,19.36101375188933,0.6382164299488068,2,10,0,0.7253573387861252,0,14,0,0.5768922766049703,0,17,0,0.7685898939768473,0,20
438,34.25983111055306,0.9704997407065498,2,9,0,1.2912306135351008,0,20
439,0,0.8352218866348267,0,3,0,1.0760092337926228,0,9,0,1.018484354019165,0,17,0,1.120403567949931,0,20
440,70.95690300642816,0.38700472766702826,2,11,46.65442938538034,0.396672810568954,2,44,5.400576149918052,0.4820141593615214,2,47,51.05099054119398,0.41975535890635324,2,64
441,0,0.8324950138727824,0,3,0,0.9672736525535583,0,9,0,0.8992919596758756,0,20
442,0,0.8666501045227051,0,3,0,1.1281892657279968,0,9,0,1.102896744554693,0,20
443,0,0.8685039480527242,0,3,0,1.0731221636136372,0,9,0,1.0702112371271306,0,20
444,16.183784993222694,0.9193904399871826,2,3,0,1.2510286966959636,0,6,0,1.3270552158355713,0,12,0,1.3248873710632325,0,17,0,1.2417076428731282,0,20
445,31.297391986250787,0.44601577892899513,2,16,0,1.1749360263347626,0,20
446,0,0.8796767393747965,0,3,0,1.1877010822296143,0,8,0,0.9982000490029653,0,20
447,35.55563069782641,0.6052827835083008,2,14,120.06821756480268,0.9824820756912231,2,23
448,10.863677867004844,0.7240892797708511,2,8,0,1.137613981962204,0,12,0,1.061002826690674,0,17,0,1.2723697821299236,0,20
449,116.36194275092893,0.5230298321694136,2,16,163.4535994066914,0.464865790946143,2,30,117.52420667222205,0.42203856507937115,2,33
450,20.612270628791467,0.12502569239586592,2,16,0,1.1274974346160889,0,20
451,13.648672695884985,0.9496856927871704,2,7,0,1.135713775952657,0,10,0,1.1945629119873047,0,17,0,1.3033755620320637,0,20
452,53.726083926053334,0.33830461607259865,2,17,121.6198236702189,0.236239954829216,2,29,164.5389584277357,0.188065128667014,2,36,37.5393039667657,0.5684399406115214,2,39,22.328208189282172,0.6147980855570899,2,57
453,37.31749955011315,0.41233237316975224,2,26
454,19.96395770165065,1.1190524250268936,2,8,0,1.2288260327445135,0,17,0,1.4672834873199463,0,20
455,32.82333809524883,0.38818318361327764,2,21
456,0,0.8027371168136597,0,3,0,1.0343751509984334,0,9,0,0.9587136073545977,0,20
457,31.954672852999625,0.5813054800033569,2,10,42.19624872511708,0.6603167454401652,2,28
458,0,0.8061355749766032,0,3,0,0.961500597000122,0,8,0,0.9565322001775106,0,20
459,10.634961735037663,0.7128409445285797,2,4,0,1.138870894908905,0,12,0,1.113898754119873,0,17,0,1.1817485094070435,0,20
460,63.087607542026426,0.6375333666801453,2,8,114.64669440872541,1.4272695382436116,2,11,196.76170352003547,1.8696574568748474,2,19,100.02223955592015,1.4050795957446098,2,35
461,16.82715264362133,0.5750323075514573,2,13,0,0.947745544569833,0,20
462,0,0.667724072933197,0,3,0,0.6790701491492135,0,10,0,0.6692229449748993,0,20
463,20.423064849466414,1.0451078414916992,2,5,0,1.2203062772750854,0,17,0,1.4873566627502441,0,20
464,27.60631749422468,1.1604439914226532,2,4,0,1.3439405759175618,0,7,0,1.3150770902633666,0,12,0,1.2024384498596192,0,17,0,1.2116861740748088,0,20
465,16.20891669297516,0.8832484483718872,2,3,0,1.463244080543518,0,6,0,1.485192596912384,0,12,0,1.4225582361221314,0,17,0,1.3846348126729329,0,20
466,16.933482956342132,0.7855877578258514,2,4,0,1.2275165617465973,0,12,0,1.1749841690063476,0,17,0,1.2786280314127605,0,20
467,37.43706031795154,0.5686465435557895,2,18,0.0612919106310457,0.6155464384290907,2,27,38.935215364171896,0.6007723112901052,2,33,21.969199862332726,0.6113614439964294,2,36,41.31127553916479,0.5824868962168693,2,76
468,0,0.7990180651346842,0,3,0,0.9367635448773702,0,9,0,0.9672075726769187,0,20
469,15.460281816653085,0.5173537590924431,2,17,0,1.2029701868693035,0,20
470,21.24677224555077,0.4492050382223996,2,11,0,0.7681011160214742,0,14,0,0.6103700002034506,0,17,0,0.7048095266024271,0,20
471,22.971352832338244,0.649293669632503,2,14,0,0.6626645823319753,0,20
472,17.452151940649177,0.7674633264541626,2,3,0,1.4240898191928864,0,11,0,1.4593427379926045,0,17,0,1.2987754344940186,0,20
473,9.72363508672525,0.4328779677549998,2,3,0,1.1116529438230727,0,12,0,1.1445761680603028,0,17,0,1.0446139574050903,0,20
474,13.137440866033499,0.7625300543648856,2,7,0,0.9510809977849325,0,10,0,0.9156184196472168,0,17,0,1.0645390351613362,0,20
475,29.831817154631565,0.5072684700672443,2,13,44.87959257787274,0.5722622474034628,2,16,265.64723674852866,0.8421472140720913,2,30,178.37384351993208,0.7655831178029379,2,33,17.933279827664283,0.7660700082778931,2,38,312.47608166880605,0.7569321990013123,2,42,71.27795353061381,0.7064499656359354,2,45,29.734438179817396,0.6984226504961649,2,57
476,15.258332862276816,0.43117434680461886,2,10,0,0.7356023490428925,0,14,0,0.6021949450174967,0,17,0,0.7069451014200846,0,20
477,15.983271770242874,0.7274914753848108,2,29
478,2.3066075008063525,0.42394136389096576,2,3,0,0.903706603580051,0,12,0,0.9346469163894653,0,17,0,0.869674801826477,0,20
479,33.80581272990505,0.428449551264445,2,3,0,1.3448834816614788,0,6,0,1.3121080506931653,0,17,0,1.2226933240890503,0,20
480,22.411690989740404,0.619836799800396,2,8,0,0.9545959631601969,0,17,0,1.101229230562846,0,20
481,13.756895343027747,0.3618997358358823,2,13,0,1.123695628983634,0,20
482,29.086381475396006,0.8534568439830433,2,11,0,1.1720211903254192,0,20
483,0.19719809810866334,0.7040522495905558,2,3,0,1.3814955809537102,0,20
484,30.72761883525717,1.1507309675216675,2,9,0,1.0646837552388508,0,12,0,1.0567037343978882,0,17,0,1.2298900286356609,0,20
485,15.874265406700488,0.4089992046356201,2,4,23.363170159936814,0.4313164097922189,2,11,0,0.8459745645523071,0,14,0,0.7379444440205892,0,17,0,0.8335074583689371,0,20
486,30.33005642223895,1.3731128215789794,2,15,0,1.104855728149414,0,20
487,15.441019973320197,1.338572010397911,2,8,0,1.0219602286815643,0,20
488,14.401723584355427,1.1845427989959716,2,10,0,0.7786449909210205,0,20
489,37.53963713563207,0.8094049692153931,2,9,0,1.117457313971086,0,20
490,34.885009349477535,0.312007952820171,2,11,70.57812152675815,0.35268493741750717,2,15,116.61154813082416,0.32005904871841956,2,44
491,5.553070423532518,0.41568418592214584,2,4,0,1.480283722281456,0,12,0,1.4927971601486205,0,17,0,1.4823201894760132,0,20
492,25.888793172826595,0.622836689154307,2,6,0,1.2422563704577358,0,17,0,1.3691622813542683,0,20
493,5.914470848956793,0.7580405473709106,2,7,0,1.2731585800647736,0,11,0,1.1041051348050435,0,17,0,1.209587852160136,0,20
494,34.641768200794615,0.5008681645760169,2,13,0,0.7002848088741302,0,17,0,0.8004278937975565,0,20
495,34.39547182963136,0.6927446382386344,2,7,0,1.1272290150324504,0,10,0,1.2125131062098913,0,17,0,1.4149994452794392,0,20
496,16.730896247380944,0.3212451289097468,2,6,0,1.2481125394503276,0,12,0,1.2031472682952882,0,17,0,1.3295594056447346,0,20
497,57.47316292870569,0.4158761240541935,2,8,0,1.0903193950653076,0,11,0,1.0056448976198833,0,17,0,1.1473182042439778,0,20
498,0,0.9315313895543417,0,3,0,1.227431559562683,0,8,0,1.1426401138305664,0,11,0,1.1654619375864665,0,17,0,1.2772923707962036,0,20
499,0,0.6491057276725769,0,3,0,0.731272646359035,0,10,0,0.7490209937095642,0,20
500,0,0.8690576950709025,0,3,0,1.1103809595108032,0,8,0,1.093693494796753,0,11,0,1.125347892443339,0,17,0,1.1964836517969768,0,20
501,9.162867619128777,0.21628198325634002,2,5,0,0.9002496202786764,0,17,0,0.9647261699040731,0,20
502,0,0.7790594100952148,0,3,0,0.9271641288484845,0,10,0,0.9341353654861451,0,20
503,10.490150969730372,0.8341946431568691,2,7,0,1.0620215733846028,0,10,0,1.2940997736794608,0,17,0,1.4248578548431396,0,20
504,0.2970446075583632,1.003617525100708,2,3,0,1.4572354704141617,0,11,0,1.4073496262232463,0,17,0,1.3244233926137288,0,20
505,7.4657815218974966,0.581200381120046,2,6,0,1.2917784560810437,0,17,0,1.36794646581014,0,20
506,26.021817229167116,1.7620362639427185,2,4,0,1.4098347028096516,0,7,0,1.400217640399933,0,17,0,1.4928141434987385,0,20
507,21.644301230629154,1.0017703473567963,2,4,0,1.2853573858737946,0,12,0,1.2213112592697144,0,17,0,1.2251743078231812,0,20
508,18.744178619438976,0.6510312350896689,2,26
509,20.547682541102244,0.7938520404008719,2,13,0,0.8832876001085553,0,20
510,25.55305197694279,1.2719553311665852,2,12,0,1.231335699558258,0,20
511,32.85795000409787,1.295763611793518,2,3,0,1.3149885733922322,0,6,0,1.3491352200508118,0,12,0,1.355685019493103,0,17,0,1.3862642844518025,0,20
512,25.249441718754728,0.6011609077453614,2,10,0,1.0218610252652849,0,17,0,1.2475674947102864,0,20
513,102.69620123694702,0.2675056708486457,2,19,158.43800685497504,0.26710622012615204,2,42
514,24.428430740857372,1.1727476865053177,2,8,0,1.30441149075826,0,20
515,45.070516404909576,0.7613971446241651,2,14,56.5034153632554,0.9682889800322684,2,33
516,29.00605135417281,1.199588139851888,2,3,0,1.4433029492696126,0,6,0,1.4705191453297932,0,12,0,1.4272287607192993,0,17,0,1.408881664276123,0,20
517,0,0.6565113464991251,0,3,0,0.7212158952440534,0,10,0,0.7455008745193481,0,20
518,20.76953982739548,1.1433172506444595,2,17,0,1.0004340807596843,0,20
519,0,0.7839047908782959,0,3,0,1.0074244141578674,0,9,0,0.943725282495672,0,20
520,0,0.9369935989379883,0,3,0,1.215968084335327,0,8,0,1.1374487214618259,0,17,0,1.2601545651753743,0,20
521,0,0.8362821737925211,0,3,0,1.013400571686881,0,10,0,1.038407063484192,0,20
522,0,0.6347192128499349,0,3,0,0.6916183233261108,0,9,0,0.9590232047167692,0,20
523,0,0.7192031343777975,0,3,0,0.8882618943850199,0,9,0,0.852598948912187,0,20
524,10.19856260911149,0.43037613729635876,2,12,0,0.9705209493637085,0,17,0,1.2349864641825359,0,20
525,26.957408665029796,0.48365891642040676,2,9,43.449084299411716,0.6955483675003051,2,14,83.45010592609736,0.7766433556874593,2,17,0,1.0766820112864177,0,20
526,32.1096525560572,1.3544769287109375,2,4,0,1.4397864639759064,0,12,0,1.4887843608856202,0,17,0,1.4541460275650024,0,20
527,18.22609348243542,0.7991804643110796,2,11,26.24715790288717,0.8449219862620035,2,14,0,0.8168893257776896,0,20
528,0,0.7252301375071207,0,3,0,0.8658994237581888,0,9,0,0.7970789887688376,0,20
529,16.744878077774686,0.43640486896038055,2,4,0,1.2909826223666852,0,17,0,1.3516717751820881,0,20
530,24.77767778007958,0.604627555066889,2,11,0,0.8911444147427877,0,17,0,1.027263879776001,0,20
531,22.304590190688952,1.212750686539544,2,9,0,1.0775152842203777,0,12,0,1.034769892692566,0,17,0,1.2299128770828247,0,20
532,12.344057418579544,0.2272159419953823,2,4,0,1.0995404445208037,0,17,0,1.0467345714569092,0,20
533,23.722651416318328,0.3585862070322037,2,4,33.34280827493318,0.262742545742255,2,17,58.75424171006881,0.21737675964832306,2,22,108.33131148723257,0.13409605365374994,2,51
534,17.10519349672127,0.6531169613202413,2,3,0,1.3261146280500624,0,12,0,1.356032419204712,0,17,0,1.2972785631815593,0,20
535,25.905462582564777,0.29097628345092136,2,12,51.01447922898357,0.5877599971635001,2,26,41.02395807986586,0.7624929183059268,2,44
536,41.68431583298245,0.5515811601105858,2,34
537,20.956655019642874,0.477319951568331,2,7,0,1.2576255003611247,0,10,0,1.3392929519925798,0,17,0,1.4586526950200398,0,20
538,19.887084074971057,0.9644939005374908,2,8,0,1.1461131572723389,0,17,0,1.3452901045481365,0,20
539,9.18977573379388,0.46114830374717714,2,5,0,1.226959268252055,0,8,0,1.1779864099290636,0,17,0,1.225508729616801,0,20
540,6.130233911930614,1.2417114973068237,2,4,0,1.0247424840927124,0,7,0,0.9968713760375977,0,17,0,1.1106585661570232,0,20
541,1.3749297714327942,0.47142040729522705,2,3,0,1.17752890927451,0,10,0,1.2639682054519654,0,20
542,10.561457134384193,0.8133911490440369,2,3,0,1.2130042049619887,0,12,0,1.1588582754135133,0,17,0,1.1733869314193726,0,20
543,18.529751355777762,0.9283630053202311,2,9,0,0.8955475091934204,0,12,0,0.7516142368316651,0,17,0,0.9151825904846191,0,20
544,25.24425461709257,0.9378323952356974,2,3,0,1.431686798731486,0,6,0,1.5750428040822346,0,12,0,1.5730257987976075,0,17,0,1.4854512612024944,0,20
545,0,0.9922182162602743,0,3,0,1.2415835380554199,0,8,0,1.1171450714270275,0,20
546,16.33638930299758,0.7894692718982697,2,4,0.13266972209968894,0.44104158878326416,2,10,12.3178794825165,0.6396055221557617,2,15,0,1.065807580947876,0,20
547,23.48383519356017,0.8178039193153381,2,4,0,1.2047468274831772,0,12,0,1.276772928237915,0,17,0,1.357167402903239,0,20
548,16.366655169684236,0.5304336547851562,2,4,0,1.2985470936848567,0,17,0,1.4280906120936077,0,20
549,14.287327417342725,1.1751073178123026,2,17,1.384405785238768,1.047943154970805,2,20
550,24.21772747374443,0.6047441959381104,2,22
551,0.339334553681628,0.9639978011449178,2,3,0,1.3927705883979797,0,11,0,1.3382355570793152,0,17,0,1.2371097803115845,0,20
552,19.896505249100606,0.828400561442742,2,13,0,1.015522531100682,0,20
553,9.031155039075841,0.4929801896214485,2,4,0,1.2479265469771166,0,17,0,1.347193717956543,0,20
554,17.740048028708756,1.0697819636418269,2,13,0,0.7788459459940592,0,16,0,0.8623296022415161,0,20
555,19.18512165307332,1.425658255815506,2,4,0,1.444524618295523,0,17,0,1.5201327800750732,0,20
556,27.559124521491526,0.07283567140499751,2,6,0,1.1279895955866033,0,17,0,1.3218608697255452,0,20
557,8.361839530099244,0.8626854022343954,2,3,0,1.5795402659310236,0,12,0,1.5282885789871217,0,17,0,1.4481956561406453,0,20
558,12.555590832107923,0.985837629863194,2,7,0,1.0176970958709717,0,10,0,1.014615195138114,0,17,0,1.103088617324829,0,20
559,40.8047554902603,0.6122688055038452,2,3,0,1.2621571222941081,0,6,0,1.3301509727131238,0,17,0,1.2790486415227253,0,20
560,17.276971735374715,0.5561021447181702,2,5,0,1.1920922199885051,0,8,0,1.2296104960971408,0,17,0,1.277361313501994,0,20
561,9.446644386763245,0.7012073159217834,2,5,0,1.1893044710159302,0,12,0,1.1710725784301759,0,17,0,1.2294644912083943,0,20
562,0,0.8011178572972616,0,3,0,0.9314776062965393,0,9,0,0.8726025277918036,0,20
563,0.184722900241267,0.7567664980888367,2,3,0,1.3285226076841354,0,11,0,1.3100648721059163,0,20
564,0.11252261289745329,0.8539692362149557,2,3,0,1.5652873913447063,0,12,0,1.5053304195404054,0,17,0,1.4031613270441692,0,20
565,18.78674814249099,0.5273132224877676,2,6,0,1.011893781748685,0,17,0,1.1468132734298706,0,20
566,0,0.826479951540629,0,3,0,1.0824758529663085,0,8,0,1.0373615423838298,0,11,0,1.0651540160179138,0,17,0,1.1185909112294514,0,20
567,0,0.8802260359128317,0,3,0,1.1680487990379333,0,9,0,1.121597245335579,0,17,0,1.2279877662658691,0,20
568,0.04939049866692204,0.8631674647331238,2,3,0,1.2256015300750733,0,13,0,1.2504850625991821,0,20
569,24.341792983040907,0.6059484566961016,2,14,0,0.8174804151058197,0,20
570,0,0.7084908882776896,0,3,0,0.8257193764050802,0,9,0,0.8183356957002119,0,20
571,0,0.8705548445383707,0,3,0,1.1081251144409179,0,8,0,1.0720599757300482,0,17,0,1.1351321935653687,0,20
572,21.810069292092642,0.6070470690727234,2,15,0,1.130476212501526,0,20
573,70.31034924443722,0.1505948549934796,2,42
574,0,0.8358784516652426,0,3,0,1.0022420088450115,0,9,0,0.8543103784322739,0,17,0,0.7995745340983073,0,20
575,16.28478693575378,0.9897729328700474,2,7,0,0.9793071349461874,0,10,0,1.0178379671914237,0,17,0,1.134312907854716,0,20
576,18.81830632388333,0.36658556644733137,2,13,0,0.9536820820399693,0,20
577,0.3722859429339016,0.8001349965731303,2,3,0,1.619181712468465,0,12,0,1.6464537143707276,0,17,0,1.5731493631998699,0,20
578,0.035421769073870825,1.0799192190170288,2,3,0,1.339968484990737,0,20
579,0.23824695168672674,1.0404651959737141,2,3,0,1.4730875790119171,0,11,0,1.4544882973035176,0,17,0,1.3934927384058635,0,20
580,44.05016183299557,0.20725054711830326,2,41,1.212033866412094,0.4816471536954244,2,44
581,14.275698979456251,0.48587583005428314,2,6,53.30371603658959,0.38540366291999817,2,9,126.82633308824916,0.19055102517207465,2,21,61.3514342775276,0.21157153509557247,2,29,38.19399725561623,0.2680706615958895,2,43
582,0.16199362675503726,0.8193010489145914,2,3,0,1.352866080072191,0,12,0,1.3144389390945435,0,17,0,1.241206963857015,0,20
583,27.660501619435248,0.7193247430464801,2,17,0.09385586874939224,0.0919075459241867,2,34,53.442964975551284,0.3215216530693902,2,43
584,20.703843042549313,0.86686905225118,2,3,0,1.3456066449483235,0,6,0,1.4219208413904363,0,17,0,1.3940232992172241,0,20
585,0.15654222309995214,0.7745784123738607,2,3,0,1.037435597843594,0,12,0,1.0274717509746552,0,16,0,0.9931379854679108,0,20
586,17.709587526282238,1.486053398677281,2,14,0,0.8991096913814545,0,20
587,43.555235154445974,0.2997407540678978,2,20
588,12.767772583624454,0.7393793344497681,2,10,0,0.8591192960739136,0,20
589,52.07823270283271,0.42531369626522064,2,4,0,1.4468305844527025,0,17,0,1.6860969463984172,0,20
590,5.364575613867469,0.20441612104574838,2,6,0,1.4307701757975988,0,13,0,1.5004655122756958,0,17,0,1.5864595572153728,0,20
591,32.853421944525245,0.3043236881494522,2,4,0,0.8449277400970459,0,9,0,0.9335562735795975,0,17,0,1.0714315970738728,0,20
592,0,0.724587619304657,0,3,0,0.9136520425478617,0,9,0,0.8668107444589789,0,20
593,0,0.9998988509178162,0,3,0,1.2960043907165528,0,8,0,1.291082372268041,0,20
594,12.6013662393545,0.9254467884699503,2,3,0,1.4722243150075276,0,6,0,1.5015544295310974,0,12,0,1.4769506692886352,0,17,0,1.4043781359990437,0,20
595,17.54926887334107,0.7927208051962011,2,17,0,1.3718918164571126,0,20
596,14.064572066202352,1.0783798297246296,2,3,0,1.291538953781128,0,6,0,1.3375048637390137,0,12,0,1.2966949701309205,0,17,0,1.3461095889409382,0,20
597,16.015094621939966,1.0171254128217697,2,8,0,0.9269115030765533,0,12,0,0.7899619221687317,0,17,0,1.049268126487732,0,20
598,26.72906173705731,0.6854134635491804,2,11,0,0.86628790696462,0,17,0,1.0142656564712524,0,20
599,40.795750926057295,0.8163009643554687,2,10,0,0.9147234857082367,0,14,0,0.8194376627604166,0,17,0,0.977719267209371,0,20
600,69.7246264441361,0.6301232324196742,2,26
601,4.546991653132303,1.367353230714798,2,8,0,0.9482386906941732,0,11,0,0.8744198322296143,0,16,0,1.0164781510829926,0,20
602,20.58779919347079,1.2636875425066267,2,7,0,1.2226681470870973,0,17,0,1.4838635126749675,0,20
603,0,0.6971553564071655,0,3,0,0.7592515548070272,0,9,0,0.7399969371882352,0,20
604,36.07505981526093,0.3704190611839294,2,10,0,0.7596260607242584,0,14,0,0.5748525063196818,0,17,0,0.7272706031799316,0,20
605,21.310372871827127,0.45547762513160706,2,4,0,1.3338754773139954,0,12,0,1.3227951049804687,0,17,0,1.3201478719711304,0,20
606,14.00608817611401,1.0337492525577545,2,4,0,1.3545777116503035,0,11,0,1.2668916225433349,0,16,0,1.3099465370178223,0,20
607,16.012271947730106,1.178803767476763,2,7,0,1.0969873547554017,0,17,0,1.2010889053344727,0,20
608,8.62256112937098,0.7635608514149984,2,3,0,1.1812046368916829,0,12,0,1.2295326590538025,0,16,0,1.2293862402439117,0,20
609,20.369813429751744,1.115795373916626,2,4,0.027786437810970475,0.8742492198944092,2,7,22.710747970380478,1.3609598676363628,2,25
610,11.524474452862242,0.5676702658335367,2,6,0,0.9684823354085287,0,9,0,0.8400013893842697,0,17,0,0.9385074377059937,0,20
611,0,0.6655246615409851,0,3,0,0.7044592414583478,0,10,0,0.7014479398727417,0,20
612,0,0.7761517365773519,0,3,0,0.8816143174966177,0,9,0,0.8609861352226951,0,20
613,0,0.7768177588780721,0,3,0,0.9894288579622904,0,9,0,1.033284382386641,0,20
614,0,0.8727976679801941,0,3,0,1.1265714645385743,0,8,0,1.0399553378423054,0,11,0,1.0834364295005798,0,17,0,1.181010643641154,0,20
615,21.811099150789506,0.7550627787907919,2,9,0,0.8392986456553141,0,12,0,0.7759865283966064,0,17,0,0.9834589958190918,0,20
616,58.91383249517568,0.31011330485343935,2,5,0,0.9824585119883219,0,8,0,1.0082020892037287,0,17,0,1.3000170389811199,0,20
617,21.563439172907596,0.44664653301239016,2,25
618,41.43385682315076,0.4744178855419159,2,25
619,20.996837213029313,1.146346002817154,2,8,0,1.1534701585769653,0,17,0,1.3745489915211995,0,20
620,0,0.654281497001648,0,3,0,0.6926056657518659,0,10,0,0.7145520985126496,0,20
621,15.717993113679597,1.0352517226163078,2,17,0,1.072337031364441,0,20
622,22.797111191830343,0.2515131011605263,2,4,0,0.7441222667694092,0,17,0,0.8460985819498698,0,20
623,0,0.7317889134089152,0,3,0,0.7911519919122968,0,10,0,0.8322130680084229,0,20
624,0,0.8487217028935751,0,3,0,1.0804274082183838,0,8,0,1.0597831805547078,0,11,0,1.1091136733690898,0,17,0,1.1407829125722249,0,20
625,25.75867645323572,0.7429941997808569,2,17,3.785224403414894,0.7644750873247782,2,20
626,0,0.8963291843732198,0,3,0,1.178184449672699,0,9,0,1.0691734105348587,0,17,0,1.1589593489964802,0,20
627,0,0.7901942332585653,0,3,0,0.973284387588501,0,8,0,0.8597722152868906,0,20
628,0,0.895672063032786,0,3,0,1.183002758026123,0,8,0,1.0921917756398518,0,11,0,1.1184408068656921,0,17,0,1.2246983846028645,0,20
629,20.472234865687433,1.0565150260925293,2,20
630,0,0.7385213375091553,0,3,0,0.9386222163836161,0,9,0,0.884527173909274,0,20
631,48.808739387567535,0.8478523015975952,2,5,0,1.4727320075035095,0,17,0,1.7050243218739827,0,20
632,8.449623522467546,0.14425308789525712,2,7,0,1.253387490908305,0,10,0,1.2746720654623849,0,17,0,1.3966377178827922,0,20
633,63.844499703281464,0.5805545051892599,2,6,21.365244193876105,0.7165784239768982,2,10,0,0.7745406797954014,0,17,0,0.9521241982777914,0,20
634,0,0.9779875675837199,0,3,0,1.2893521984418232,0,9,0,1.2485528737306595,0,17,0,1.3592277765274048,0,20
635,42.55899309290321,0.45378949186381173,2,17,4.245869191328427,0.5135552982489268,2,20
636,20.496150721463092,0.8122042099634806,2,15,0,1.1333592176437377,0,20
637,0,0.857485036055247,0,3,0,0.9957725831440517,0,10,0,0.9007668154580253,0,17,0,0.9983144601186117,0,20
638,21.846382233822826,0.8702564519994399,2,17,0.026510369446328053,1.1133846044540405,2,20
639,0,0.76042640209198,0,3,0,0.9571341105869838,0,10,0,0.9119793534278869,0,20
640,0,0.8309350808461508,0,3,0,1.0757090091705321,0,8,0,1.0280553102493286,0,11,0,1.0910123785336812,0,17,0,1.1760657628377278,0,20
641,0.3753807779341576,0.8176416158676147,2,3,0,1.5186193159648351,0,17,0,1.3975551128387451,0,20
642,62.01271313719321,0.504307067820004,2,14,0,0.9465883175532023,0,20
643,28.60066998902879,0.8598167061805725,2,10,0,0.9174962341785431,0,14,0,0.8629289468129476,0,17,0,1.121029297510783,0,20
644,62.263074993796536,0.10505964793264866,2,8,143.19301388006096,0.0888513724009196,2,17,0.3092957618422424,0.6032053381204605,2,20
645,0,0.6298323273658752,0,3,0,0.7294911827359881,0,10,0,0.7621434807777405,0,20
646,44.13228939574871,0.24560712891466477,2,17,1.627027175053916,0.36561038593451184,2,20
647,17.460609303130344,0.3505236729979515,2,8,0,0.8684990406036377,0,12,0,0.7221852540969849,0,17,0,0.9261149565378824,0,20
648,29.277142990532585,0.8308416207631429,2,3,0,1.38679035504659,0,6,0,1.4994454781214397,0,12,0,1.4644793272018433,0,17,0,1.4432806571324666,0,20
649,0.342765721674866,1.0063201586405437,2,3,0,1.5997623354196548,0,11,0,1.6312683423360188,0,17,0,1.5817709763844807,0,20
650,0.24827938127857097,0.7992691198984782,2,3,0,1.3864978381565638,0,10,0,1.353086256980896,0,20
651,18.608379233509478,0.8014240775789533,2,14,0,0.8017642398675283,0,20
652,0.2752003273312944,0.9783971309661865,2,3,0,1.691849774784512,0,12,0,1.6674865007400512,0,17,0,1.6037729978561401,0,20
653,35.84288077890579,0.520709216594696,2,9,51.51827925308063,0.5541760524113973,2,12,0,0.8313641428947449,0,17,0,0.9319719870885214,0,20
654,22.46081944148097,0.24471755112920487,2,7,0,1.2063448826471965,0,10,0,1.0474235670907157,0,17,0,1.0971089601516724,0,20
655,17.018558447230383,0.8083152294158935,2,10,0,0.9578301668167114,0,20
656,21.139091831797895,1.0758961737155914,2,4,0,1.299290812932528,0,17,0,1.4548573891321819,0,20
657,27.48872176472379,0.5903053614828322,2,9,0,0.9092689752578735,0,12,0,0.7486622571945191,0,17,0,0.9028835693995158,0,20
658,6.55009205518003,0.7239832282066345,2,3,0,1.1888180043962266,0,12,0,1.1844985961914063,0,17,0,1.072954773902893,0,20
659,29.682041484996656,0.3392387330532074,2,4,0,1.2300806962526762,0,17,0,1.3524837096532185,0,20
660,0,0.63175501426061,0,3,0,0.642055903162275,0,10,0,0.6385505616664886,0,20
661,26.050599532961666,0.26731344498693943,2,8,0,1.186952143907547,0,12,0,1.2239509105682373,0,17,0,1.4205799500147502,0,20
662,28.42789580039207,0.8176448561928489,2,11,0,0.6954788962999979,0,14,0,0.6622110803922018,0,17,0,0.8219220836957296,0,20
663,21.436795250807908,0.7321926802396774,2,4,0,1.146569242844215,0,17,0,1.2800724506378174,0,20
664,9.580552601124985,0.7660006761550904,2,5,0,1.2658570493970598,0,12,0,1.3187591075897216,0,17,0,1.416501760482788,0,20
665,15.62982419621765,0.6884722113609314,2,7,0,1.1432862281799316,0,10,0,1.1889928919928414,0,17,0,1.2992097934087117,0,20
666,26.261765629936335,0.6305963814258575,2,10,0,0.8420258015394211,0,14,0,0.766778826713562,0,17,0,1.01627782980601,0,20
667,12.494936315234346,0.7134787837664286,2,6,0,1.1018258333206177,0,10,0,1.1453837496893746,0,17,0,1.2442416350046794,0,20
668,41.854474244861954,0.44316985085606575,2,8,0,1.0606389443079631,0,17,0,1.3110276460647583,0,20
669,27.28929027395472,0.43413696189721424,2,12,0,1.0166873633861542,0,20
670,14.582736560532176,0.8384130239486695,2,5,3.652797488135546,0.905850887298584,2,12,0,0.6875946670770645,0,20
671,22.87180730094129,0.9735709428787231,2,11,0,0.8419699668884277,0,14,0,0.7381739219029745,0,17,0,0.9633764425913492,0,20
672,0.28904852623645255,0.9537418286005656,2,3,0,1.3523885160684586,0,11,0,1.427660584449768,0,17,0,1.3350576162338257,0,20
673,19.467760670805067,0.3261341564357281,2,8,0,1.1293831666310628,0,11,0,1.0595613916714985,0,17,0,1.26052725315094,0,20
674,20.42402460509882,0.7204466528362699,2,9,0,1.2514079809188843,0,12,0,1.1660554707050323,0,16,0,1.342768669128418,0,20
675,0,0.8873786926269531,0,3,0,1.190938138961792,0,8,0,1.0405738552411397,0,20
676,15.817015669183599,0.5162428170442581,2,4,0,1.3825974464416504,0,17,0,1.3953208923339844,0,20
677,0.1928094850643016,0.7557115852832794,2,3,0,1.2685223677579094,0,20
678,0,0.7846187949180603,0,3,0,0.9868069648742676,0,8,0,0.9478942553202311,0,11,0,1.0185584624608357,0,17,0,1.086766242980957,0,20
679,25.80066139190194,0.8935385048389435,2,4,0,1.4593107241850634,0,17,0,1.6528000036875408,0,20
680,29.503314292248547,0.44309199452400205,2,5,0,1.3173237442970276,0,17,0,1.4442929029464722,0,20
681,11.599701324242135,1.1340587536493938,2,3,0,1.184311866760254,0,6,0,1.357191963629289,0,17,0,1.4058647950490315,0,20
682,0,0.5905118187268575,0,3,0,0.6298218454633441,0,10,0,0.6155941963195801,0,20
683,0,0.6203717986742655,0,3,0,0.6653521160284678,0,9,0,0.658495160666379,0,20
684,11.642813221340555,0.3152087330818176,2,6,0,1.196976363658905,0,12,0,1.1467268228530885,0,17,0,1.265189488728841,0,20
685,12.063551935811924,0.40532704691092175,2,6,0,0.8121043552051891,0,17,0,0.8470904231071472,0,20
686,32.3504128554568,0.2801629702250163,2,3,0,1.2781219217512343,0,12,0,1.2388625383377074,0,17,0,1.2649832169214885,0,20
687,0,0.6347930232683817,0,3,0,0.6916916767756144,0,9,0,0.959190845489502,0,20
688,17.522179688678687,0.7102315028508505,2,6,0,1.2160848487507214,0,17,0,1.373006264368693,0,20
689,19.210011715216428,0.19040174995149886,2,7,0,1.1087036609649659,0,12,0,0.9886811971664429,0,17,0,1.149696906407674,0,20
690,0,0.8785121440887451,0,3,0,1.0418349266052247,0,8,0,0.9930089811484019,0,20
691,0,0.6242906053860983,0,3,0,0.7212410654340472,0,10,0,0.7574499428272248,0,20
692,32.540354768839606,1.014879544576009,2,3,0,1.0852652788162231,0,12,0,1.2120155334472655,0,17,0,1.3112877209981282,0,20
693,0.3316442259942895,0.8615513245264689,2,3,0,1.3157022595405579,0,11,0,1.2874315977096558,0,17,0,1.2877565622329712,0,20
694,8.2785969600022,0.4871536046266556,2,4,0,0.8590013310313225,0,12,0,0.8209213852882385,0,17,0,0.9379854996999105,0,20
695,31.210108551690286,1.1359858512878418,2,3,0,1.486965815226237,0,6,0,1.5621522231535478,0,17,0,1.4381817976633708,0,20
696,8.41475887093542,0.5102274815241495,2,3,0,1.3114283084869385,0,17,0,1.2741490999857585,0,20
697,19.42750997604068,0.5816296537717184,2,3,0,1.476272185643514,0,12,0,1.4452518463134765,0,17,0,1.4272449016571045,0,20
698,0,0.7953425447146097,0,3,0,1.052537751197815,0,8,0,0.995704452196757,0,11,0,1.0090009967486064,0,17,0,1.0422094265619914,0,20
699,0.31851172867613403,1.0548012653986614,2,3,0,1.4568185806274414,0,11,0,1.4597306648890178,0,17,0,1.4831444422403972,0,20
700,0,0.9083296457926432,0,3,0,1.106709082921346,0,9,0,1.0879049626263706,0,20
701,0,0.9118518431981405,0,3,0,1.2024837017059327,0,8,0,1.1397852500279744,0,11,0,1.1636004447937012,0,17,0,1.2693154414494832,0,20
702,0,0.9963283936182658,0,3,0,1.143723998750959,0,10,0,0.9089388728141785,0,20
703,0,0.8855267365773519,0,3,0,1.1856218099594116,0,8,0,1.0756374895572662,0,20
704,0,0.7234663168589274,0,3,0,0.8025194009145101,0,9,0,0.760151319205761,0,17,0,0.8979249397913615,0,20
705,0,0.9113706350326538,0,3,0,1.1390599966049195,0,8,0,1.0684390862782795,0,17,0,1.2150947252909343,0,20
706,0,0.8752779960632324,0,3,0,1.127192449569702,0,8,0,1.0183805227279663,0,11,0,1.0632171829541524,0,17,0,1.1723577578862507,0,20
