0,0.03444935169590057,0.6499772276729345,2,32,0.37029557990150636,1.230069637298584,2,45,22.593009454452012,0.46183182299137115,2,51,12.971699407653935,0.47902072221040726,2,55,0.39927628638622353,0.6570513642059183,2,108
1,0,0.15771853579924658,0,26,0.17357586841338307,0.6047472506761551,2,30,0.7420000235833502,0.6848005789976853,2,43
2,0,0.09608101980252699,0,11,14.418392075968578,0.018618039786815643,1,17,0.20516663171093663,0.2736208289861679,2,20,0.040907795363881116,0.544861634572347,2,23,42.161344559956895,0.007838940247893333,1,31,0,0.06723723974492815,0,40,0.02048288695657947,0.06443570223119524,2,49,0,0.13212226827939352,0,58,0.2357508797212195,0.13921220103899637,2,61,0,0.21468673894802728,0,67,0.7958583411673358,0.048515722155570984,2,70
3,0.7038946754036846,0.326569681817835,2,44,0.023445096236595863,0.2405922015508016,2,47,0,0.2597706224769354,0,87,26.00392254699312,0.07813637289736006,2,96,0,0.4640219658613205,0,102,0.4833583988489683,0.27318456768989563,2,105,25.12274964234004,0.07732043663660686,2,108,0.14250828207786212,0.514533797899882,2,111,23.09368955309233,0.14892021318276724,2,114,0.14567417058420754,0.36689611673355105,2,119,0,0.20011772877640194,0,137,39.60747118949118,0.04816882312297821,2,146,18.803613175065788,0.10550715029239655,2,158,0.2119635781578518,0.5867322782675425,2,161,22.3339321198773,0.13475476801395417,2,166,8.667365582424898,0.17230676753180368,2,173,2.05541602679437,0.2700047940015793,2,177,10.24784519803204,0.1680285140224125,2,200
4,0.29692216483055894,0.8106540898059277,2,47,27.699325357422385,0.1362028658390045,2,52,0.03864360396271635,0.7793964644273123,2,76
5,0,0.12928277949492137,0,15,116.44138101562194,0.8603760898113251,2,31,0.21838180354444672,0.6583311706781387,2,39,3.127019207496278,0.5439938902854919,2,42,157.48728485933927,0.5563648002488273,2,49,0.5178304590456072,0.5511168837547302,2,54,0,0.14999995678663253,0,84,0.021542561037628444,0.15597297251224518,2,87,0,0.16946451117595038,0,99,0,0.18762081364790598,0,102,0.20089020256743645,0.10508549710114796,2,105,4.264093358993305,0.08934939901034038,2,108,0,0.10423894226551056,0,113,0,0.07265434981811614,0,155,0.025270053387680323,0.19599615037441254,2,158
6,0.14863369679552435,1.3205831978056166,2,18,24.941735610355135,0.5162817537784576,2,22
7,0.03211432683505087,0.6370709896087646,2,5,6.976842581492625,0.0941489040851593,2,24,0.16276410707582126,0.3627029359340668,2,27,7.167813410564027,0.0966735418353762,2,34,0.05257435522601507,0.4105108578999837,2,40,6.949557727301817,0.09027280285954475,2,56,0.06312015220128002,0.3254387006163597,2,60,11.321601677607994,0.0924002726872762,2,63,20.362654029372376,0.06507299627576556,2,70,10.964475105834998,0.09911246733231978,2,81,1.0994552336413999,0.22683016955852509,2,84,9.24963910097147,0.09428752958774567,2,88,0.06497626156905208,0.36760813742876053,2,92,6.331451157071872,0.10272474090258281,2,95,0.02744896293843653,0.01652426444567167,1,160,3.0726371505088563,0.03613056739171346,2,163
8,0.921843255513605,0.8286832394423308,2,27
9,45.63450223850025,0.6870771884918213,2,5,0,1.194902817408244,0,17,0,1.3266605138778687,0,20
10,0,0.7320970098177592,0,3,0,0.7964660780770438,0,10,0,0.836216413974762,0,20
11,1.1316520820893525,0.9094389506748745,2,7,0,1.199973464012146,0,12,0,1.217236590385437,0,17,0,1.3123871088027954,0,20
12,4.265383486451888,0.3394075234731038,2,3,0.03532063502882509,0.29416976656232563,2,10,18.66107541184435,0.5303645581007004,2,14,0.030325637128981956,0.9665646155675253,2,23,0.548736952223934,1.184991192817688,2,28,23.314264075628774,1.1523768561226981,2,35,0.5576540397478225,1.0228871832723203,2,58,56.19761777020817,1.2963010668754578,2,66
13,0.8568571873119997,1.004397643937005,2,9,41.61619681632088,0.23073661753109523,2,16,0.8858378901437658,1.2987797260284424,2,29,14.664643983683284,0.8032383539459922,2,40,53.71024501837272,0.28479119141896564,2,49,144.54524749957272,0.09149323403835297,2,59,0.32028022058319416,0.7204714218775431,2,62,63.94471995571051,0.20783440272013345,2,65,3.161232529320457,0.28681354721387226,2,68,159.79479263119876,0.11742096944995549,2,91,72.8287439471142,0.12679833670457205,2,94,161.99316727828761,0.11581659317016602,2,112,84.32407004507672,0.08884194989999135,2,115,0.1596227250899398,1.5374283923043146,2,124,195.53327077500882,0.17025005320707956,2,127,0.25441406084597973,0.8280802011489868,2,132,24.421980767825925,0.3399242013692856,2,135,0.17953434825786668,1.0649259090423584,2,138,33.831795974390225,0.1483445093035698,2,142,163.72384827426401,0.062479780366023384,2,154,0.24866833992760667,1.1368971665700276,2,160,9.632431272464327,0.3618694245815277,2,165,1.634601493770953,0.5715297222137451,2,170,2.850697994201799,0.5627861420313517,2,179,12.173259963869178,0.4655123537495023,2,200
14,0.024942762963292873,0.4176966708440047,2,13,27.477678824586143,0.03821507841348648,2,21,0.022509662355789488,0.10152990557253361,2,37,1.0092579837990345,0.4523228605588277,2,40
15,0,0.6345695455869039,0,3,0,0.8646619986085331,0,20
16,0.0243033844984216,0.6822053372859955,2,20,6.714967127369525,0.28814101219177246,2,23,0.04215899595724823,0.660501948424748,2,37,1.9736616748498594,0.3074685235818227,2,40,0.039304555559148455,0.48421779842603774,2,82,6.787828755984963,0.4028362234433492,2,85,0.9744960220203001,0.38557632906096323,2,99,13.242217394337601,0.09172945870802952,2,112,1.3575851377668886,0.5069197629179273,2,154,25.420114582305246,0.2712835843364398,2,160,1.3107303588905144,0.5680395762125651,2,163,0.8181873075512803,0.571312020222346,2,175,11.776410721453257,0.35122090578079224,2,179,1.4576470635885235,0.6533276665778387,2,200
17,0.5134068311353119,1.391877674139463,2,26,8.359495273735968,0.7961183488368988,2,30,3.413927419041776,0.9218046188354492,2,35,78.68710142245808,0.558769166469574,2,38,0.6125266903752751,1.4189281344413758,2,98,18.72305427583411,1.0383110841115315,2,101
18,0.8810458220838199,0.9720044824812147,2,45,12.860529661145797,0.9836434920628866,2,48
19,0.03657064029513899,0.45850423475106555,2,6,0.3998445674163412,0.4897400736808777,2,9,0,1.0547075668970745,0,12,0,1.1093331098556518,0,17,0,1.2903210322062175,0,20
20,0.9743257498180558,0.4710153877735138,2,45,0,0.2738172224787779,0,88,3.148717220683891,0.2881229519844055,2,91
21,0.7146899122794279,0.8005765271636675,2,53,40.80895535238196,0.1963238694838115,2,60,0.03201560374447528,0.5758098065853119,2,66,34.14963343080571,0.09928204390135678,2,77,10.6350660964378,0.15442123636603355,2,81,35.818209735192795,0.08268849551677704,2,86,0.0360393110582727,0.2965042699467052,2,97,50.33583485709285,0.4038000206152598,2,100,0.027270684722187258,0.1325186387850688,2,139,3.1402918910679096,0.23029749592145285,2,142,0,0.16052771028545168,0,160,0.031194678476414366,0.16200311481952667,2,164,42.62655379797371,0.2659076352914174,2,173,3.3649810309012276,0.40532342344522476,2,177,55.52685713709035,0.14947155714035035,2,182,0.7400445715128803,1.0538682142893474,2,200
22,0,0.21267417971140298,0,78
23,0.6007122962699258,1.1042498316083635,2,35,52.07541310426563,0.5638982454935709,2,38,3.024339034090386,1.168457527955373,2,44,24.390720932455913,0.03524097286421677,2,73,0.09097902137224642,0.36229828000068665,2,76,22.186225873671013,0.029424706330666177,2,89,0.18125920297238993,0.3965710500876109,2,92,21.438332546886095,0.07475398480892181,2,96,0.033590936333856854,0.573667049407959,2,99,20.506237206984984,0.03637783229351044,2,104
24,18.958582068337904,0.45198205709457395,2,5,0,0.9413985013961792,0,17,0,1.046404520670573,0,20
25,10.420870846391958,1.2107026278972626,2,4,1.0073138023186141,1.1337941263032996,2,27,15.915854853129188,0.07550187408924103,2,33,5.801762377823649,0.3960791875918706,2,36,0,1.2382217248280842,0,42,34.2136490910793,0.08313748737176259,2,45,0,0.3562212996184826,0,49,1.977216762957115,0.2569967806339264,2,52,0.033545056446705655,0.4402722318967183,2,55,28.320673361759816,0.08991993467013042,2,58,0.02680681838055971,0.4334436357021332,2,65,34.31680077437996,0.09257250598498754,2,72,0.35469315576742466,0.4822462300459544,2,75,34.813987489735126,0.13383018225431442,2,79,0.021534702504497794,0.5045413374900818,2,88,27.966269532581425,0.13529626925786337,2,103,0.03449547782326808,0.6149383783340454,2,106,26.12428468656148,0.1365076866414812,2,124,0.10306613781425282,0.5538335541884104,2,127,30.108461063214907,0.15368478993574777,2,130,0.3180304510534476,0.39559415479501087,2,133,0,0.5034407675266266,0,137,35.78713989637451,0.10373794039090474,2,140,0.15052780037148178,0.4406845599412918,2,145,28.393279812428222,0.1251411885023117,2,158,0.08444470293619699,0.41812966763973236,2,162,21.552504419077746,0.1844666451215744,2,177,1.6247195089781417,0.35505856076876324,2,180,23.438753902305347,0.15164370834827423,2,183,0.7387984860394684,1.056955893834432,2,186,1.8079266640929028,0.981901216506958,2,191,13.749407476380231,0.4285196165243785,2,194,0.8004707475460148,0.8015440354744593,2,197
26,0.13191943320885194,0.6922480662663778,2,3,0,1.1457691533224923,0,10,0,1.118125355243683,0,20
27,11.96167275303017,1.1589391231536865,2,3,0.7003552165191723,1.453376951671782,2,24,1.1909760367859976,1.3543275992075603,2,27,13.160963819079821,0.9459978852953229,2,34,8.305604859435485,0.9633929179264948,2,47,0,1.2535667419433594,0,52,596.2238370904131,1.949581055414109,3,73,19.853504830068815,1.5605309009552002,2,78,586.4409825442157,1.939872411581186,3,91,33.47578629225924,1.6009380519390106,2,95,1.1708238547677525,1.4656545408701493,2,154
28,0,0.9722079435984293,0,3,0,1.159655261039734,0,8,0,1.0749322772026062,0,20
29,0,0.7315738201141357,0,3,0,0.8251255239759173,0,10,0,0.8052194118499756,0,20
30,0,0.8293506701787313,0,3,0,1.0792330265045167,0,8,0,1.031264881292979,0,20
31,0,0.7573830684026083,0,3,0,0.8240526914596558,0,9,0,0.7818456400524486,0,20
32,0,0.8669250806172689,0,3,0,1.0189809600512187,0,9,0,0.9332166151566939,0,20
33,0,0.8802040219306946,0,3,0,1.1575448274612428,0,8,0,0.9481127361456553,0,20
34,8.40056244742664,1.1881250540415447,2,3,0.99423048933229,1.2239347006145276,2,22,38.44905205866926,0.2391040027141571,2,25,0.5036073460478349,0.9396732052167257,2,31,0.9770774283201343,0.9365084171295166,2,34,14.114564513841223,0.1575346852724369,2,47,2.1850064317389295,0.5786489546298981,2,52,77.78932789105055,0.005347645282745362,1,62,11.213695692629397,0.28105885684490206,2,67,155.5662877135225,0.009680891036987304,1,72,13.011483930972355,0.12042066951592763,2,75,330.16874967511365,0.009006268448299833,1,84,3.275941561829409,0.18377253413200378,2,87,342.60657719553393,0.009583570740439674,1,98,0.371608211394541,1.1284622251987457,2,102,325.28750334649925,0.009973860838833977,1,119,16.410518755586615,0.11186444262663524,2,125,183.6425546026997,0.01228257268667221,1,129,307.12895134807223,0.004134941101074219,1,134,101.90745369738083,0.01580599695444107,1,138,57.623232382839916,0.03456830605864525,2,142,18.375244741596642,0.08937964836756389,2,145,2.9311809194331326,0.41681331396102905,2,148
35,0.2543037191325168,0.8184470931688944,2,3,0,1.3312021408762251,0,17,0,1.3012114763259888,0,20
36,0,0.6460855404535929,0,3,0,0.645484447479248,0,9,0,0.6243501576510343,0,20
37,29.578359812904402,0.5816648244857788,2,5,0,0.9368803103764852,0,17,0,1.0875855286916096,0,20
38,20.092514098278606,0.5738677978515625,2,5,0,0.981416235367457,0,17,0,1.1686006784439087,0,20
39,0.4637079976481448,0.8880113760630289,2,3,0,1.539722808769771,0,17,0,1.4737299680709839,0,20
40,0,0.7550067106882731,0,3,0,0.8387837069375175,0,10,0,0.8623238801956177,0,20
41,58.90891988022257,0.455646855963601,2,9,0,0.9956432978312174,0,12,0,0.8026659727096558,0,17,0,0.9938458204269409,0,20
42,27.33788522140418,0.6711208621660868,2,3,0,1.3885107295853751,0,17,0,1.3834720055262248,0,20
43,28.39354719611187,1.4563154975573223,2,6,0,1.1748366464268079,0,17,0,1.4577813148498535,0,20
44,0.2576601999269023,0.7177622516949972,2,3,0,1.325914691476261,0,20
45,0,0.7775803804397583,0,3,0,0.9873222708702087,0,9,0,0.9095035493373871,0,17,0,0.9716184933980306,0,20
46,0.662038856471191,1.0116249682411316,2,63,4.169414733023682,0.9564292828241984,2,66,0.7277968003160921,1.1243706146876018,2,87
47,0.44966936892580633,0.9094686110814413,2,3,0,1.420378846280715,0,20
48,22.441271308409018,1.0688400268554688,2,4,0,1.5033752769231796,0,12,0,1.6139357805252075,0,17,0,1.6806994279225667,0,20
49,0.41578462942866107,0.9850498835245768,2,3,0,1.5081125006956213,0,20
50,0.28336243235635333,0.8223922252655029,2,3,0,1.4564361852758072,0,20
51,22.947730861013593,0.8141940037409464,2,3,0,1.5801731083128188,0,12,0,1.5578376293182372,0,17,0,1.5385138193766277,0,20
52,12.649093866655136,0.8296725579670498,2,7,0,1.0820196866989136,0,17,0,1.1924494902292888,0,20
53,0.03697203092580599,0.05828325663294111,2,14,0.07591624783451799,0.05541522915546711,2,27,3.5847157500122893,0.199605921904246,2,30
54,0,0.7929003238677979,0,3,0,0.8968290601457868,0,10,0,0.8771201610565186,0,20
55,0.31065448085518305,0.8710306485493978,2,3,0,1.459394269519382,0,12,0,1.3547587394714355,0,17,0,1.3129626512527466,0,20
56,0.7505900520935604,1.1021121462186179,2,30,0.4243600211858676,1.136569897333781,2,33,0.02116827463454444,0.23432653148969015,2,36,0,0.08145779824775198,0,59,0.08964644382773675,0.1824512928724289,2,62,0.027085109473380456,0.22154267132282257,2,65,0,0.1744950683193004,0,112,0.021319629725006117,0.24403302868207297,2,115
57,35.3110087159853,0.24536515772342682,2,4,0,1.158885387273935,0,17,0,1.283618966738383,0,20
58,0.1344294499573171,0.87177574634552,2,3,0,1.4686650037765503,0,12,0,1.418511152267456,0,17,0,1.4152722358703613,0,20
59,27.75830430091121,1.530996412038803,2,4,0,1.0951322133724506,0,17,0,1.3616183201471965,0,20
60,0.2541601501766427,1.1223271290461223,2,3,0,1.3972280472517014,0,11,0,1.3624152143796284,0,17,0,1.2750693559646606,0,20
61,0,0.8893774747848511,0,3,0,1.093444037437439,0,8,0,0.9336387117703756,0,20
62,0,0.9067259828249613,0,3,0,1.1836158990859986,0,8,0,1.0828913317786322,0,17,0,1.2196592092514038,0,20
63,0,0.6165439594875682,0,11,21.70364078146141,0.44324148694674176,2,14,0.8605015210384281,1.0554096052202129,2,73,25.758299155399616,0.15895917266607285,2,79,1.6980367690006697,0.8590895732243856,2,82,0.7378277326796795,0.979766458272934,2,98,0,0.4741136640310287,0,108
64,0.27142970083663137,0.8504068454106649,2,3,0,1.3472106324301825,0,12,0,1.2888447761535644,0,17,0,1.184502124786377,0,20
65,0.20346498479062602,0.7808132171630859,2,3,0,1.3936959294711841,0,20
66,0,0.8959997097651163,0,3,0,1.2116333484649657,0,8,0,1.0375549793243408,0,20
67,0,0.7794200380643209,0,3,0,0.8968094797695384,0,20
68,0.1514637065240446,1.117946982383728,2,3,0,1.5166741694722856,0,17,0,1.4581563870112102,0,20
69,0,0.592222253481547,0,3,0,0.6387613671166557,0,10,0,0.6238965272903443,0,20
70,17.650335036603998,1.4853172063827516,2,5,0.9154878526121019,1.4202861365150004,2,22,46.41798316279734,0.6703138798475266,2,26,5.951568284373202,0.7423938512802124,2,29,33.39879396444766,0.8127455592155457,2,49,2.286994231407345,0.788208544254303,2,52,0.8880065635129708,0.940206240862608,2,84
71,0.836593212791214,1.17355431579962,2,41
72,0.025805608168232647,0.0693390044299039,2,11,0.39656890784343973,0.5359413226445516,2,14,0.8436507074340405,0.5143358235557874,2,26,65.19847619217025,0.03673797845840454,2,30,0.10280326693361856,0.10222338698804379,2,38,11.65404212263528,0.15252794325351715,2,41,110.92147424558843,0.026002610102295876,2,49,0,0.06179973389953375,0,65,23.03741108077201,0.13950436810652414,2,68,0.045499671124194015,0.038777776062488556,2,80
73,0,0.6345695455869039,0,3,0,0.9602343658326378,0,74
74,0,0.7526965141296387,0,3,0,0.9546763300895691,0,9,0,0.9444756724617698,0,20
75,21.050621702161934,0.6991855651140213,2,4,0,1.2069859137901893,0,17,0,1.2501617670059204,0,20
76,0,0.866097112496694,0,3,0,1.1542129516601562,0,9,0,1.0207428607073696,0,20
77,0,0.8974202076594034,0,3,0,1.2051692485809327,0,8,0,1.0561089217662811,0,20
78,0,0.8040769894917806,0,3,0,1.0313173532485962,0,9,0,0.9782805226065896,0,20
79,0,0.7493804295857748,0,3,0,0.9573564529418945,0,9,0,0.9500211043791338,0,20
80,41.76398829720753,0.8089926640192667,2,6,0,1.2122133645144375,0,17,0,1.386616309483846,0,20
81,28.412472783937364,0.6950399875640869,2,4,0,1.24015762255742,0,17,0,1.3311575253804524,0,20
82,1.0341318480387984,1.244667797088623,2,25,47.25283469570146,0.9129260778427124,2,28
83,0.36567879041922363,1.3223529160022736,2,4,45.24950034261054,0.47617042263348897,2,19,0.38944842766214965,1.412817120552063,2,26,39.456649011824915,0.4619208921988805,2,32,1.525908388681474,0.7296242515246073,2,38,86.761081722484,0.6685470044612885,2,42,38.07248802473591,0.6651531532406807,2,46,0.0921941534906201,0.6060769359270731,2,49
84,0,0.802086353302002,0,3,0,1.0461913545926411,0,9,0,0.9994188438762318,0,20
85,0.14051614218659123,0.6221903264522552,2,3,0,1.2077434203203987,0,20
86,0,0.7709149916966757,0,3,0,0.8368344704310099,0,9,0,0.7894149585203691,0,20
87,0,0.8995723525683085,0,3,0,1.1748143434524536,0,8,0,1.1006345748901367,0,17,0,1.2054738601048787,0,20
88,0,0.8972275257110596,0,3,0,1.208507490158081,0,8,0,1.0476960241794586,0,20
89,33.20135697888766,0.6543878515561422,2,3,0,1.1185508966445923,0,6,0,1.189011898907748,0,17,0,1.1966765721638997,0,20
90,0.37630372383692107,0.6307478447755178,2,3,0,1.38677118806278,0,20
91,0,0.6048586037423875,0,36
92,6.0076436819239545,1.2908694744110107,2,3,0.20128859244723182,1.2964629332224529,2,30
93,0,0.6404522657394409,0,3,0,0.7258883317311605,0,9,0,0.7453761046583002,0,20
94,16.21251024739822,0.6887440800666809,2,5,0,1.0952076741627284,0,12,0,1.0280348539352417,0,17,0,1.0917833248774211,0,20
95,0,0.8292920192082723,0,3,0,1.0775447090466816,0,9,0,1.0005206303163008,0,20
96,0,0.8124502499898275,0,3,0,1.019728660583496,0,9,0,1.0468556555834683,0,20
97,0.37106115394775835,1.0356429020563762,2,3,0,1.428314208984375,0,20
98,2.265823514878018,1.388730181588067,2,9,0.02588654125052018,0.2837869877165014,2,20
99,3.5425391446256325,0.9429353078206381,2,3,0.86146833192697,1.096428496497018,2,17,0,1.073859175046285,0,20
100,36.79393837130375,1.3101000308990478,2,5,0,1.0693503816922505,0,17,0,1.4218260844548543,0,20
101,0,0.8888071775436401,0,3,0,1.1700703620910644,0,8,0,0.9622410734494528,0,20
