0,4.47920914611805,0.06482513505533509,2.0,127,0.11160534202496097,0.014125708063038298,2.0,200
1,0.11334788158175718,0.013523592213986243,2.0,136,505.43841573965364,0.7563434730501053,2.0,151,0.11334788158175718,0.013523592213986243,2.0,200
2,3.0373643721929526,0.013625177318216372,2.0,22,0.03792297863861108,0.0008595954163845068,2.0,31,3.0373643721929526,0.013625177318216372,2.0,128
3,3.2430260227304095,0.09751071418994514,2.0,160
4,3.2430260227304095,0.09751071418994514,2.0,23,0.143566241639612,0.014190113399501887,2.0,34
5,501.49082825912,1.7206413789080952,2.0,3,3.634679839742783,0.16035031478851275,2.0,25,0.12108155129899013,0.001821910291762012,2.0,39
6,0.01833241805138676,0.005353957236338254,2.0,103
7,0.38049582044684677,0.009498492191812136,2.0,16,500.9399936498317,1.759166897665188,2.0,20
8,0.38049582044684677,0.009498492191812136,2.0,61
9,0.21226082955473763,0.0027467171148762085,2.0,40
10,0.12657113705706355,0.01199622827327703,2.0,111
11,3.1091469699097405,0.12084928461522301,2.0,117
12,0.22624028204094832,0.00563077331680068,2.0,61,3.518498319324328,0.13525616927113285,2.0,200
13,3.3202553763629936,0.18378477264720622,2.0,48
14,0.009032558193577928,0.01377529755482947,2.0,102
15,3.6456918462265735,0.015701068879072452,2.0,31
16,3.6456918462265735,0.015701068879072452,2.0,45
17,3.6456918462265735,0.015701068879072452,2.0,26
18,3.6456918462265735,0.015701068879072452,2.0,5,0.16803516885443573,0.020100278240590033,2.0,25
19,2.6895885563899635,0.04464067857484663,2.0,160
20,4.010269739284743,0.08499222615020412,2.0,40,0.12586441452626185,0.0011908268131108814,2.0,65,503.04271932371506,1.5104689465144578,2.0,69
21,3.033647242677058,0.10621470686823889,2.0,200
22,0.19934186774940527,0.00507965522182429,2.0,101
23,3.2869001289719058,0.10643864018681495,2.0,68
24,0.09903480164167142,0.012866289502448933,2.0,36,3.2595422796196614,0.05235777813375228,2.0,58,0.09903480164167142,0.012866289502448933,2.0,200
25,4.143593678847266,0.07087323612738897,2.0,146,495.7637538304473,1.8189355908870888,2.0,149
26,3.4066718711528923,0.13522489306786323,2.0,48
27,3.8302718635227198,0.04347042633880102,2.0,57
28,3.3558163289041167,0.13384530639614284,2.0,103,498.135238169002,1.5109165670090063,2.0,107
29,2.9235492423494644,0.05857792019257762,2.0,84,498.5510391407258,1.6928511525841892,2.0,87
30,0.050917095090432865,0.0018834929541067837,2.0,86,4.225918999109357,0.06295717862400488,2.0,200
31,0.13468498203784163,0.007814035483253969,2.0,63
32,3.0837728483619715,0.132190762973742,2.0,71,0.0579204023174514,0.006245585153446641,2.0,86
33,3.2916105499902057,0.10164739122497643,2.0,59,0.09390739616733626,0.0064046951910666046,2.0,86,3.2916105499902057,0.10164739122497643,2.0,180,495.9616272395232,1.8706151367054034,2.0,184
34,0.09421713253957512,7.525058531470362e-05,2.0,77,3.725097966428246,0.2471377227665185,2.0,135
