0,23.92400530054076,0.654782791932424,2,3,0,1.2384782632191975,0,6,0,1.3886098644950173,0,17,0,1.3653521140416462,0,20
1,29.215179127614302,0.9304473183371804,2,11,0,0.5809534589449564,0,14,0,0.454336812098821,0,17,0,0.559549500544866,0,20
2,22.63711416388124,0.6234866877396902,2,24
3,39.31386251530106,0.4847961738705635,2,16,0,1.234896868467331,0,20
4,31.90646007770637,0.09931403150161107,2,12,50.754744007037104,0.18196417639652887,2,18,81.10935803236886,0.37650251732422757,2,44,63.10703634250269,0.3964304192499681,2,55
5,42.652990675038836,0.35101259499788284,2,32
6,72.34742326357924,0.15082909829086727,2,9,127.15043574842583,0.13875483721494675,2,49,14.173603433785454,0.1617885778347651,2,52,96.3460929462071,0.14450418949127197,2,55
7,25.684019546690784,0.9351351320743561,2,20,40.4518327699757,0.8986157178878784,2,23,656.5246474453692,0.30726163727896555,2,37,20.446087705460567,1.0289055517741612,2,72
8,27.505739316226062,0.7546089589595795,2,4,54.82113807554062,0.741485983133316,2,12,0,0.7929415255784988,0,20
9,18.82395670548873,0.9785096862099387,2,11,0,1.0352060794830322,0,14,0,0.9284722805023193,0,17,0,1.28915270169576,0,20
10,14.988358432217773,0.41066412031650545,2,10,0,0.9111803770065308,0,13,0,0.7498506903648376,0,17,0,0.9582329988479614,0,20
11,42.67408968780902,0.8198959529399872,2,8,77.01856916528999,0.3849311017471811,2,31
12,14.1918473722696,1.029294729232788,2,5,0,1.1867881615956624,0,8,0,1.2018940051396687,0,17,0,1.2119138638178508,0,20
13,22.680444273996166,0.9938730895519257,2,4,0,1.1984283924102783,0,17,0,1.3884902397791545,0,20
14,23.047663097866565,0.6654916736814711,2,9,32.83120104022242,0.6364399989446005,2,12,0,0.8594165295362473,0,20
15,11.53591676085101,1.0395783952304296,2,14,0,0.902908444404602,0,20
16,10.152088344348813,0.12094822029272716,2,6,0,0.7983521873300726,0,17,0,0.8317740758260092,0,20
17,16.918481007531494,0.4416586435758151,2,13,0,0.9564047881535122,0,20
18,25.519720896651414,1.266000008583069,2,5,0,1.2876148521900177,0,17,0,1.406223734219869,0,20
19,35.88660308427396,0.407490801352721,2,52
20,0.112350625530172,0.3920147468646367,2,3,2.89882620599601,0.22862822810808817,2,6,0.05470796747146818,0.15206492245197295,2,16,267.9503279960797,1.8359728455543518,2,22,426.63848357755774,1.874930962920189,2,46,333.8765487297572,1.8591116786003112,2,56,335.4954706823705,1.2273083130518596,2,59,218.36055584940928,0.787319560845693,2,62,271.40136883237847,0.0655099949799478,2,94,22.585058406488294,1.03730708360672,2,98,15.076703044237348,1.2174338102340698,2,101,0.6450054709728213,1.1944458484649658,2,104,11.851003034062975,1.2052536725997924,2,109
21,20.064334658650687,0.9185190541403634,2,42,138.66893063403649,0.16817380062171391,2,56,64.68481057795663,0.37194547802209854,2,64
22,18.818308244363113,0.5677680174509684,2,6,0,1.214369773864746,0,17,0,1.3549474080403645,0,20
23,15.737425483175473,0.9442341327667236,2,4,0,1.4922872483730316,0,12,0,1.5232369422912597,0,17,0,1.5648399988810222,0,20
24,8.076805438731174,0.9210523258556019,2,11,0,0.8268661499023438,0,14,0,0.7103145718574524,0,17,0,0.8297988971074423,0,20
25,27.15343316817684,0.6778977587819099,2,8,0,1.0660080115000408,0,17,0,1.3512576818466187,0,20
26,156.8059608105863,1.6741096079349518,2,4,352.49028737379507,1.7330880810817082,2,28,270.21636650463597,0.11484332159161567,2,48,24.551346601016487,0.9471110446112496,2,76,185.00157302323996,0.15794193744659424,2,84,16.851122664474286,1.2160984501242638,2,100
27,15.659403820761142,1.1162645058198408,2,11,22.497325395723053,1.1112820704778035,2,14,0,0.882434626420339,0,20
28,19.97098302432429,0.7819106231133143,2,12,0,0.7507900968194008,0,20
29,16.023516558041187,0.6661702275276185,2,5,0,1.3043688535690308,0,17,0,1.4350734949111938,0,20
30,16.333330093473993,0.8285583716172439,2,13,0,1.0598381417138236,0,20
31,19.525996586285146,0.559231000561868,2,31
32,19.636934608401297,0.5345429182052612,2,12,0,0.70707848072052,0,17,0,0.9129690726598104,0,20
33,34.58574767007668,0.4228585422039032,2,10,0,0.9177579709461757,0,17,0,1.1444388628005981,0,20
34,40.324935185418134,1.0246333241462708,2,10,324.14522211049996,0.013229507952928543,1,14,431.03887232131774,0.010025984159222356,1,68,48.42858005985794,0.11652001738548279,2,78
35,20.073955654223266,0.5707007863304832,2,11,0,0.658963163693746,0,14,0,0.5072777072588602,0,17,0,0.588893453280131,0,20
36,9.990069556561435,0.841951588789622,2,6,0,0.9835091829299927,0,9,0,0.9200321137905121,0,17,0,1.059384028116862,0,20
37,44.9877002884666,0.2822779362851923,2,11,0,0.7386951446533203,0,14,0,0.6131983598073324,0,17,0,0.7601074775060018,0,20
38,13.580313693064028,0.49182046272537927,2,22
39,15.849576444427525,0.2853432446718216,2,4,0,1.129825934767723,0,12,0,1.044867992401123,0,17,0,1.1291011174519856,0,20
40,13.909197030969308,1.1987266540527344,2,5,0,1.310754805803299,0,17,0,1.4836256901423137,0,20
41,6.7322800489006,0.22739481429258981,2,3,145.5083150296248,0.1470001818318116,2,22,28.89419317028266,0.5709408968687057,2,26,20.07230591498588,0.5317289573805672,2,40,28.272486192128987,0.42428575952847797,2,43,160.61596847333038,0.1748797365210273,2,54,199.06931238244866,0.1846241525241307,2,82,72.27958056876817,0.25872572759787243,2,85,211.7581409306216,0.2357252538204193,2,91,23.28493052991123,0.35627512137095135,2,94
42,39.65345432130125,1.0486089289188385,2,4,0,1.348945901944087,0,17,0,1.5044855276743572,0,20
43,16.21444796475254,0.6524208039045334,2,4,0,1.0660128593444824,0,8,0,1.0406077653169632,0,16,0,1.0717067122459412,0,20
44,7.1993709057775215,1.0100051272999158,2,11,0,0.712683896223704,0,14,0,0.6165968974431356,0,17,0,0.7263572613398234,0,20
45,95.61164245137184,0.19785958155989647,2,16,31.929129667948622,0.9552319844563802,2,25
46,49.69623391382121,0.21582755148410798,2,10,0,0.9341276586055756,0,14,0,0.8205416599909464,0,17,0,1.0177776018778484,0,20
47,15.96416249783766,0.5445785721143087,2,3,25.674132951430238,0.5270482413470745,2,11,0,0.7703182697296143,0,14,0,0.5675896207491556,0,17,0,0.6865598559379578,0,20
48,79.8700631549974,0.2828557789325714,2,8,8.288459029379533,0.8455251455307007,2,12,0,0.8466405719518661,0,20
49,15.846325834673609,0.35438546538352966,2,6,0,1.1125987768173218,0,10,0,1.0878134284700667,0,17,0,1.1230602661768596,0,20
50,21.253480502113064,0.6101107035364424,2,35,74.93264141306167,0.5750299841165543,2,39,254.71442643342291,0.478013563901186,2,55,453.99548463926,0.3942066617310047,2,63
51,20.149985975270205,0.9866541468578837,2,46
52,18.01505951138527,0.8206784054636955,2,16,0,1.0967063903808594,0,20
53,18.147510637832994,0.9651895420891898,2,7,0,1.1351725260416667,0,10,0,1.2052928720201765,0,17,0,1.3430404663085938,0,20
54,15.4644341964105,0.7197984606027603,2,4,0,1.224791141656729,0,17,0,1.269647518793742,0,20
55,12.371691717346783,0.2828711479902267,2,10,67.81879023011403,0.22185788427790007,2,22,81.51429535249866,0.2559916567185829,2,51
56,9.35155037791937,0.7934618691603342,2,12,0,0.8677752465009689,0,20
57,14.041742763595039,0.37240977650103363,2,23
58,9.408262602483315,0.7642103135585785,2,4,0,0.9060501777208768,0,17,0,1.0425411860148113,0,20
59,52.743323441568464,0.3128209939369789,2,13,187.50993396159714,0.2674134174982707,2,16,606.4580342870181,0.21141937375068665,2,19,11.672523604015579,0.29345591813325883,2,29
60,20.729957295300878,1.0647140423456827,2,15,0,0.8980949282646179,0,20
61,19.49169867456016,0.6639713894936347,2,31
62,7.939052617780211,1.4863865673542023,2,4,0,1.0580803889494677,0,17,0,1.1672579050064087,0,20
63,8.938167182503847,0.5058259401056502,2,9,0,1.1447803974151611,0,12,0,1.0916110038757325,0,17,0,1.2781056960423787,0,20
64,8.723999316921105,1.1610074996948243,2,5,0,1.0419988291604179,0,12,0,1.092246150970459,0,17,0,1.1800038417180378,0,20
65,89.755165743256,0.27883430283803207,2,13,0,0.9445890188217163,0,20
66,3.9201579080775177,1.028342644373576,2,3,0,1.3947940402560763,0,12,0,1.4741320371627809,0,17,0,1.3919812838236492,0,20
67,0,0.6856969396273295,0,3,0,0.7537890275319418,0,9,0,0.7509714690121737,0,20
68,14.499661239917033,0.5075597763061523,2,5,0,1.328795313835144,0,8,0,1.3114034467273288,0,17,0,1.300863782564799,0,20
69,11.614018502674877,0.7948154343499078,2,9,44.61849951815294,0.44240299661954247,2,24
70,13.085899318555587,0.9972172498703002,2,5,0,0.8212964137395223,0,8,0,0.8983863459693061,0,17,0,1.087639570236206,0,20
71,10.92884629680985,0.8556766907374064,2,3,0,1.232146978378296,0,6,0,1.3593974312146504,0,12,0,1.3049043655395507,0,17,0,1.2371199131011963,0,20
72,12.375394707855662,0.9220452507336935,2,6,0,1.2613257494839756,0,17,0,1.3631617625554402,0,20
73,0,0.8382377227147421,0,3,0,1.0821990728378297,0,8,0,1.0265796979268391,0,11,0,1.0476834972699482,0,17,0,1.0932195981343586,0,20
74,20.91440256031596,0.60523821413517,2,8,0,1.1044553518295288,0,12,0,1.196504044532776,0,17,0,1.3852208455403645,0,20
75,0,0.9966735243797302,0,3,0,1.231776754061381,0,9,0,1.1460564678365535,0,20
76,0,0.8379998405774435,0,3,0,0.9963292360305787,0,8,0,0.9760967393716177,0,20
77,0,0.7447919845581055,0,3,0,0.8950130701065063,0,8,0,0.8952718079090118,0,20
78,7.169895035862975,0.40262460708618164,2,3,0,1.5066818528705173,0,12,0,1.513592779636383,0,16,0,1.391037493944168,0,20
79,6.540361871109155,0.4826178550720215,2,5,0,1.2241730008806502,0,12,0,1.284001350402832,0,17,0,1.3388845125834148,0,20
80,0,0.6610577503840128,0,3,0,0.6986231207847595,0,10,0,0.7032211482524872,0,20
81,31.18797253088888,0.17672856045620783,2,14,48.71096010111053,0.13366395607590675,2,22,94.09978594805162,0.18214100475112596,2,46
82,36.81082263358366,0.5704840024312338,2,15,0,1.2170995712280273,0,20
83,24.706247977816638,0.7216787185779837,2,43,1.7752213730811985,0.6519503990809122,2,46
84,19.915433167332665,0.4547835570924422,2,17,64.77233680491041,0.44380523761113483,2,20,137.34184555828008,0.3771173440747791,2,38,94.06749396996076,0.3989684482415517,2,41
85,13.660598251017515,0.8156233540287724,2,27
86,0,0.8063134948412577,0,3,0,1.0742274920145671,0,9,0,1.0355542789806018,0,20
87,32.502435403098566,0.3930430618616251,2,13,0,0.9125436118670872,0,20
88,0.3265418315407042,0.9406014482180277,2,3,0,1.3429075181484222,0,11,0,1.309476335843404,0,17,0,1.234136422475179,0,20
89,10.510245795567165,0.6339111626148224,2,6,0,1.4340066693045876,0,17,0,1.609594424565633,0,20
90,15.85664765346172,0.7572968415915966,2,16,0,1.0305786430835724,0,20
91,59.2029459268142,1.3911064465840657,2,3,0,1.4534792619593002,0,20
92,27.728878686035767,0.9488300936562675,2,14,0,0.8457696040471395,0,20
93,34.64619784888979,0.21925601363182068,2,8,48.41818122926861,0.22741116989742627,2,19,0.14181400205813569,0.4552040497461955,2,22,34.66346544967196,0.34373913407325746,2,27,89.20562376121829,0.26766259521245955,2,37,0.08954865562630858,0.6181701819101969,2,40,89.00571951557008,0.26962234795093537,2,65,0.04540655144139042,0.7711457014083862,2,68,90.68627348499845,0.2810499460408182,2,101
94,8.104424154330742,1.103349208831787,2,5,0,1.4977411826451619,0,17,0,1.5259770154953003,0,20
95,12.560969564828472,1.0020512342453003,2,3,0,1.157284528017044,0,11,0,1.2095700701077778,0,17,0,1.1028142770131428,0,20
96,13.067223940781552,0.8738851679695977,2,9,0,0.9149889548619589,0,12,0,0.7266772747039795,0,17,0,0.8489856322606405,0,20
97,24.470223169521347,0.20903168246150017,2,4,0,1.0432750701904296,0,9,0,0.959859624505043,0,17,0,1.0159155527750652,0,20
98,16.507483939391495,1.375649642944336,2,10,0,0.9710234642028809,0,20
99,0.289032156049329,0.9365703264872233,2,3,0,1.2719687819480896,0,11,0,1.1693027019500732,0,17,0,1.0016863743464153,0,20
100,0,0.8269349733988444,0,3,0,1.0218988060951233,0,9,0,1.0312745679508557,0,20
101,34.872161159094546,0.6176911866178318,2,49
102,0.3456180626244226,0.7923080126444498,2,3,0,1.5829722351498074,0,12,0,1.462823748588562,0,17,0,1.4640034437179565,0,20
103,24.396378261182445,1.107939636707306,2,10,0,0.9954652786254883,0,14,0,0.915473461151123,0,17,0,1.1722236076990764,0,20
104,19.26635048853052,0.48422407110532123,2,3,26.949419245958435,0.4878528851729173,2,16,0,1.0476152002811432,0,20
105,0,0.7665801843007406,0,3,0,0.8714743001120431,0,10,0,0.8610916495323181,0,20
106,0,0.7272059321403503,0,3,0,0.8692966302235922,0,9,0,0.8017366907813332,0,20
107,21.794192662019828,1.1125613980823092,2,9,0,0.9622212648391724,0,12,0,0.8393585920333863,0,17,0,1.0246113141377766,0,20
108,26.806096236392676,0.3086006854261671,2,7,0,1.1057137250900269,0,10,0,1.1073867763791765,0,17,0,1.2288401524225872,0,20
109,76.21250303563515,0.16525694355368614,2,4,152.37649210612793,0.01342028104945233,1,42,69.19902042348374,0.21220136185487112,2,57,47.98101213957007,0.2832329918940862,2,84
110,27.94031625225258,0.45166893005371095,2,5,0,1.4112095435460408,0,8,0,1.5447069274054632,0,17,0,1.6267614761988323,0,20
111,0,0.7568814158439636,0,3,0,0.8619812329610189,0,9,0,0.8866648782383312,0,20
112,16.911978411178346,0.8800853192806244,2,8,0,0.9679838418960571,0,11,0,0.9112826188405355,0,17,0,1.0699396133422852,0,20
113,0,0.8860346078872681,0,3,0,1.1916285037994385,0,8,0,1.1125711699326832,0,20
114,0,0.7732822895050049,0,3,0,0.9919044176737467,0,9,0,0.9684843475168402,0,20
115,18.990089061635384,0.4221300855278969,2,12,0,0.8144744992256164,0,17,0,0.990829586982727,0,20
116,0.27931907336784656,0.9806776841481527,2,3,0,1.5431144407817297,0,10,0,1.5148292779922485,0,17,0,1.4557852745056152,0,20
117,41.82256895004194,0.37106487967751245,2,11,32.024776453841596,1.536194133758545,2,21
118,24.82086833546162,0.8680315852165222,2,10,0,0.8692653477191925,0,14,0,0.8270891904830933,0,17,0,1.063833753267924,0,20
119,20.174827826784995,0.3548530155704135,2,21,0.02525643057161103,0.5600907877087593,2,25,27.654407285285963,0.37599657972653705,2,28,0.1850453747004015,0.6483087340990702,2,31,34.334693531903774,0.4419893503189087,2,36,104.21125569903663,0.4960175633430481,2,41,32.092818715714216,1.2398917734622956,2,61
120,31.940861162168492,0.37908651332060495,2,30
121,3.4634621335650047,0.44867317378520966,2,4,0,1.1665694346794715,0,17,0,1.2679640849431355,0,20
122,18.96939684159491,0.1040600061416626,2,5,34.11174991740749,0.05638256389647722,2,21
123,23.91564565235487,0.5449274844593472,2,9,0,1.0301856994628906,0,12,0,0.9783892154693603,0,17,0,1.1343557834625244,0,20
124,0.14779413180066017,0.8732920289039612,2,3,0,1.3666454421149359,0,12,0,1.3363726139068604,0,16,0,1.2491225004196167,0,20
125,32.8064935451685,0.28162707202136517,2,8,92.59047759020775,0.226090669631958,2,11,299.0081323724203,0.39288000928031075,2,20,65.13928273351014,0.7775510748227438,2,23,421.10531344720874,1.2971343738692147,2,37,40.64698241287404,1.3910318911075592,2,49,189.87784024611497,1.8032208919525146,2,54,521.1685635553904,1.8538070917129517,2,85
126,20.051614359076197,1.4977195978164672,2,5,0,1.602009266614914,0,17,0,1.7203001181284587,0,20
127,6.799414385873576,1.1846474011739094,2,3,0,1.4767492214838664,0,12,0,1.4533225774765015,0,17,0,1.342488447825114,0,20
128,0,0.9392137328783671,0,3,0,1.2300624052683513,0,9,0,1.181848868727684,0,17,0,1.292690356572469,0,20
129,24.30171735535785,0.758989950021108,2,3,0,1.5854969705854143,0,10,0,1.632774029459272,0,17,0,1.4571579297383626,0,20
130,50.38787132780575,0.24563214083512624,2,15,0,0.9784700870513916,0,20
131,0,1.0205109516779582,0,3,0,1.2291142702102662,0,8,0,1.103392137421502,0,17,0,1.156428615252177,0,20
132,0,0.806267499923706,0,3,0,1.0021470308303833,0,8,0,0.9190535412894355,0,17,0,0.9417380491892496,0,20
133,0,0.7398197253545126,0,3,0,0.8988795479138693,0,9,0,0.8453986644744873,0,20
134,31.21330343565038,0.6242827773094177,2,4,64.85965493577613,0.6838157258250497,2,26,49.59033444688846,0.6699639827013015,2,46
135,74.30883686095429,0.18483565818695796,2,21
136,30.139155742091752,0.6822102467219034,2,6,0,1.4036249247464267,0,17,0,1.6121009190877278,0,20
137,4.99186658481804,0.39532240231831867,2,3,55.823524634736636,0.4133892584414709,2,24,25.41868480512591,0.6083334353235033,2,33
138,17.059540529235765,0.753914761543274,2,5,0,1.1250655055046082,0,17,0,1.298260490099589,0,20
139,21.745300890038195,0.7819139740683816,2,11,0,0.8081678152084351,0,14,0,0.6885559360186259,0,17,0,0.8119556903839111,0,20
140,0,0.944316029548645,0,3,0,1.1438185453414917,0,8,0,1.0528889695803325,0,20
141,17.21206782689581,0.9281313419342041,2,5,0,1.2349936763445537,0,17,0,1.440793553988139,0,20
142,0.34257271237931736,0.6316754519939423,2,3,0,1.0887082133974348,0,17,0,1.0325453678766887,0,20
143,0.0570086876123892,0.9741366306940714,2,3,0,1.362595756848653,0,12,0,1.409517192840576,0,17,0,1.3333412011464436,0,20
144,17.90274862240803,0.46352150042851764,2,6,0,0.9529968716881492,0,17,0,1.0544039408365886,0,20
145,12.969398398752809,0.7905320048332214,2,10,0,0.9274950708661761,0,17,0,1.140613595644633,0,20
146,59.41535135043518,0.563758100782122,2,7,38.9402939483938,0.6214546859264374,2,13,8.254484043510782,0.6802817732095718,2,17,2.6097688034019266,0.7895843982696533,2,20
147,0,1.0597141186396282,0,3,0,1.1709553684507097,0,10,0,0.975454580783844,0,20
148,10.261296718016236,1.3360010981559753,2,6,0,1.158593026074496,0,17,0,1.189129114151001,0,20
149,10.903388663137976,0.6098496786185673,2,14,0,0.8054163654645284,0,20
150,12.570465901135213,0.991905665397644,2,15,0,1.070683193206787,0,20
151,0,1.0085690021514893,0,3,0,1.2535983085632325,0,8,0,1.1891513003243341,0,17,0,1.2196070353190105,0,20
152,0.02558094041605228,0.8360795180002848,2,3,0,1.1620624275768505,0,20
153,16.56399409011581,0.758391926685969,2,6,0,1.2336242524060337,0,17,0,1.3884351253509521,0,20
154,24.25608881777218,0.5501495320349932,2,16,0,0.9932646155357361,0,20
155,10.48965357026958,0.5762573546833463,2,9,4.390337398364655,0.6627058386802673,2,12,0,0.8543225899338722,0,20
156,10.970622007660833,0.8337480545043945,2,10,0,0.9938604320798602,0,17,0,1.257536252339681,0,20
157,0,0.8099654118220011,0,3,0,1.05227796236674,0,9,0,0.9591012759642168,0,20
158,0.8302119423584726,0.7215220630168915,2,4,10.140756523787307,0.9530317783355713,2,7,0,0.7716127236684164,0,10,0,0.8940954208374023,0,17,0,1.0540221134821575,0,20
159,15.556168457958071,0.6162164409955343,2,3,0,1.2852163314819336,0,6,0,1.4748307704925536,0,11,0,1.4105274478594463,0,17,0,1.353520115216573,0,20
160,25.903289145835256,0.3960014184315999,2,3,0,1.429074500288282,0,17,0,1.3487759431203206,0,20
161,0,0.7500238021214803,0,3,0,0.9124240080515543,0,9,0,0.858468006957661,0,20
162,59.48904517518788,0.35936498641967773,2,5,111.11167072417632,0.18743324394409472,2,18,38.5458994721531,0.7500899689538139,2,32,27.464893770496865,0.5669626792271932,2,35
163,0.24393135560529186,0.6680767238140106,2,3,0,1.1941796690225601,0,11,0,1.2604124744733174,0,17,0,1.18657390276591,0,20
164,22.259984845500192,0.5329697728157043,2,7,0,1.2577394366264343,0,17,0,1.4720180034637451,0,20
165,25.994900567885953,0.43934814419065205,2,7,0,1.2556418577829997,0,10,0,1.3314018079212733,0,17,0,1.4571924606959026,0,20
166,14.042890096532231,1.235879639784495,2,12,0,0.9072141945362091,0,20
167,25.27084934811724,0.525601465255022,2,16,0,1.2091419398784637,0,20
168,17.804238865083185,0.7633131206035614,2,10,0,0.904414245060512,0,17,0,1.1703272263209026,0,20
169,0.14753151218524124,0.8558473189671835,2,3,0,1.2984005610148113,0,12,0,1.3233413219451904,0,17,0,1.2148203055063884,0,20
170,0.19214152429297757,0.8641322652498881,2,3,0,1.477156188752916,0,12,0,1.4592475652694703,0,17,0,1.3568343718846638,0,20
171,16.865596149059776,0.9772666692733765,2,4,0,1.3540473717909594,0,17,0,1.4903875986735027,0,20
172,23.45609189979443,0.47134901718659833,2,22
173,11.94433191972563,1.146997645497322,2,8,0,1.002229928970337,0,11,0,0.9166614810625712,0,17,0,1.029236634572347,0,20
174,24.84808578611747,0.20015114471316336,2,20
175,39.15838500039138,0.5610147193074226,2,8,0,1.0161676704883575,0,12,0,1.053419303894043,0,17,0,1.2869588534037273,0,20
176,20.327455763160597,0.9170445561408996,2,40
177,0,0.8914893865585327,0,3,0,1.182726550102234,0,8,0,1.0475026766459148,0,11,0,1.0792835553487141,0,17,0,1.2105527718861897,0,20
178,11.319413318759263,1.248363047838211,2,4,0,1.0883207137768085,0,17,0,1.2232203086217244,0,20
179,14.809935765752213,0.825678597797047,2,11,0,0.8425827821095785,0,17,0,1.0626434485117595,0,20
180,29.50212017775411,0.7715457786213268,2,11,0,0.9146563609441122,0,14,0,0.7877562840779623,0,17,0,1.009517749150594,0,20
181,22.694295150307315,0.5721071163813273,2,3,0,1.009080211321513,0,6,0,1.1515340010325115,0,12,0,1.2313343048095704,0,17,0,1.1966912349065144,0,20
182,0,0.8596722682317098,0,3,0,1.0953700343767803,0,9,0,1.118381306529045,0,17,0,1.1617060502370198,0,20
183,0.10847978424043625,0.814696729183197,2,3,0,1.2376694546805487,0,12,0,1.2746792078018188,0,17,0,1.1801611185073853,0,20
184,20.34334325474553,0.37721283899413216,2,9,0,1.25423264503479,0,12,0,1.1667439341545105,0,16,0,1.4051948189735413,0,20
185,11.373507922042503,1.2487043539683025,2,3,0,1.230757514635722,0,6,0,1.3539898594220479,0,12,0,1.3327390432357789,0,17,0,1.2642048994700115,0,20
186,34.2339058339515,0.9411546389261881,2,3,0,1.4276018653597151,0,17,0,1.4701863924662273,0,20
187,0,0.7695084810256958,0,3,0,0.8950145414897374,0,10,0,0.9056352257728577,0,20
188,0.0818747435865591,0.8481104373931885,2,3,0,1.2767097155253093,0,12,0,1.3393345773220062,0,16,0,1.276854395866394,0,20
189,14.508574679565983,0.7578677932421366,2,3,0,1.3018339077631633,0,6,0,1.3611225145203727,0,20
190,24.94931066387185,0.5257106614964349,2,28
191,0.10982502978203491,0.6458819011847178,2,3,0,0.9634901020261977,0,12,0,1.0652491807937623,0,17,0,0.951620618502299,0,20
192,0.21432332077709673,0.8168168663978577,2,3,0,1.4598244296179876,0,12,0,1.4681127071380615,0,17,0,1.427281101544698,0,20
193,15.077867703158745,0.9884854853153229,2,4,0,1.3586161411725557,0,17,0,1.5750778118769329,0,20
194,0.28907574141027054,0.9909851551055908,2,3,0,1.2024621218442917,0,11,0,1.1941789984703064,0,17,0,1.1986970504124959,0,20
195,31.943115986168582,0.7523011375557292,2,22
196,12.697654342151589,0.8207039662769863,2,14,0,0.9862675865491232,0,20
197,10.492640949523524,0.9029981791973114,2,4,0,1.0587741870146532,0,17,0,1.1534630457560222,0,20
198,0,0.9644625981648763,0,3,0,1.2732361952463787,0,9,0,1.225797414779663,0,17,0,1.3382597366968791,0,20
199,0,0.7544252872467041,0,3,0,0.8213475346565247,0,9,0,0.7820599783550609,0,20
200,26.971000498635682,0.7607957720756531,2,4,0,1.495709547629723,0,17,0,1.6505608558654785,0,20
201,0,0.9334225257237753,0,3,0,1.1662275075912476,0,8,0,1.1388868689537048,0,20
202,7.320017606549728,0.5200533370176951,2,9,0,1.0304287672042847,0,12,0,0.8165774464607238,0,17,0,0.9697873195012411,0,20
203,24.873172549977834,1.1561813214245964,2,17,2.284800740631724,0.9702893098195394,2,20
204,15.770369998615283,0.3738415042559306,2,6,0,1.1399807035923004,0,10,0,1.2033781664712089,0,17,0,1.289344350496928,0,20
205,16.59607573103637,0.6333255171775818,2,8,0,1.157878253195021,0,17,0,1.3740219275156658,0,20
206,19.681156890738283,1.0727039084715002,2,17,2.7831754511216285,0.9840685923894247,2,20
207,19.00007986216941,0.23185870548089346,2,12,0,0.7672816157341004,0,17,0,0.9086930354436239,0,20
208,8.509119532441137,0.3136411964893341,2,5,0,1.2937811215718586,0,8,0,1.3548335896597967,0,17,0,1.428555170694987,0,20
209,33.592208767695595,0.47520243444226007,2,22
210,24.733850513793158,0.6992192367712656,2,6,0,1.1637866497039795,0,9,0,1.218036711215973,0,17,0,1.332730491956075,0,20
211,8.488840040877351,0.7272084355354309,2,5,0,0.7708500822385153,0,17,0,0.9414968887964884,0,20
212,6.442861531627833,1.0401654243469238,2,4,0,1.0477919727563858,0,12,0,1.0199430227279662,0,17,0,1.0878832340240479,0,20
213,34.779885828888396,0.7488035062948862,2,6,0,1.407531575723128,0,17,0,1.5426124334335327,0,20
214,22.779612363612767,1.0908452272415161,2,15,0,0.7170237302780151,0,20
215,8.499802183847873,1.2208561301231384,2,4,0,1.4097949266433716,0,12,0,1.3645772457122802,0,17,0,1.2748682101567586,0,20
216,55.70142332213798,0.3533576115965843,2,20
217,12.927117423045836,0.4843786060810089,2,6,0,1.1382611592610676,0,9,0,1.1137326806783676,0,17,0,1.173486630121867,0,20
218,13.286810708579257,0.16887046532197433,2,11,0,0.768570343653361,0,14,0,0.5184494058291117,0,17,0,0.6553173065185547,0,20
219,4.769585790984364,0.7775396903355917,2,3,0,1.2661691506703694,0,12,0,1.3415180444717407,0,17,0,1.2498304843902588,0,20
220,0,0.8887009223302206,0,3,0,1.1017850160598754,0,8,0,0.946729302406311,0,17,0,0.9155186812082926,0,20
221,0,1.2787036895751953,0,3,0,1.5205503463745118,0,8,0,1.3834316035111744,0,20
222,0,0.810421903928121,0,3,0,0.9699473182360331,0,9,0,0.9976943514563821,0,20
223,0,0.9954710006713867,0,3,0,1.2049206733703612,0,8,0,1.0656941930452983,0,20
224,0,0.8655420144399008,0,3,0,1.141655683517456,0,9,0,1.1140598167072644,0,20
225,0,0.7158988316853842,0,3,0,0.8813912272453308,0,9,0,0.8432188142429698,0,20
226,0,0.8836650848388672,0,3,0,1.0700077613194783,0,9,0,0.9153357893228531,0,17,0,0.8575292825698853,0,20
227,0,0.7736919720967611,0,3,0,0.9085556949887957,0,10,0,0.9125331997871399,0,20
228,0,0.9497870802879333,0,3,0,1.2225725054740906,0,9,0,1.2222860753536224,0,17,0,1.2710842688878377,0,20
229,0,0.8514886498451233,0,3,0,1.1197347243626912,0,9,0,1.0319974314082752,0,20
230,0,0.9956461985905966,0,3,0,1.2216501235961914,0,9,0,1.1255869269371033,0,17,0,1.1587155659993489,0,20
231,0,0.9810388882954916,0,3,0,1.1934729099273682,0,8,0,1.1157990594704945,0,20
232,0,0.733400305112203,0,3,0,0.8042141880307879,0,10,0,0.8410334050655365,0,20
233,0,0.7763723134994507,0,3,0,0.9430940747261047,0,9,0,0.9522762190211903,0,20
234,0,0.754358172416687,0,3,0,0.8390947665487017,0,10,0,0.8634244561195373,0,20
235,11.295606630706935,0.9405921300252279,2,9,0,0.992029865582784,0,12,0,0.8857113599777222,0,17,0,1.0390530427296956,0,20
236,66.89653306033618,0.21270079834338945,2,39
237,12.21472751847794,0.8464566767215729,2,4,0,1.2068071090258086,0,17,0,1.369947115580241,0,20
238,29.900704716575458,0.24977183673116896,2,9,150.91001608416508,0.5438036949470125,2,38,21.76310568039374,0.8056949138641357,2,43,0.07780740547260864,1.045713980992635,2,46,78.5081433061928,0.7208811442057291,2,49,146.80239295972325,0.6348424770615317,2,60,63.702577577964455,0.945352766248915,2,69,22.45586576116475,0.6568745374679565,2,73,4.71119530254523,0.6404275894165039,2,76
239,15.314567195911794,0.5927632195608956,2,7,0,0.8219532569249471,0,10,0,0.7135064800580343,0,13,0,0.5296686440706253,0,17,0,0.6513825555642446,0,20
240,15.513406657270702,0.5622695088386536,2,8,0,0.9518895546595255,0,11,0,0.8358657836914063,0,16,0,0.9359956383705139,0,20
241,0.06794754728961538,0.7005733648935953,2,3,0,1.1457430124282837,0,12,0,1.1848756074905396,0,20
242,25.46458010371386,0.6803984443346659,2,15,0,1.1408945083618165,0,20
243,0,0.8267979621887207,0,3,0,1.0497303485870362,0,8,0,1.1095680097738903,0,20
244,16.773861993649977,0.4349609131996448,2,26
245,11.075694931060355,1.1408578634262085,2,10,0,0.9011605381965637,0,14,0,0.7677487333615621,0,17,0,0.9091500043869019,0,20
246,0.18268326401533577,0.9497618277867635,2,3,0,1.4574251704745822,0,12,0,1.444455099105835,0,17,0,1.3483802874883015,0,20
247,20.655266998437536,0.889268496632576,2,20,42.16471784619251,0.43649275257037234,2,33,91.1690475560934,0.2834350879896771,2,55
248,16.03380183598976,0.49877365277363706,2,13,0,0.803251964705331,0,20
249,0.2457231459374311,0.9737356305122375,2,3,0,1.655893087387085,0,12,0,1.6180436611175537,0,17,0,1.5249615907669067,0,20
250,0.28488907403320485,1.0065244436264038,2,3,0,1.4184377988179524,0,6,0,1.4275135777213357,0,17,0,1.3436936537424724,0,20
251,31.507860497822723,1.0359530184004042,2,9,0,1.1078156630198162,0,12,0,1.0912442445755004,0,17,0,1.2813052733739216,0,20
252,24.29536301730279,0.9364943687732403,2,13,285.9761339643367,0.2585771163304647,2,28
253,30.816905171135517,0.18028660615285239,2,6,109.15030210446979,0.19324501355489096,2,9,183.27785856785206,0.13970322410265604,2,12,0,0.8935767114162445,0,16,0,0.9500908553600311,0,20
254,0.055841990229107984,0.997011661529541,2,3,0,1.2135385274887085,0,20
255,30.145507227602085,0.1858218153938651,2,16,0,1.2310718894004822,0,20
256,16.63550948818063,0.9327469319105148,2,8,0,0.7248411973317465,0,17,0,0.8131032983462015,0,20
257,19.065628285866836,0.7191938519477844,2,5,192.8882800706581,0.30226752161979675,2,12,20.513488127754712,0.6009435653686523,2,15,0,1.002445650100708,0,20
258,0.07729001879847242,0.8031329909960429,2,3,0,1.1188351445727878,0,12,0,1.0774194151163101,0,20
259,0.27784093851971214,0.8606744607289633,2,3,0,1.4674811214208603,0,11,0,1.4658005634943645,0,17,0,1.3525911172231038,0,20
260,0.27942528172948267,0.7640554507573446,2,3,0,1.3543191883299086,0,12,0,1.3318049907684326,0,16,0,1.2389951050281525,0,20
261,0,0.834618091583252,0,3,0,1.0763061046600342,0,9,0,0.9591462720524181,0,20
262,28.7976533160874,1.0389434532685713,2,11,0,1.2085655530293782,0,20
263,0,0.782998283704122,0,3,0,1.017225205898285,0,9,0,1.005713852969083,0,20
264,0.34818367633043584,0.5971012115478516,2,3,0,1.3035814551746143,0,20
265,10.708753666162966,0.9071229355675834,2,7,0,1.0526748100916545,0,10,0,1.1260633638926916,0,17,0,1.243305762608846,0,20
266,0,0.8690616289774576,0,3,0,1.1638440132141112,0,8,0,1.0373410681883495,0,20
267,0,0.7671507596969604,0,3,0,0.9863454103469849,0,9,0,0.9314704808321866,0,20
268,0.07394010336486945,0.8577282031377157,2,3,0,1.3872482379277546,0,12,0,1.3188458204269409,0,17,0,1.2643124262491863,0,20
269,5.0096996267318445,0.41015122334162396,2,6,0,1.119694173336029,0,12,0,1.1031713962554932,0,17,0,1.1866514285405476,0,20
270,9.812082737723848,1.0452191591262818,2,5,0,0.9882288078467051,0,17,0,1.2159156401952107,0,20
271,0,0.7317918141682943,0,3,0,0.8312219040734428,0,10,0,0.8227545022964478,0,20
272,30.478132396545426,0.32409175568156773,2,9,0,0.7527771393458048,0,12,0,0.5772915959358216,0,17,0,0.7244578997294108,0,20
273,0.1165131217054249,0.6791748901208242,2,3,0,1.2441657304763794,0,8,0,1.0961529612541199,0,12,0,1.0895309686660766,0,17,0,0.995826244354248,0,20
274,0,0.8586097757021586,0,3,0,1.114598274230957,0,9,0,1.0559768893501975,0,20
275,53.50208092905235,0.24682598747313023,2,16,0,1.185614436864853,0,20
276,0,0.824205756187439,0,3,0,1.0876726706822712,0,9,0,1.035695108500394,0,20
277,0,0.7924388448397318,0,3,0,0.9089037775993347,0,9,0,0.8468715494329279,0,20
278,18.094938134163318,0.5554939551012856,2,14,12.381167414643174,0.4893381595611572,2,17,2.9631577959394986,0.4033188323179881,2,20,46.08390651786932,0.5742767793791634,2,27
279,24.18406990995831,0.7191627972266253,2,17,0,1.3458961248397827,0,20
280,25.517774076742818,1.268053929011027,2,3,0,1.556802789370219,0,6,0,1.5343563357988994,0,12,0,1.5117833614349365,0,17,0,1.5620591640472412,0,20
281,6.938781344373461,0.24348351061344148,2,10,0,1.0853101909160614,0,14,0,0.8854777018229166,0,17,0,1.1281604369481404,0,20
282,23.898761059942437,0.8000085592269898,2,5,0,1.1640690366427104,0,17,0,1.420539100964864,0,20
283,32.211089932303054,0.8720529079437256,2,3,0,1.200387676556905,0,6,0,1.3932693763212725,0,17,0,1.4296328226725261,0,20
284,9.412852770355274,1.0130058129628499,2,3,0,1.1340094010035198,0,6,0,1.2863086353648792,0,17,0,1.2350502808888753,0,20
285,47.47719955510131,0.6616701971400868,2,11,113.2097860869131,0.6240750700235367,2,23
286,12.164838649557836,0.2970974991718928,2,3,0,1.5051074869492476,0,20
287,12.29861603964475,0.4214480459690094,2,5,0,1.0213382244110107,0,16,0,1.160800188779831,0,20
288,15.01754141810983,0.5905320729528155,2,7,0,1.267122705777486,0,10,0,1.2626676729747228,0,17,0,1.3512065013249714,0,20
289,28.385117578609925,0.9230996966362,2,4,0,1.2954376202363234,0,17,0,1.3985170125961304,0,20
290,28.46250009436193,0.3156832754611969,2,4,60.95238865892622,0.18066351163771846,2,35
291,18.56535516875798,1.0465874671936035,2,3,0,1.3699132204055786,0,6,0,1.5452904484488748,0,17,0,1.5337975025177002,0,20
292,18.659466576231825,0.9590340614318847,2,5,0,1.0136087636152904,0,17,0,1.2680929104487102,0,20
293,6.055243502109197,0.3601722717285156,2,5,0,1.27213853597641,0,17,0,1.3444868326187134,0,20
294,23.406934103678626,0.48748118430376053,2,4,0,1.1000669736128588,0,17,0,1.200449546178182,0,20
295,28.4738156002419,0.5292693859822041,2,37
296,0,0.8734730084737142,0,3,0,1.1599944432576497,0,9,0,1.119323188608343,0,20
297,17.63031277818264,1.3171530365943909,2,4,0,1.2733494960344756,0,17,0,1.2943482398986816,0,20
298,11.528910425181094,0.6161999583244324,2,15,0,1.06030113697052,0,20
299,20.818647758244136,0.7533445821868049,2,9,0,0.8850545883178711,0,12,0,0.8600293397903442,0,17,0,1.05389670530955,0,20
300,35.75943845367885,0.5944573368344989,2,28
301,7.729059868554645,1.3415770769119262,2,5,0,1.2754592214311873,0,12,0,1.3331546545028687,0,17,0,1.4506685336430867,0,20
302,0,0.8965622186660767,0,3,0,1.2178108930587768,0,8,0,1.1094741622606914,0,20
303,17.6824243035011,0.9722032696008682,2,16,0,1.061092883348465,0,20
304,0,0.9172294537226359,0,3,0,1.1888191461563111,0,8,0,1.125913487540351,0,17,0,1.2298312187194824,0,20
305,0,0.8908193906148275,0,3,0,1.1909953832626343,0,8,0,1.0103514393170674,0,20
306,29.30510219097872,0.337900447845459,2,5,0,0.8979676365852356,0,17,0,1.1082310279210408,0,20
307,17.842835560499893,0.27948926921401707,2,14,0,1.2025644580523174,0,20
308,0,0.6812159617741903,0,3,0,0.7263192960194179,0,10,0,0.722945773601532,0,20
309,9.672460232086783,0.36025195320447284,2,3,0,1.0565333233939276,0,12,0,1.133179211616516,0,17,0,1.0594522953033447,0,20
310,17.390394622477384,1.1996792554855347,2,3,0,1.4550429582595825,0,6,0,1.4074706435203552,0,12,0,1.397137951850891,0,17,0,1.4066292842229207,0,20
311,0,0.9434796571731567,0,3,0,1.1301177263259887,0,8,0,1.0253306527932484,0,20
312,0,0.7294598817825317,0,3,0,0.7822278141975403,0,10,0,0.82460657954216,0,20
313,0,1.0128475824991863,0,3,0,1.1998492081960042,0,9,0,1.0767849385738373,0,17,0,1.114626169204712,0,20
314,0,0.7974898815155029,0,3,0,1.0539109706878662,0,9,0,1.0244066390124233,0,20
315,0,0.651337742805481,0,3,0,0.6587327803884234,0,10,0,0.6742234885692596,0,20
316,0,0.6583864688873291,0,3,0,0.6817525454929897,0,10,0,0.6971316754817962,0,20
317,34.11390237811086,1.0593671053647995,2,8,0,1.1421008904774983,0,17,0,1.3506297667821248,0,20
318,21.2988688086821,0.9781921420778547,2,7,0,1.1153840184211732,0,17,0,1.3330796559651692,0,20
319,28.56754995665052,0.4840843847819737,2,7,0,0.9276044368743896,0,10,0,0.9097130639212472,0,17,0,1.0452662309010823,0,20
320,80.65075623806625,0.29764029383659363,2,13,25.200067182053157,0.5424221605062485,2,31
321,13.334909293725834,0.4854320486386617,2,3,36.845732162272,0.43120389461517333,2,28
322,0.3278349411129271,1.0666474103927612,2,3,0,1.3770666271448135,0,11,0,1.3556500673294067,0,17,0,1.2328531742095947,0,20
323,0.4047222412599483,1.1384005546569824,2,3,0,1.484493919781276,0,10,0,1.4463311263493128,0,17,0,1.4287562767664592,0,20
324,35.75091245552681,0.6628258854150773,2,20
325,0.1865088743798923,0.748791495958964,2,3,0,1.2921207462038313,0,10,0,1.2427830457687379,0,20
326,25.605665231553335,0.28624651829401654,2,6,0,1.26329106092453,0,10,0,1.3478609493800573,0,17,0,1.4470984141031902,0,20
327,94.74080806051612,0.10568263232707978,2,10,0,0.808232206106186,0,20
328,34.316349533525944,0.36774980028470355,2,3,0,0.9925999641418457,0,6,0,0.9890583753585815,0,17,0,1.0080938339233398,0,20
329,31.318793960715382,0.7956387721575223,2,26
330,36.19328832563044,0.7412053346633911,2,3,0,1.370582938194275,0,17,0,1.3881031274795532,0,20
331,23.23260758225732,0.90288245677948,2,4,0,1.4359810501337051,0,12,0,1.403283381462097,0,17,0,1.446794072786967,0,20
332,28.070509388021947,0.37172249853610995,2,20
333,8.49282225730496,0.9264159599939982,2,3,0,1.292779803276062,0,12,0,1.2002916097640992,0,17,0,1.2082482973734539,0,20
334,10.729271445321594,0.7222641468048095,2,5,0,1.2097381452719371,0,17,0,1.3753130038579304,0,20
335,33.74305651594032,0.5295710441741076,2,22,44.08225212581795,0.6938594952225685,2,30
336,11.696593176722866,0.4843572527170181,2,4,0,1.131010468189533,0,17,0,1.298145095507304,0,20
337,20.732380071978266,0.7347337466019851,2,13,0,0.7760830777032035,0,20
338,33.17460467130213,0.604375422000885,2,3,0,0.9961153666178385,0,6,0,1.02303607897325,0,17,0,1.076242168744405,0,20
339,15.8789114844239,0.6615874821489508,2,11,23.87045761219592,0.6110177636146545,2,14,0,0.7219793150822321,0,20
340,35.99322900727418,0.8612663348515829,2,3,0,1.5176004966100056,0,6,0,1.5440819263458252,0,12,0,1.4837381839752197,0,17,0,1.4337973197301228,0,20
341,23.52681043061543,0.4757022798061371,2,10,0,0.986135721206665,0,14,0,0.9356508255004883,0,17,0,1.2102993329366047,0,20
342,0.40407779166029056,1.0706993341445923,2,3,0,1.4629153864724296,0,10,0,1.4410242864063807,0,17,0,1.358906586964925,0,20
343,0.17611777787996635,0.8446823755900065,2,3,0,1.3833894067340426,0,12,0,1.41013503074646,0,17,0,1.3774423996607463,0,20
344,20.978264257388908,0.5346071936867454,2,11,0,0.6788188020388285,0,14,0,0.5976075927416483,0,17,0,0.7347423434257507,0,20
345,0,0.7881809671719869,0,3,0,0.9017435993467059,0,10,0,0.9126261115074158,0,20
346,0.3690042968027616,1.112015724182129,2,3,0,1.4238442927598953,0,11,0,1.400633196036021,0,17,0,1.379458983739217,0,20
347,0.09769752504053233,0.6299854318300883,2,3,0,1.2690420389175414,0,8,0,1.1488836407661438,0,12,0,1.1637423038482666,0,17,0,1.0298140446345012,0,20
348,2.4784278721362565,0.6340151230494181,2,3,0.02226039021286168,0.30317542552947996,2,8,13.184283704628887,0.7029983401298523,2,12,0,0.9622015804052353,0,20
349,68.0674888834157,0.2992626978084445,2,16,0.05606364198826171,0.649402936299642,2,19,90.69273657032667,0.20888667967584398,2,37,51.532780766531346,0.3729332784811656,2,40,3.9774911864773492,0.7374342381954193,2,44
350,0,0.8559618393580118,0,3,0,1.0618589917818706,0,9,0,1.0737357464703647,0,20
351,14.960204710766927,0.7821196715037028,2,3,0,1.5127410590648651,0,11,0,1.6085195740063984,0,17,0,1.533789078394572,0,20
352,0.3300599839456997,0.7175075709819794,2,3,0,1.6127491262223985,0,12,0,1.6170798540115356,0,17,0,1.5428786675135295,0,20
353,40.089870673244356,0.5019412040710449,2,3,0,1.1366486152013142,0,6,0,1.2046703497568767,0,12,0,1.1720494031906128,0,16,0,1.1213998198509216,0,20
354,120.33004027491144,0.08422251837328076,2,32
355,13.674117434661266,0.7014256566762924,2,4,0,1.2389204502105713,0,17,0,1.3514351050059001,0,20
356,26.598022633656374,0.3457534611225128,2,3,0,1.4769346184200711,0,12,0,1.3694711446762085,0,17,0,1.4550751845041912,0,20
357,0,0.7264294624328613,0,3,0,0.9056136608123779,0,9,0,0.8740908666090532,0,20
358,0,0.8749409119288126,0,3,0,1.1235018253326416,0,8,0,1.0292352835337322,0,11,0,1.07432887951533,0,17,0,1.1800473133722942,0,20
359,0,0.7431384325027466,0,3,0,0.8161226851599557,0,10,0,0.8584065616130829,0,20
360,12.030379398997974,0.8693325916926066,2,9,0,0.6886722644170126,0,12,0,0.5346664985020956,0,15,0,0.639384925365448,0,20
361,10.261832794883958,0.3179825757231031,2,7,0,0.9497561693191529,0,12,0,0.913762092590332,0,17,0,1.0842869679133098,0,20
362,31.00361781887259,0.8828236791822646,2,9,0,0.9947137435277303,0,12,0,0.9276905298233032,0,17,0,1.0634036461512248,0,20
363,32.50223157998687,0.7408169309298197,2,3,0,1.2236064672470093,0,6,0,1.2974503835042317,0,12,0,1.2557477235794068,0,17,0,1.1804102261861165,0,20
364,20.89825207873643,0.6383490487933159,2,8,0,1.1018634504742093,0,17,0,1.2639586130777996,0,20
365,0.03401549412893836,0.8216315905253092,2,3,0,1.2722666263580322,0,20
366,0,0.7689558068911234,0,3,0,0.9797005454699198,0,9,0,0.9910184036601674,0,20
367,0.28519525747313945,0.7868473331133524,2,3,0,1.3641589085261028,0,12,0,1.3388695001602173,0,17,0,1.2147107521692913,0,20
368,21.463297766829996,1.10699858268102,2,6,0,1.1675331809303977,0,17,0,1.282783309618632,0,20
369,17.436037980439387,0.510413924853007,2,3,0,1.0884395175509982,0,12,0,1.0495290994644164,0,17,0,1.0660572449366252,0,20
370,0,0.7844091256459554,0,3,0,0.9071600607463292,0,10,0,0.9031009554862977,0,20
371,0.08446327730234324,0.9948888619740804,2,3,0,1.3246129486295912,0,12,0,1.3427272140979767,0,16,0,1.2813916504383087,0,20
372,29.813480504116836,1.3548085689544678,2,4,0,1.216226265980647,0,17,0,1.3959605693817139,0,20
373,12.177700280199018,1.1664953708648682,2,5,0,1.4406157235304515,0,17,0,1.6312492688496907,0,20
374,0.15678432672805168,0.6965257823467255,2,3,0,1.3077471887364107,0,20
375,0,0.9143023391564687,0,3,0,1.2404022216796875,0,8,0,1.0752161343892415,0,20
376,16.550732146192843,0.5504834890365601,2,5,0,0.8637511730194092,0,8,0,0.9010601705975003,0,17,0,0.9961208899815878,0,20
377,28.236712237383635,0.3855745196342468,2,6,43.699973538354335,0.329285591840744,2,10,239.051198187354,0.06415206832545144,2,17,325.3591307238404,0.04491487320731668,2,51,13.444346838949285,1.2964812252256606,2,60,21.20611132606794,1.2626243829727173,2,63
378,23.8342111394984,0.5584768056869507,2,4,0,1.3398082439716046,0,17,0,1.397871692975362,0,20
379,15.693624801321398,0.7964958101511002,2,8,0,1.2079478767183092,0,17,0,1.333296775817871,0,20
380,23.83266967369702,0.3637412451207638,2,8,46.04578038558372,0.27064780969368785,2,27,113.7908595527348,0.12360208133856455,2,42,185.09445572969477,0.11427738890051842,2,46,320.8688934267236,0.1269998401403427,2,65
381,0,0.7757025559743246,0,3,0,0.9002039091927665,0,10,0,0.9011107206344604,0,20
382,10.741509895949468,0.4387285590171814,2,5,0,0.6977463662624359,0,17,0,0.8495656649271647,0,20
383,19.511098122027786,0.6342892274260521,2,8,0,1.0486811531914606,0,17,0,1.221941391626994,0,20
384,0,0.6546257535616556,0,3,0,0.6837214330832163,0,9,0,0.6667397780851885,0,20
385,0.14083052557883793,1.003769318262736,2,3,0,1.4912588085447038,0,17,0,1.4494047959645588,0,20
386,0.05746212409694898,0.0384149044752121,2,10,50.889298746144526,0.1403197624853679,2,31
387,24.79843398807934,0.8663622912238625,2,17,1.8445371199814506,0.8127566973368326,2,20
388,22.09516707361697,0.7762105862299601,2,3,0,1.3698556025822957,0,6,0,1.5001658526333896,0,17,0,1.4007095098495483,0,20
389,15.245037814438998,1.1771412193775177,2,4,0,1.1138282120227814,0,12,0,1.276037073135376,0,17,0,1.312307357788086,0,20
390,22.904729895366884,0.704588770866394,2,5,0,1.273271421591441,0,17,0,1.4434078137079875,0,20
391,0.3303668914116442,0.9039766391118368,2,3,0,1.4811274607976277,0,6,0,1.4768226146697998,0,17,0,1.4206475416819255,0,20
392,8.984616320740459,0.8921945889790853,2,3,0,1.2792999082141452,0,12,0,1.288457202911377,0,17,0,1.2414942979812622,0,20
393,0.04370159691692132,0.8748099406560262,2,3,0,1.2594594955444336,0,20
394,19.578765096342877,0.28221836586793264,2,15,0,0.830513870716095,0,20
395,0,0.7554107904434204,0,3,0,0.8610487937927246,0,8,0,0.8261686166127523,0,20
396,0,0.9692371090253195,0,3,0,1.2181721687316895,0,8,0,1.1846138768725925,0,17,0,1.2454050381978352,0,20
397,22.364460384537104,0.3459720421921123,2,22
398,5.840812882372442,0.8649662494659424,2,5,0,1.1630336046218872,0,12,0,1.057556676864624,0,17,0,1.0989063580830891,0,20
399,18.462395156302044,0.2390526793897152,2,4,0,1.1583743278796856,0,17,0,1.2609556118647258,0,20
400,26.27595775049953,1.4472520649433136,2,4,0,1.3695958256721497,0,12,0,1.4291190147399901,0,17,0,1.516530950864156,0,20
401,0.30797045804167283,0.8234544595082601,2,3,0,1.5614140563540988,0,12,0,1.5451684951782227,0,17,0,1.4552236398061116,0,20
402,0,0.7751638889312744,0,3,0,0.9189233779907227,0,9,0,0.8992917239665985,0,17,0,1.0055612325668335,0,20
403,0,0.9848226308822632,0,3,0,1.2491695642471314,0,8,0,1.2035811046759288,0,20
404,30.014946182907913,1.177223026752472,2,4,0,1.3028037548065186,0,12,0,1.2813873052597047,0,17,0,1.2557576100031536,0,20
405,0.15988616676025585,0.8467320601145426,2,3,0,1.3845324516296387,0,10,0,1.3391367878232683,0,17,0,1.3742146094640095,0,20
406,31.72905916233192,0.7858981490135193,2,6,0,1.0844239863482388,0,17,0,1.192765434583028,0,20
407,25.972765201056742,0.34854239970445633,2,20
408,34.51363399715649,0.47652991612752277,2,3,0,1.4424246284696791,0,12,0,1.3447189569473266,0,17,0,1.341254711151123,0,20
409,11.97268922077911,1.386576533317566,2,5,0.025095247640025804,0.5380693326393763,2,11,11.529313808820412,0.8903651535511017,2,15,0.03915806657539418,0.5113698542118073,2,19,11.949852626364429,0.7044300079345703,2,24,23.582095613064777,0.43469258149464923,2,27,44.700180781803795,0.4917356800287962,2,43
410,20.024557244592188,1.2691727706364222,2,7,0,0.9812389254570008,0,17,0,1.1834397713343303,0,20
411,6.45651928653998,0.8527367909749349,2,6,0,1.1981675191359087,0,17,0,1.3356156746546428,0,20
412,22.666737589351545,0.8864292651414871,2,40,29.142426073845616,0.7983317106000839,2,71
413,23.010977047446694,0.9227684537569681,2,6,0,1.2773291739550503,0,17,0,1.4545665582021077,0,20
414,0,0.8963742256164551,0,3,0,1.1161105394363404,0,8,0,1.0569776429070368,0,17,0,1.1973007917404175,0,20
415,8.76619107782297,0.9193906386693319,2,3,26.501813949617894,0.9596496712077748,2,14,0,0.9247387746969858,0,20
416,0,0.9740524291992188,0,3,0,1.1757288455963135,0,8,0,1.0840197304884593,0,20
417,33.952782560021404,0.5688104918508818,2,33
418,15.52914117447329,0.8343245216778347,2,14,0,0.8129527966181437,0,20
419,10.093705453617476,0.6708261072635651,2,4,0,1.5215605864158044,0,17,0,1.5986615816752117,0,20
420,27.81346099800093,0.5070688393380907,2,9,0,0.8250081340471903,0,12,0,0.6307260990142822,0,17,0,0.7684644063313802,0,20
421,22.327897693516608,0.5074818215586923,2,11,0,0.905229409535726,0,17,0,1.0850727955500286,0,20
422,0,1.3788016239802043,0,3,0,1.5668486754099529,0,9,0,1.4514786750078201,0,17,0,1.5084939002990723,0,20
423,0.05282033470880184,1.178942084312439,2,3,0,1.4219949455822216,0,20
424,0,0.8621747493743896,0,3,0,1.1147814750671388,0,8,0,1.0854500532150269,0,11,0,1.1247610648473103,0,17,0,1.1985402504603069,0,20
425,10.629097248947046,0.8104869524637858,2,3,0,1.2801558205059596,0,17,0,1.3208427826563518,0,20
426,3.8427280330152622,0.4436475137869517,2,3,0,0.9909038411246406,0,12,0,0.9127295017242432,0,17,0,0.9322267373402914,0,20
427,27.750069413478702,0.8418271011776395,2,9,0,1.0651382605234783,0,12,0,1.0997097730636596,0,17,0,1.2584784428278606,0,20
428,17.848387818333904,1.4466240803400676,2,6,0,1.3770416378974915,0,20
429,27.331044964049426,1.4141391175133842,2,7,0,0.8942110657691955,0,17,0,1.1133003234863281,0,20
430,28.95163045701427,0.3762631985274228,2,22
431,38.060847948086646,0.9116467833518982,2,4,0,1.276529156244718,0,17,0,1.4277423620224,0,20
432,28.949454708329633,1.0784325003623962,2,4,0,1.051508380816533,0,17,0,1.1699881156285603,0,20
433,6.225402726662189,0.6235988885164261,2,8,0,0.9772851864496866,0,11,0,0.9316251277923584,0,16,0,1.0593326389789581,0,20
434,0.2948721916236856,1.01214333375295,2,3,0,1.3773380517959595,0,7,0,1.4100790619850159,0,17,0,1.333813468615214,0,20
435,36.539507595439396,0.5122850987256742,2,51
436,0,0.8091299732526144,0,3,0,1.0554847478866578,0,8,0,0.9646015564600626,0,11,0,0.9724517464637756,0,17,0,1.0288098255793254,0,20
437,0.18427128734419104,0.9497891664505005,2,3,0,1.334796150525411,0,12,0,1.2177561044692993,0,17,0,1.2079741954803467,0,20
438,17.30774610216089,0.6545163609764793,2,22,8.425276786341351,0.4406997561454773,2,25,33.070726326530604,0.5485079714230129,2,32,0.04691686038332147,0.577399879693985,2,38,43.811953209787504,0.6146125594774882,2,56,30.40045388938451,0.6313905835151672,2,61
439,17.86414588863266,0.8794791102409363,2,8,0,1.1886956029468112,0,17,0,1.390701413154602,0,20
440,0,0.8764315843582153,0,3,0,1.1877351522445678,0,8,0,1.1060506370332506,0,17,0,1.2100828488667805,0,20
441,14.229673266118365,0.6927309513092041,2,5,0,0.9095728397369385,0,17,0,1.009922464688619,0,20
442,18.94305989203153,0.13686996400356294,2,5,0,1.3613722664969308,0,12,0,1.4224459171295165,0,17,0,1.4533021847407024,0,20
443,20.472145236227327,0.9226911306381226,2,5,0,1.0312402645746868,0,17,0,1.2592363357543945,0,20
444,23.190284647511913,0.7994347016016642,2,6,0,1.1192920605341594,0,9,0,1.1651722341775894,0,17,0,1.2789890766143799,0,20
445,33.991542920166495,0.9821280241012573,2,3,0,1.4774967432022095,0,10,0,1.6003470591136388,0,17,0,1.583906650543213,0,20
446,34.32375118755616,0.6073653779246591,2,22,70.53048270485918,0.7266252882340375,2,39
447,8.719451632162313,0.6727055072784424,2,5,44.23998136555634,0.2914523830016454,2,8,64.50450422471248,0.25785142657431687,2,30,0.04985162973486031,0.9396075407663981,2,33,67.7358234327893,0.2805910607179006,2,39,0.1274116651718623,0.6960144639015198,2,42,67.69259392590939,0.3161984533071518,2,58
448,14.447644218487394,0.3350688176495688,2,7,0,0.9167596896489462,0,10,0,0.7910129683358329,0,17,0,0.8548789620399475,0,20
449,14.496959579797432,1.1708712492670332,2,14,0,0.8150865236918131,0,17,0,0.9037137031555176,0,20
450,22.077794958236513,0.6108784079551697,2,4,0,1.327106550335884,0,12,0,1.2894559621810913,0,17,0,1.3506741921106975,0,20
451,12.831387054019443,1.197400689125061,2,6,0,0.8521371754732999,0,17,0,0.9655343691507975,0,20
452,19.319610485727342,0.4511766352436759,2,11,0,0.73793097337087,0,14,0,0.5748462875684103,0,17,0,0.6793094873428345,0,20
453,20.741754827679642,0.44618252913157147,2,3,0,0.9747631947199503,0,6,0,1.053045113881429,0,12,0,0.9847370386123657,0,17,0,1.0352457761764526,0,20
454,11.819348708575374,0.9729880332946778,2,5,0,0.984688957532247,0,8,0,1.00667319032881,0,17,0,1.0151498715082805,0,20
455,0.1712209829200531,0.8034874200820923,2,3,0,1.3149875402450562,0,12,0,1.2737627029418945,0,16,0,1.1995505094528198,0,20
456,0,0.7158988316853842,0,3,0,0.8813912272453308,0,9,0,0.8432188142429698,0,20
457,12.049664193714442,0.8717763721942902,2,16,0,1.0458414256572723,0,20
458,18.895843074085718,1.1592225631078084,2,6,0,1.1561271927573464,0,17,0,1.3717772960662842,0,20
459,0.10341479460086962,0.7821486393610636,2,3,0,1.3146912124421861,0,12,0,1.3400020748376846,0,20
460,13.753084786826872,0.3201818891933986,2,7,0,1.123769720395406,0,10,0,1.0989634820393153,0,17,0,1.2234460910161336,0,20
461,19.78532404802642,0.4822934418916702,2,12,29.211902349786026,0.46846824884414673,2,15,0,0.8790353536605835,0,20
462,41.125544583265714,0.28108513057231904,2,15,22.43238238218586,0.37968758561394433,2,26
463,79.5357866621894,0.5211400950656218,2,17,0.3914292489615993,0.7444026867548624,2,20
464,0,0.7526873548825582,0,3,0,0.9032952586809794,0,9,0,0.9077897396954623,0,20
465,0,0.8700708746910095,0,3,0,1.1766783237457275,0,8,0,1.0836805204550426,0,20
466,29.642796936974865,0.6912497196878705,2,7,0,1.234088158607483,0,17,0,1.395465652147929,0,20
467,28.397068764079975,0.7362083088267933,2,11,0,0.8678478797276815,0,20
468,0,0.8871409098307291,0,3,0,1.1577208995819093,0,8,0,1.0266714890797932,0,11,0,1.067878524462382,0,17,0,1.1939961910247803,0,20
469,21.05054225240119,0.8886623382568359,2,3,0,1.357356521818373,0,12,0,1.340665578842163,0,17,0,1.3679073254267375,0,20
470,47.60269876750802,0.5818548047024271,2,23
471,19.364896041361423,0.652789443731308,2,4,0,1.6136871759708111,0,17,0,1.6956194241841633,0,20
472,0.07707816726801911,0.6374867260456085,2,3,0,1.1836445808410645,0,8,0,0.986390620470047,0,12,0,0.9857184290885925,0,20
473,15.170930999565048,0.9058714707692465,2,6,0,1.1062496503194172,0,9,0,1.1970266103744507,0,17,0,1.2708361148834229,0,20
474,0,0.8473718563715616,0,3,0,1.0960379242897034,0,9,0,1.07029728455977,0,20
475,18.78058767718681,0.836963585444859,2,7,0,0.9627686341603597,0,10,0,0.9978349549429757,0,17,0,1.0784486929575603,0,20
476,20.398328345803947,1.2748360633850098,2,9,0,1.078423485159874,0,17,0,1.2192618449529011,0,20
477,22.85562036270398,0.9737684726715088,2,3,0,1.3790488243103027,0,6,0,1.4589686393737793,0,12,0,1.4126718044281006,0,17,0,1.4320748647054036,0,20
478,92.2323659140337,0.17899726331233978,2,11,133.8349803672811,0.16029570183970712,2,22
479,24.4137713820107,0.802409397231208,2,9,0,0.7572991450627645,0,12,0,0.6251618415117264,0,16,0,0.7022693902254105,0,20
480,9.589139725446469,0.2227682054042816,2,5,0,1.1273633738358815,0,17,0,1.2246219714482625,0,20
481,42.77739285100543,1.3175529326711382,2,14,114.89903885087328,0.8085757732391358,2,19,20.511060484975705,0.5077021405810401,2,40
482,0,0.980639636516571,0,3,0,1.258951735496521,0,8,0,1.265156239271164,0,20
483,17.946198651148798,1.4370843470096588,2,8,0,1.115853362613254,0,17,0,1.3464879592259724,0,20
484,10.075964912166908,0.5869464013311598,2,9,0,0.9930050770441691,0,12,0,0.7319270253181458,0,17,0,0.9742496411005656,0,20
485,22.273436825924886,0.9449077844619751,2,9,0,1.1713680028915405,0,12,0,1.1692019701004028,0,16,0,1.26369971036911,0,20
486,13.982474027450985,0.7362755451883588,2,7,0,1.0714503924051921,0,10,0,1.164316972096761,0,13,0,1.0769621133804321,0,17,0,1.2541957298914592,0,20
487,12.345297604002829,0.5246110260486603,2,4,0,1.2799486380357008,0,17,0,1.365458369255066,0,20
488,8.094595067735685,0.7587930560112,2,6,0,1.041047215461731,0,9,0,1.0382020771503448,0,17,0,1.1262584527333577,0,20
489,25.69011910362157,0.9617559909820557,2,3,0,1.2673580249150593,0,6,0,1.3630931774775188,0,12,0,1.3885912656784059,0,17,0,1.46858545144399,0,20
490,0,0.7472517689069113,0,3,0,0.8796636206763131,0,10,0,0.8778973698616028,0,20
491,0,1.022404710451762,0,3,0,1.2412496606508892,0,9,0,1.084274703806097,0,20
492,13.43957480478988,1.147371307015419,2,8,0,0.8768765131632487,0,11,0,0.7649719834327697,0,16,0,0.9091843068599701,0,20
493,0.05562641104848254,0.7211311062177023,2,3,0,1.2245347990709192,0,20
494,12.725312559770222,0.7140812675158182,2,3,0,1.392940600713094,0,6,0,1.5132819414138794,0,12,0,1.4795489311218262,0,17,0,1.3581103881200154,0,20
495,21.85013898781059,0.416449636220932,2,4,0,1.4434097088300264,0,17,0,1.5440391699473064,0,20
496,5.440581918049439,0.9405297040939331,2,3,0,1.2150929901334975,0,12,0,1.2391860961914063,0,17,0,1.1990876992543538,0,20
497,0,0.8355666001637777,0,3,0,1.0548529823621113,0,9,0,1.045955853028731,0,20
498,0,0.8751388986905416,0,3,0,1.1288764238357545,0,8,0,1.098061442375183,0,11,0,1.1437177459398906,0,17,0,1.18071711063385,0,20
499,0.6473102230790917,0.5726539095242819,2,3,0,1.2072701734655045,0,20
500,0,0.8915525476137797,0,3,0,1.2017889499664307,0,8,0,1.0296024878819783,0,20
501,12.433829415943345,1.0723208097311168,2,13,0,0.8243880186762128,0,20
502,7.561965492889858,1.0763513445854187,2,4,0,1.2495378653208415,0,7,0,1.289398471514384,0,13,0,1.2103476822376251,0,17,0,1.2041618824005127,0,20
503,23.256237822660804,0.40497331894361055,2,13,0,0.9550210067204067,0,20
504,14.99691006938743,0.5837873369455338,2,4,0,1.1129253002313466,0,17,0,1.2235627969106038,0,20
505,0,0.8728817701339722,0,3,0,1.120888614654541,0,8,0,1.0311260620752971,0,11,0,1.0768630703290303,0,17,0,1.1805389722188313,0,20
506,16.270194053440267,0.8745311590341421,2,13,0,0.9287551471165248,0,20
507,23.43719142490712,1.1436014413833617,2,5,0,0.9548576729638236,0,12,0,1.0249873399734497,0,17,0,1.1945200363794963,0,20
508,0,0.8101077079772949,0,3,0,1.0544665257136028,0,9,0,1.0155476981943303,0,20
509,60.207055230032246,0.15192974954843522,2,10,0,0.922011137008667,0,14,0,0.8184065421422323,0,17,0,1.1029062271118164,0,20
510,6.823710209960871,0.6584012111028036,2,3,0,1.0444617420434952,0,11,0,1.1153511073854234,0,20
511,11.640840762148224,0.8591057856877645,2,3,0,1.0665498971939087,0,11,0,1.0487770040829976,0,17,0,0.9690106709798177,0,20
512,15.900408679213133,1.0242130955060322,2,12,0,0.8132937774062157,0,20
513,92.08732441348714,0.2986852927849843,2,13,0,1.042954955782209,0,20
514,26.403048012310798,1.1017567714055378,2,3,0,1.1656050086021423,0,11,0,1.28342205286026,0,17,0,1.3005612293879192,0,20
515,0,0.8832987149556478,0,3,0,1.0297184983889263,0,9,0,1.000267039645802,0,20
516,0,0.9315979679425558,0,3,0,1.1158184289932251,0,8,0,1.0442775686581929,0,20
517,25.484226164830428,0.9966506046407363,2,17,0,1.2435028155644734,0,20
518,69.43472322416629,0.029980685975816514,2,9,0,0.8430374066034952,0,12,0,0.6621944069862366,0,17,0,0.752293586730957,0,20
519,43.87076851423172,0.4987662136554718,2,24,215.50769416339475,0.35399123755368317,2,35,52.28842856184914,0.2700276678800583,2,60
520,33.93186575149703,0.8437047402064005,2,3,0,1.4667605956395466,0,12,0,1.4755844831466676,0,17,0,1.4963481028874714,0,20
521,12.070834067092921,0.9924415946006775,2,4,0,1.2900151163339615,0,12,0,1.3135194063186646,0,17,0,1.363657037417094,0,20
522,47.34696703631041,0.4479641616344452,2,8,0,1.2509981393814087,0,12,0,1.2616129636764526,0,17,0,1.5862582127253215,0,20
523,1.4033737379329376,0.8981836438179016,2,3,0.024338918647016337,0.7426153779029846,2,8,37.71150217339466,0.07717048625151317,2,11,0.8945873738389871,0.2717335472504298,2,14,21.32703283395314,0.05222243070602417,2,22,0.2512394324155912,0.2576281428337097,2,26,17.71906746457692,0.025512749950091045,2,32,0.023736163074799952,0.3385226825873057,2,35,0.17974262074126898,0.3658372201025486,2,39,180.6147268158088,1.5922080039978028,2,44,0.3628214370430492,1.1435044209162395,2,47,175.51105370792558,1.2693212765913744,2,60
524,30.60353513391413,0.789583683013916,2,6,0,1.2151288335973567,0,17,0,1.3508186340332031,0,20
525,37.782196040281036,1.5163776278495789,2,8,0,1.3192579646905263,0,20
526,22.092009223344927,1.5296981845583235,2,7,0,0.8086000283559164,0,10,0,0.8996730872562954,0,17,0,1.0912607510884602,0,20
527,48.5106762053896,0.14245547726750374,2,4,84.26638045170702,0.06662879586219787,2,9,0,1.2978678941726685,0,12,0,0.9943266212940216,0,16,0,1.3620001673698425,0,20
528,0,0.7315916220347086,0,3,0,0.7933530296598162,0,10,0,0.8290614545345306,0,20
529,0,1.3693531354268391,0,3,0,1.5437711477279663,0,9,0,1.4168752580881119,0,17,0,1.4897692203521729,0,20
530,10.822878071831342,1.0343222618103027,2,6,0,1.2893308726224033,0,17,0,1.35236922899882,0,20
531,27.75721246752539,0.541831088066101,2,5,0,1.0323301951090496,0,8,0,1.1515909565819635,0,17,0,1.2344042460123699,0,20
532,0,0.7293928464253744,0,3,0,0.8084764906338283,0,10,0,0.8486459016799927,0,20
533,0,1.0353431502978008,0,3,0,1.1653447832380022,0,10,0,0.9364481329917907,0,20
534,83.2745774766498,0.33455162388937815,2,7,0,1.003270109494527,0,10,0,0.9237662894385201,0,17,0,0.9716049830118815,0,20
535,14.214676868279877,1.3753572702407837,2,4,0,1.0997771208102887,0,17,0,1.2574231227238972,0,20
536,19.378999106518428,1.027371923128764,2,3,0,1.3010449012120564,0,6,0,1.3960647980372112,0,12,0,1.3295676946640014,0,17,0,1.2748386859893799,0,20
537,23.73405437387381,1.0896871089935303,2,3,0,1.336453691124916,0,11,0,1.4738692442576091,0,17,0,1.4451956351598103,0,20
538,0,1.0375899871190388,0,3,0,1.286479612191518,0,9,0,1.1731234138662165,0,20
539,0.31348202347037574,0.8702684243520101,2,3,0,1.611737608909607,0,12,0,1.5176021337509156,0,17,0,1.4868315855662029,0,20
540,11.00203874715141,0.6028548578421274,2,6,5.512087208844452,0.535427987575531,2,9,0,1.2611957788467407,0,12,0,1.1414486408233642,0,17,0,1.2979636987050374,0,20
541,29.0838547510803,0.30124261379241946,2,5,0,0.7633623828490576,0,17,0,0.9551748434702555,0,20
542,0.25978262911554567,0.9539942741394043,2,3,0,1.5456414355172052,0,12,0,1.54744553565979,0,17,0,1.4826265573501587,0,20
543,21.239158992200903,0.952018099672654,2,17,0,1.0154858827590942,0,20
544,29.00370106823502,0.6028357698367193,2,13,0,1.0433999300003052,0,20
545,21.959105424041688,0.251894935965538,2,6,39.84345546821334,0.5184243425726891,2,26
546,17.23044796572894,0.8733229296548026,2,7,0,1.1086165110270183,0,10,0,1.2530767917633057,0,17,0,1.3453540802001953,0,20
547,15.310574212570906,0.6921758651733398,2,3,0,1.3202255169550579,0,6,0,1.4139582785693081,0,17,0,1.4063302675882976,0,20
548,12.194367215225787,1.1646525462468464,2,3,0,1.062354604403178,0,12,0,0.9643555641174316,0,17,0,0.9431419372558594,0,20
549,25.845976186093853,1.5221558809280396,2,7,0,1.336561395571782,0,20
550,10.76302947332328,1.0133217871189117,2,4,0,1.2104800205964308,0,17,0,1.3083473841349285,0,20
551,3.3127383816856364,1.067119797070821,2,3,0,1.1151940955056086,0,12,0,1.1050833463668823,0,17,0,1.1204851865768433,0,20
552,16.96633569237794,0.9895470142364502,2,10,0,0.8130499323209127,0,13,0,0.6388521641492844,0,17,0,0.7280730803807577,0,20
553,16.576381502001592,0.7615311543146769,2,3,0,1.519112957848443,0,12,0,1.4989178419113158,0,17,0,1.436740756034851,0,20
554,0,1.0548195838928223,0,3,0,1.2871214151382446,0,9,0,1.0043815266002307,0,20
555,0,0.866366962591807,0,3,0,1.1577789545059205,0,8,0,1.0238489707310994,0,20
556,25.318738885988168,0.7511440739035606,2,8,0,1.181785265604655,0,11,0,1.2577075759569805,0,17,0,1.457961122194926,0,20
557,15.621338780625951,0.34807080906980176,2,17,0.9642712226538296,0.4457259178161621,2,20
558,0.3103641821781291,0.8646988073984782,2,3,0,1.3192162364721298,0,11,0,1.2543772459030151,0,17,0,1.1028550465901692,0,20
559,33.002331535928036,0.6148617693356105,2,7,0,1.2378146648406982,0,17,0,1.3533230622609456,0,20
560,0,0.7670091787974039,0,3,0,0.9004611798695156,0,10,0,0.8747571468353271,0,20
561,45.91543408087181,0.7274424582719803,2,4,0,1.189928678365854,0,17,0,1.3697522083918254,0,20
562,16.861873341229767,0.811987288792928,2,15,0,1.285645055770874,0,20
563,7.741831862562312,0.15785983204841614,2,3,4.9185578939971695,0.22289429605007172,2,6,0,0.9406095526435159,0,17,0,1.049947460492452,0,20
564,17.19510027558514,0.6821173003741673,2,7,0,1.1201633095741272,0,17,0,1.2717544635136921,0,20
565,34.545216472625974,1.0846088171005248,2,5,0,1.0518185396989186,0,17,0,1.375496506690979,0,20
566,31.01561711407038,1.068530559539795,2,4,0,1.2989508188687837,0,17,0,1.476014494895935,0,20
567,72.56680955604017,0.3973774826526642,2,25
568,13.15704417967233,0.577149672941728,2,11,0,0.8890361587206522,0,14,0,0.7193593780199686,0,17,0,0.8547407388687134,0,20
569,16.395407851975463,0.7308077897344317,2,7,0,1.0470089117685955,0,10,0,1.0554252692631312,0,17,0,1.171657919883728,0,20
570,0.0818747435865591,0.8481104373931885,2,3,0,1.2767097155253093,0,12,0,1.3393345773220062,0,16,0,1.276854395866394,0,20
571,50.982614438611606,0.4113251927651857,2,38
572,38.28563603886228,0.4995185236136119,2,6,0,1.0688294967015584,0,9,0,0.9707404524087906,0,17,0,1.070141355196635,0,20
573,25.94756234124413,0.8720236048102379,2,16,0,1.0246212482452393,0,20
574,61.78553764931582,0.38792402906851337,2,22
575,0.09921403904193037,0.7898276249567667,2,3,0,1.2338650623957317,0,12,0,1.2331694662570953,0,16,0,1.1381603181362152,0,20
576,0.39320691042939443,0.867131511370341,2,3,0,1.3832946930612837,0,17,0,1.3446030219395955,0,20
577,34.589309312115255,0.6869482547044754,2,4,0,1.1623434378550603,0,17,0,1.313651164372762,0,20
578,19.06429279055136,0.5633944392204284,2,5,0,0.8430884381135305,0,17,0,0.9725844860076904,0,20
579,12.216037421712308,1.0712872346242268,2,3,0,1.3684888813230727,0,12,0,1.3826928377151488,0,17,0,1.3668975830078125,0,20
580,29.080613518844043,0.697050426687513,2,7,0,1.0899073680241902,0,10,0,1.1249818461281913,0,17,0,1.2235507170359294,0,20
581,0,0.763865609963735,0,3,0,0.9616953134536743,0,8,0,0.8693483471870422,0,20
582,0,0.6347192128499349,0,3,0,0.6916183233261108,0,9,0,0.9590232047167692,0,20
583,0,0.7688268025716146,0,3,0,0.9040240446726481,0,9,0,0.9167243567380038,0,20
584,19.30397897835072,1.1125645240147908,2,3,0,1.2869070768356323,0,6,0,1.379526714483897,0,12,0,1.3801395416259765,0,17,0,1.4483204285303752,0,20
585,0,0.8217026988665262,0,3,0,1.047313642501831,0,8,0,1.0245007276535034,0,11,0,1.0539262493451436,0,17,0,1.0782492955525715,0,20
586,0,0.8223098913828532,0,3,0,1.0678131103515625,0,8,0,1.0101829767227173,0,11,0,1.0252948999404907,0,17,0,1.0623199939727783,0,20
587,0,0.8259395758310953,0,3,0,1.0696980714797975,0,8,0,1.0217172702153523,0,11,0,1.0412346522013347,0,17,0,1.071443994839986,0,20
588,14.035014413227017,0.6752193719148636,2,4,0,1.1739277564562285,0,17,0,1.2069022258122761,0,20
589,14.624616689857666,0.8605268218300559,2,11,0,0.9214396278063456,0,17,0,1.056566874186198,0,20
590,10.515954021485387,0.8314812183380127,2,3,0,1.287322074174881,0,11,0,1.26444673538208,0,20
591,0,0.815789540608724,0,3,0,1.0067000985145569,0,9,0,1.0199859467419712,0,20
592,27.480225989246446,1.1699784874916077,2,10,0,0.6926933377981186,0,14,0,0.5727566480636597,0,17,0,0.6867256363232931,0,20
593,18.86197139576396,1.1207773387432098,2,4,0,1.2541213310681856,0,17,0,1.3903461297353108,0,20
594,0,0.7665490706761678,0,3,0,0.9054862062136332,0,9,0,0.9237127629193392,0,20
595,24.130278223149134,1.1571966807047527,2,12,0,0.7518294006586075,0,20
596,24.73657335237526,0.8195656299591064,2,5,0,1.3443719645341237,0,17,0,1.4649703900019329,0,20
597,0,0.7398197253545126,0,3,0,0.8988795479138693,0,9,0,0.8453986644744873,0,20
598,27.951162014455818,0.35925293564796446,2,10,0,0.8236600995063782,0,20
599,33.669125489706246,0.7561094601949055,2,15,0,1.09213125705719,0,20
600,166.88300424817302,0.15472037548368628,2,11,0,0.8589003483454386,0,14,0,0.6628912289937338,0,17,0,0.8121834198633829,0,20
601,74.30864512942107,0.3691125114758809,2,15,154.8778439924958,0.3195138360772814,2,22,45.397690670035296,1.0716243584950764,2,25,25.622583310421348,0.8576119277212355,2,34
602,0,0.8709270556767782,0,3,0,1.1168823480606078,0,8,0,1.00775142510732,0,11,0,1.053594450155894,0,17,0,1.161906083424886,0,20
603,4.271279722295251,0.5354629258314768,2,3,0.048830138160367215,0.19755276360295035,2,14,8.51655842770862,0.239395622164011,2,18,34.39590432908939,0.1702329566081365,2,21,0.023937924586062337,0.7381399103573391,2,28,96.74502281726875,0.1956830902232064,2,37,52.02319892360556,0.21045355995496115,2,40
604,2.2656993366281553,1.2876818180084229,2,3,27.624219799960137,1.3611085712909698,2,7,0,0.8527983824412028,0,10,0,0.8411271742412022,0,17,0,1.0520226160685222,0,20
605,23.161841707515304,1.060918775471774,2,11,0,0.6166434288024902,0,14,0,0.4844343066215515,0,17,0,0.623199462890625,0,20
606,0,0.7671718001365662,0,3,0,0.9589207512991769,0,10,0,0.912861680984497,0,20
607,30.104606629274027,0.23431041650474072,2,8,0,1.0236157774925232,0,12,0,1.012012004852295,0,17,0,1.1442048947016399,0,20
608,38.93988819895465,0.590881414273206,2,17,2.0531609976384124,0.7399746775627136,2,20
609,25.585892531562717,0.504453603710447,2,14,0,0.7386947373549143,0,20
610,0,0.6151530742645264,0,3,0,0.6566447360174996,0,10,0,0.643641996383667,0,20
611,0,0.9494543075561523,0,3,0,1.1097688873608906,0,9,0,1.0576607530767268,0,20
612,11.92348366025802,0.36943118274211884,2,6,0,1.0543419520060222,0,12,0,0.9326902627944946,0,17,0,0.9486857255299886,0,20
613,16.744189337318854,1.0341532707214356,2,5,0,1.349530816078186,0,12,0,1.4801805019378662,0,17,0,1.6097553571065266,0,20
614,0,0.8920329809188843,0,3,0,1.1939630270004273,0,8,0,1.043545087178548,0,20
615,0,0.9510653813680013,0,3,0,1.2603504657745361,0,9,0,1.2127922475337982,0,17,0,1.3330916961034138,0,20
616,41.02375520997927,0.9273271958033243,2,21
617,0,0.8103407621383667,0,3,0,1.0314919233322144,0,8,0,0.9849128027757009,0,20
618,0,0.7144650816917419,0,3,0,0.865840752919515,0,9,0,0.8206789276816628,0,20
619,44.11326050089389,1.0030285517374675,2,3,0,1.539693792661031,0,6,0,1.4649365706877275,0,17,0,1.5265868107477825,0,20
620,11.659248555824881,0.8047472953796386,2,5,0,1.4084445635477703,0,11,0,1.464963714281718,0,17,0,1.5582923491795857,0,20
621,19.347194348870165,0.39563943147659303,2,5,0,1.131336639324824,0,17,0,1.312800129254659,0,20
622,0.2946251873598917,0.8576566378275553,2,3,0,1.4976656304465399,0,12,0,1.483359956741333,0,17,0,1.386358420054118,0,20
623,5.300998477421479,0.9382742941379547,2,4,0,1.4181708246469498,0,12,0,1.4228579998016357,0,17,0,1.4256582260131836,0,20
624,19.425407248925403,0.5828951597213745,2,3,0,1.5362338622411091,0,6,0,1.634778618812561,0,17,0,1.5471569697062175,0,20
625,0.3322267708447125,0.8704134623209635,2,3,0,1.3279742532306247,0,12,0,1.186225700378418,0,17,0,1.196752667427063,0,20
626,8.50181103166777,0.7949146429697672,2,3,0,1.4081774287753634,0,12,0,1.3932579040527344,0,17,0,1.3401517073313396,0,20
627,13.42903002983286,1.0583827495574951,2,3,0,1.2944984436035156,0,6,0,1.3366472125053406,0,12,0,1.3148349046707153,0,17,0,1.3521920442581177,0,20
628,10.979066703875391,0.6765311285853386,2,8,0,1.1026615036858454,0,17,0,1.2141433556874592,0,20
629,46.73844102644763,0.37392802421863264,2,13,0,0.9367107834134784,0,20
630,21.175548655430063,1.6061278780301411,2,6,0,1.2829344922846013,0,17,0,1.487965981165568,0,20
631,4.331068083040855,0.609093909462293,2,3,56.682259131100906,0.2477997899055481,2,8,0.0312573300307068,0.6689365719045911,2,22,35.462039507456296,0.36222612112760544,2,30
632,11.906793344048126,0.33660243238721577,2,7,0,1.1674875418345134,0,10,0,1.2086085762296404,0,17,0,1.317579706509908,0,20
633,32.49045581726989,1.1178837219874065,2,6,0,1.2272013100710781,0,17,0,1.4141383568445842,0,20
634,0.26294072714513794,0.9812171856562296,2,3,0,1.5470221383231026,0,10,0,1.6383939470563615,0,17,0,1.4958099921544392,0,20
635,16.67240130099924,0.8496212164560953,2,6,0,1.0728478648445823,0,17,0,1.2308149735132854,0,20
636,28.250361385858664,0.40994579792022706,2,5,0,1.0694520473480225,0,17,0,1.2150950034459431,0,20
637,0,0.7499260902404785,0,3,0,0.8285812991006034,0,10,0,0.8698585152626037,0,20
638,74.55134779991735,1.0065303282304243,2,11,0,0.9563498099644979,0,14,0,0.9059270222981771,0,17,0,1.2261098623275757,0,20
639,0,0.6510249773661295,0,3,0,0.7407629404749189,0,10,0,0.7574950933456421,0,20
640,13.123886217468769,0.5654292702674866,2,6,0,1.1028362620960583,0,17,0,1.2633905013402302,0,20
641,0,0.9255565802256266,0,3,0,1.2163900931676228,0,9,0,1.1564667075872421,0,17,0,1.267799178759257,0,20
642,31.677503048882983,0.7959300174432642,2,17,0,1.1539164384206135,0,20
643,59.99068418410913,0.7374017788813665,2,26
644,24.533968635718086,0.9996236562728882,2,3,0,1.3405338525772095,0,6,0,1.362896164258321,0,12,0,1.3542880535125732,0,17,0,1.3465694189071655,0,20
645,2.342977418798231,1.0002285639444988,2,3,16.023558928267548,1.0732446445359125,2,21
646,31.891380195294946,1.0876850287119548,2,3,0,1.2142912149429321,0,6,0,1.3331232070922852,0,11,0,1.2815124193827312,0,17,0,1.1504052877426147,0,20
647,24.870695241600096,0.49858604073524476,2,10,0,0.732905775308609,0,14,0,0.6277402639389038,0,17,0,0.7856271068255106,0,20
648,0.20893816437742213,0.7132558226585388,2,3,0,1.1652488973405626,0,12,0,1.1501190900802611,0,17,0,1.0147153933842976,0,20
649,19.20154447543256,1.0853054693767004,2,7,0,1.38291335105896,0,20
650,59.78692528593812,0.5562596619129181,2,7,0,1.0821195483207702,0,17,0,1.3032898902893066,0,20
651,0,0.8877418438593546,0,3,0,0.9608198744910104,0,10,0,0.8608018245015826,0,17,0,0.973096489906311,0,20
652,0.03895624654161604,0.7041672070821127,2,3,0,1.0249837917440079,0,20
653,14.903524337507802,1.2008417248725891,2,6,0,1.2922414324500344,0,17,0,1.5154484113057454,0,20
654,0,0.7562820514043173,0,3,0,0.8281208276748657,0,10,0,0.8618556261062622,0,20
655,0,0.8279503186543783,0,3,0,1.0745260000228882,0,8,0,1.0059066613515217,0,11,0,1.0276987155278523,0,17,0,1.0921825965245564,0,20
656,0,0.9170736273129781,0,3,0,1.2439412355422974,0,8,0,1.0752151707808177,0,20
657,0,0.8169335921605428,0,3,0,1.0622639179229736,0,8,0,1.0333272218704224,0,11,0,1.0987479488054912,0,17,0,1.1719834009806316,0,20
658,49.23026028767002,0.2939936284508024,2,7,0,1.0897801717122395,0,10,0,0.9697019372667585,0,17,0,1.0953960816065471,0,20
659,0,0.7112961212793986,0,3,0,0.8780355254809061,0,9,0,0.857105634429238,0,20
660,0.38206511533633086,0.7823262413342794,2,3,0,1.486607273419698,0,12,0,1.4334524869918823,0,17,0,1.3706769943237305,0,20
661,49.818640010167734,0.6878283262252808,2,5,96.9626446042082,0.6734342154334573,2,22
662,0,0.8525269627571106,0,3,0,1.0110867261886596,0,8,0,0.9640028377374014,0,20
663,0,0.913062850634257,0,3,0,1.2165550947189332,0,8,0,1.0386584599812825,0,20
664,12.718449570354158,0.956926425298055,2,3,0,1.1986695528030396,0,6,0,1.390022332018072,0,17,0,1.411423921585083,0,20
665,0,0.903087317943573,0,3,0,1.049307155609131,0,8,0,0.9565662542978922,0,20
666,0,0.8279417951901754,0,3,0,1.116368055343628,0,9,0,1.054105567932129,0,14,0,0.9737265110015869,0,17,0,1.0288765827814739,0,20
667,0.34230100321706425,1.1634159485499065,2,3,0,1.5801237055233546,0,17,0,1.5281290610631306,0,20
668,33.88100941713805,1.2755423188209534,2,4,0,1.5633162770952498,0,11,0,1.6412089467048645,0,17,0,1.5601589679718018,0,20
669,0.30512067677820154,0.8750083049138387,2,3,0,1.557093236181471,0,12,0,1.5217973709106445,0,17,0,1.4653517007827759,0,20
670,0,0.9742652575174967,0,3,0,1.1760910511016847,0,8,0,1.0843323866526287,0,20
671,0,0.8811665376027426,0,3,0,1.141511583328247,0,8,0,1.0387607018152873,0,11,0,1.0805713931719463,0,17,0,1.1830672820409138,0,20
672,0.05304323927403558,1.1283072630564372,2,3,0,1.3065207214916454,0,20
673,0,0.699964682261149,0,3,0,0.8460298379262289,0,9,0,0.7865094325759194,0,20
674,28.037544933812764,0.4896592915058136,2,5,0,1.1157941818237305,0,8,0,1.182445181740655,0,17,0,1.311504642168681,0,20
675,0,0.9574324289957682,0,3,0,1.1532725890477498,0,9,0,0.9879329746419733,0,20
676,0.2943911303424563,1.0684061845143635,2,3,0,1.5671322743097942,0,12,0,1.5675970315933228,0,17,0,1.5227249066034954,0,20
677,0,0.8426722288131714,0,3,0,1.0174961884816487,0,9,0,1.0192215334285388,0,20
678,0,0.6680819392204285,0,3,0,0.7051265580313546,0,10,0,0.7020495414733887,0,20
679,89.6886121762719,0.43892741432556737,2,13,0,1.0621734516961234,0,20
680,20.302584175995424,1.0167007537988515,2,13,0,1.0037904637200492,0,20
681,0,0.8581873178482056,0,3,0,1.0588439226150512,0,8,0,0.9862367974387275,0,17,0,1.138856291770935,0,20
682,21.436449290801825,0.28487844358791004,2,11,0,0.7065119047959646,0,14,0,0.5214720567067465,0,17,0,0.6725035707155863,0,20
683,27.240548665509944,0.32185547550519306,2,6,0,1.262161460789767,0,17,0,1.449133038520813,0,20
684,10.778584587920118,0.8601571917533875,2,8,0,1.0383509794871013,0,11,0,0.870309034983317,0,17,0,1.0191415150960286,0,20
685,0.21634618853196108,1.0096731583277385,2,3,0,1.368153229355812,0,11,0,1.361956258614858,0,17,0,1.2722403605779011,0,20
686,0,0.7570955554644266,0,3,0,0.9115343888600668,0,9,0,0.9163019873879172,0,20
687,18.203113677576095,0.920556766646249,2,7,0,1.2671892046928406,0,17,0,1.4703457355499268,0,20
688,0,0.786744236946106,0,3,0,0.9518259934016636,0,10,0,0.9547088623046875,0,20
689,16.067655999792652,0.4513329416513443,2,4,0,1.056232920059791,0,17,0,1.2110487222671509,0,20
690,0.19808034464487018,0.7202906807263693,2,3,0,1.0451904667748346,0,12,0,1.1214539259672165,0,20
691,0,0.6616738041241964,0,3,0,0.7315685153007507,0,10,0,0.739821869134903,0,20
692,35.16562325781772,0.38266289234161377,2,4,0,1.308533081641564,0,17,0,1.5456510384877522,0,20
693,21.450749700776697,1.0402705669403076,2,4,0,1.1272507722561176,0,17,0,1.4523386160532634,0,20
694,30.8867367932151,0.8030962727286599,2,11,0,0.8647372921307882,0,17,0,1.0693118969599407,0,20
695,20.4441758228645,0.8882625286395733,2,13,0,0.8008344599178859,0,20
696,39.56588617287929,0.8392261692455837,2,14,0,0.9743012189865112,0,20
697,0,0.9313176075617472,0,3,0,1.2552117824554443,0,8,0,1.1382780075073242,0,11,0,1.1726059714953105,0,17,0,1.2851961851119995,0,20
698,32.61025256230538,0.7107588152090708,2,6,0,1.3774503469467163,0,17,0,1.5488770405451457,0,20
699,10.814142346184045,0.6125569880008698,2,10,0,0.8800898790359497,0,14,0,0.7542652686436971,0,17,0,0.9113439718882242,0,20
700,16.241579384578156,1.2027957558631897,2,10,0,1.168332278728485,0,20
701,24.248632494087463,0.4618630177444882,2,9,17.352692270793714,0.4344049572944641,2,14,0,0.8643155296643575,0,20
702,12.889485780162932,1.3336026668548584,2,6,0,1.117811918258667,0,12,0,1.1758980989456176,0,17,0,1.3296692371368408,0,20
703,12.071809878568509,1.2294916272163392,2,10,0,1.1765234827995301,0,20
704,18.859227566082023,0.20672209858894347,2,5,0,1.117394785086314,0,17,0,1.09093443552653,0,20
705,16.029447866686606,0.6008027493953705,2,4,0,1.2917518248924842,0,17,0,1.4398126204808552,0,20
706,0,0.8547477920850118,0,3,0,1.099908471107483,0,8,0,1.0344994068145752,0,11,0,1.0855520764986675,0,17,0,1.1727546056111653,0,20
707,26.442303745205297,0.3958741039037704,2,10,48.69741194732824,0.30049821734428406,2,13,0,0.9987921118736267,0,17,0,1.163726528485616,0,20
708,0,0.758809765179952,0,3,0,0.853057997567313,0,10,0,0.8930711865425109,0,20
709,25.628562559986413,0.49894652515649796,2,4,0,1.004673875295199,0,17,0,1.1110992829004924,0,20
710,0,1.0548310279846191,0,3,0,1.2871538400650024,0,9,0,1.0044086412949995,0,20
711,17.372240213146434,0.40188509225845337,2,4,0,1.449051783635066,0,17,0,1.4781242211659749,0,20
712,17.140505690528194,0.366820253431797,2,4,0,1.3107769397588878,0,17,0,1.371839165687561,0,20
713,0,0.7239930828412374,0,3,0,0.7619567314783732,0,9,0,0.7480712912299416,0,20
714,0.2962159773144234,1.1448384920756023,2,3,0,1.5623249411582947,0,9,0,1.631223738193512,0,17,0,1.52128267288208,0,20
715,32.41601968598011,0.3996493399143219,2,5,0,1.176341970761617,0,8,0,1.2372299697664049,0,17,0,1.2198281685511272,0,20
716,18.62507756963981,1.0500129461288452,2,3,0,1.4899839013814926,0,11,0,1.4925913413365681,0,17,0,1.453151027361552,0,20
717,38.19184612951418,0.6878986954689026,2,3,0,1.1730398337046306,0,6,0,1.245850662390391,0,12,0,1.2478283643722534,0,17,0,1.1944551070531209,0,20
718,0,0.8140655358632406,0,3,0,1.0442801713943481,0,9,0,1.029185801744461,0,17,0,1.1163628498713176,0,20
719,17.413830690463918,1.4734574258327484,2,4,0,1.1811930399674635,0,17,0,1.3143137296040852,0,20
720,30.807109186754076,0.9935652166604996,2,8,0,1.0234793159696791,0,17,0,1.2370900710423787,0,20
721,43.193079753191476,0.8192113399505615,2,5,0,1.5152543187141418,0,17,0,1.674439271291097,0,20
722,19.567087241792105,0.8955884320395333,2,7,0,1.1727426449457805,0,10,0,1.2520619801112585,0,17,0,1.3336889743804932,0,20
723,0,0.7916278044382731,0,3,0,1.000296453634898,0,9,0,1.0077734887599945,0,17,0,1.0980573495229085,0,20
724,9.276266698185326,0.9684067113058907,2,7,0,1.0773151715596516,0,10,0,1.1570539304188319,0,17,0,1.2798629999160767,0,20
725,25.617165246693556,1.390661636988322,2,3,0,1.0228776401943631,0,12,0,1.0202333211898804,0,17,0,1.1596345504124959,0,20
726,0,0.916098395983378,0,3,0,1.1446492195129394,0,8,0,1.079198055797153,0,17,0,1.2177434762318928,0,20
727,0,0.9322558442751566,0,3,0,1.212549376487732,0,8,0,1.1450048287709553,0,17,0,1.2542872826258342,0,20
728,9.575923686657866,0.39285992298807415,2,7,0,1.1844182411829631,0,10,0,1.2063708816255843,0,17,0,1.3152589797973633,0,20
729,80.19202628569235,0.2656261473894119,2,9,0,0.9764964580535889,0,12,0,0.8279002189636231,0,17,0,1.041081388791402,0,20
730,29.55964614251139,0.9096531470616659,2,3,0,1.2529099384943645,0,6,0,1.3918912887573243,0,11,0,1.3675612807273865,0,17,0,1.3008065621058147,0,20
731,15.760031016654644,0.8497641086578369,2,5,0,0.9370078444480896,0,17,0,1.1548874775568645,0,20
732,19.547808378987003,0.5972999930381775,2,8,0,1.0018773476282756,0,11,0,0.9603292942047119,0,17,0,1.1524142424265544,0,20
733,19.9779799731138,0.226046750942866,2,3,0,1.0046074125501845,0,12,0,1.0987919569015503,0,17,0,1.0432639916737874,0,20
734,19.076252432931962,0.6781504352887472,2,3,0,1.3186587889989216,0,6,0,1.4874033602801235,0,17,0,1.420107364654541,0,20
735,55.281617493707536,0.4515445753931999,2,4,1.180778588780053,0.6419861416021982,2,7,0,1.322273890177409,0,10,0,1.3874307019369942,0,17,0,1.58831787109375,0,20
736,14.391901449600855,1.345671534538269,2,5,0,1.3127119200570243,0,12,0,1.3418743133544921,0,17,0,1.4458850622177124,0,20
737,21.545653472886055,1.1525209426879883,2,5,0,1.4122530817985535,0,17,0,1.5984731912612915,0,20
738,0.27236372943989584,0.9306244850158691,2,3,0,1.6294531954659357,0,12,0,1.5233541011810303,0,17,0,1.4875305891036987,0,20
739,3.3978271261566,1.017393207550049,2,5,0,1.1649957100550334,0,8,0,1.2707206904888153,0,12,0,1.2281642198562621,0,17,0,1.287460168202718,0,20
740,0,0.7382629712422689,0,3,0,0.8965304136276245,0,8,0,0.8298200368881226,0,11,0,0.8957328928841485,0,20
741,0,0.7422908544540405,0,3,0,0.8516086339950562,0,10,0,0.8337757885456085,0,20
742,0,0.7400619188944498,0,3,0,0.8902304649353028,0,8,0,0.8244579235712687,0,11,0,0.9279851383633084,0,20
743,26.37672954543887,1.034668493270874,2,5,0,1.2163507143656414,0,17,0,1.3881272077560425,0,20
744,45.689127814356986,0.5447792112827301,2,4,0,1.0096094424907978,0,17,0,1.1649703582127888,0,20
745,0,0.6313157876332601,0,3,0,0.6783463060855865,0,9,0,0.6732542352242903,0,20
746,8.129016857828006,0.39814286679029465,2,4,0,1.1417435224239643,0,17,0,1.228130618731181,0,20
747,0.3572316955174342,0.8339665134747823,2,3,0,1.453049293586186,0,17,0,1.310581088066101,0,20
748,34.401962253307765,0.4055563658475876,2,4,0,1.373255812204801,0,17,0,1.6075249910354614,0,20
749,0.36978219573062665,0.8920881549517313,2,3,0,1.5634607738918729,0,12,0,1.4977485179901122,0,17,0,1.4931475321451824,0,20
750,0,0.748555064201355,0,3,0,0.8671378374099732,0,8,0,0.7879420386420356,0,17,0,0.9232375621795654,0,20
751,0.13552887028350286,0.8546787897745768,2,3,0,1.4172396924760606,0,12,0,1.4318547546863556,0,16,0,1.3032130599021912,0,20
752,0,0.5992185672124227,0,3,0,0.6484484842845372,0,10,0,0.6428171634674072,0,20
753,28.55102860171242,1.098365068435669,2,3,0,1.3669205506642659,0,6,0,1.3609723051389058,0,12,0,1.3452395677566529,0,17,0,1.3557861646016438,0,20
754,24.218522468880526,0.8551086584726969,2,3,0,1.3791355689366658,0,6,0,1.566636085510254,0,17,0,1.5245412588119507,0,20
755,0,0.8243372837702433,0,3,0,0.9956575155258178,0,8,0,0.9199037684334649,0,17,0,1.0682313839594524,0,20
756,31.470107106982418,1.0213029781977336,2,3,0,1.1899322271347046,0,6,0,1.4186466932296753,0,17,0,1.4418137470881145,0,20
757,13.695675184823605,0.8498084942499796,2,3,0,1.4067236582438152,0,6,0,1.4842352668444316,0,12,0,1.431380605697632,0,17,0,1.3707484006881714,0,20
758,0.2611082330525925,0.8092038234074911,2,3,0,1.49188634928535,0,20
759,0,0.7977879444758097,0,3,0,0.9565202338354928,0,10,0,0.9164732933044434,0,20
