0,0,0.7136039733886719,0,3,0,0.8805841207504272,0,9,0,0.8574620593677867,0,20
1,0,0.7759737571080526,0,3,0,0.9613670309384664,0,9,0,0.9209891855716705,0,17,0,1.0199840863545735,0,20
2,56.77605195091633,0.4009943647044046,2,7,0,0.9025702277819315,0,10,0,0.7149485945701599,0,17,0,0.8435054620107015,0,20
3,0.18093597601654435,0.7185236215591431,2,3,1.1542559251062758,0.7890142649412155,2,7,14.468554894151143,0.8965379595756531,2,11,0,0.9278386963738335,0,20
4,22.96998572807087,0.5138868515690168,2,12,120.49699860774561,0.380189815392861,2,25,21.831491716264704,1.1447551467201926,2,36
5,0,0.8243148724238077,0,3,0,1.1123080650965373,0,9,0,1.051435160636902,0,14,0,0.9737555980682373,0,17,0,1.051469127337138,0,20
6,15.952676867495995,0.7981544172062593,2,17,0,1.135534644126892,0,20
7,32.676876975123555,0.4797500769297282,2,9,45.80455321840533,0.45798816084861754,2,14,309.4655204116807,0.3240862389405568,2,17,0,1.0237491130828857,0,20
8,15.499822701315956,0.6671166817347208,2,3,0,1.2931629021962483,0,6,0,1.4353534976641338,0,12,0,1.4587154388427734,0,17,0,1.3625585635503132,0,20
9,20.589048805067755,0.6575906972090403,2,6,0,1.2282158678228206,0,17,0,1.310176134109497,0,20
10,31.22581439254817,0.91215078830719,2,10,0,1.0089893341064453,0,13,0,0.8169235587120056,0,17,0,1.0477182865142822,0,20
11,14.556678969663958,0.12675048783421516,2,4,0,1.0347310121242816,0,17,0,1.135642647743225,0,20
12,28.934633354000383,0.7691994695102468,2,17,0,1.0826820135116577,0,20
13,32.240074553645634,0.5957093437512716,2,15,68.18443016099373,0.45591511329015094,2,30
14,26.97593188895637,0.8599391758441925,2,20
15,23.554813883916452,0.6396082507239448,2,9,0,1.0730988085269928,0,17,0,1.2416445414225261,0,20
16,28.131859820690785,1.371228297551473,2,3,0,1.3996851046880086,0,6,0,1.291168749332428,0,12,0,1.269537329673767,0,17,0,1.2972546815872192,0,20
17,0,0.694987952709198,0,3,0,0.7418278058369955,0,9,0,0.7357219836928628,0,20
18,0.09811414953240154,1.4130541682243347,2,6,27.52201989003129,0.5627331240102649,2,38
19,0.6152687315416666,0.6583779652913412,2,3,43.72180122880838,0.6657873739798864,2,15,102.18382807199053,0.6650701761245728,2,18,302.8331130332431,0.19913112304427408,2,29,15.515433370239945,0.6769714951515198,2,41
20,0,0.7243918577829996,0,3,0,0.8656004865964254,0,9,0,0.7985764200037176,0,20
21,19.440553269826232,1.1855899095535278,2,9,0,1.074157103896141,0,17,0,1.295786182085673,0,20
22,19.843305475127593,0.28768443564573926,2,3,0,0.8820510847227914,0,17,0,0.9623689651489258,0,20
23,46.349866439094264,0.5384435057640076,2,3,0,1.0077507098515828,0,6,0,1.1841538711027666,0,17,0,1.1248873472213745,0,20
24,14.993378532688661,0.732645608484745,2,8,55.66249035401971,0.14528733491897583,2,11,151.36570391687408,0.017916092276573183,1,21,245.73833354528162,0.010071532800793648,1,45,89.09876801629862,0.1373777836561203,2,48,66.99652451886351,0.28541689685412813,2,55,2.9016430496706653,0.3482588430245717,2,58,29.963533675628685,0.4233352839946747,2,78
25,47.926289196114986,0.5022487257208142,2,7,0,1.3887708737299993,0,20
26,16.634797465207416,0.5061868162531602,2,19,1.1630677046753661,0.7809027194976806,2,24
27,14.986584164195355,0.6017071604728699,2,7,1.228860467041643,0.6755886872609457,2,10,16.485921088465286,0.6052360733350118,2,13,0.11858799620320055,0.4923207263151805,2,16,0.17340359190077795,0.48520818948745725,2,21,26.807447408158353,0.6228137254714966,2,26,0.025420691981570622,1.444488763809204,2,32,19.028503751213826,0.4212091326713562,2,42
28,23.368017589983122,1.2493101209402084,2,8,0,1.2726876470777724,0,17,0,1.517194151878357,0,20
29,52.12254796052175,0.3699404299259186,2,4,264.2922878625236,0.12220705846945444,2,19,21.3164762097275,1.234939068555832,2,23,14.03329996846208,1.182383418083191,2,42
30,7.227885971945374,0.9309920072555542,2,3,0,1.227966096666124,0,12,0,1.0651851654052735,0,17,0,1.1157573858896892,0,20
31,11.879276770854315,0.6904696566717965,2,7,0,1.1103465954462688,0,10,0,1.0930528129850114,0,17,0,1.1980170806248982,0,20
32,49.42624333728821,1.0773767113685608,2,10,0,1.1330922722816468,0,20
33,29.371933227144773,0.8473330934842428,2,12,41.18998103185476,0.7835668524106344,2,15,0,1.2604430437088012,0,20
34,14.009748321320503,1.0964267651240032,2,3,0,1.2506256997585297,0,11,0,1.3587799072265625,0,17,0,1.3439157803853352,0,20
35,9.714122405183016,0.9154863016945975,2,7,0,1.1733217636744182,0,10,0,1.18921731199537,0,17,0,1.195488413174947,0,20
36,0,0.9247323671976725,0,3,0,1.2203656435012817,0,8,0,1.1494947671890259,0,11,0,1.1725660562515259,0,17,0,1.2821776866912842,0,20
37,14.843285745307623,1.1773382425308228,2,3,0,1.255063995718956,0,11,0,1.260848085085551,0,17,0,1.3246961832046509,0,20
38,17.251278796715546,0.7321274638175964,2,5,29.595549917372065,0.8440998792648315,2,8,292.7737497175902,0.19504509270191192,2,13,411.66455742771103,0.17359651128451029,2,19,74.74174104829076,1.3140507539113362,2,22,45.83821687044271,1.3968259811401367,2,32
39,25.137814872671672,0.39518635471661884,2,6,0,1.043443351984024,0,10,0,0.9943424661954244,0,16,0,1.018568903207779,0,20
40,55.147342965170424,0.5097326895465022,2,23
41,2.0571529144902785,0.589243084192276,2,4,19.069847851610923,0.5196153947285244,2,11,49.98011049577429,0.4974699546309078,2,28,2.50684019087416,0.5775559345881144,2,31,41.907577646855515,0.5172239542007446,2,34,5.533583754717249,0.6382477482159933,2,37,40.72764920468392,0.48290521278977394,2,45,0.7064993774653451,0.6440857470035553,2,50,85.84893142484273,0.47009360790252686,2,67
42,7.881569395927583,1.1631221771240234,2,7,0,0.8397376934687296,0,10,0,0.8623513834817069,0,17,0,1.0021309057871501,0,20
43,21.592542169011928,1.0079183181126912,2,3,0,1.5092438459396362,0,6,0,1.551294465859731,0,12,0,1.4563050746917725,0,17,0,1.3684990008672078,0,20
44,45.299096947652714,0.6981662929058075,2,10,0,0.843880193574088,0,17,0,1.047948916753133,0,20
45,5.135861669009512,1.0688678920269012,2,4,0,1.2320204514723558,0,17,0,1.4312069018681843,0,20
46,23.284335065597386,0.9806195298830668,2,6,0,1.206863609227267,0,17,0,1.4202476739883423,0,20
47,19.156754335980853,1.104390636086464,2,16,0,1.1298803985118866,0,20
48,15.59020598660441,0.8013530890146892,2,15,0,1.126421570777893,0,20
49,14.23344831343398,0.8968496095566523,2,21
50,25.503008485926923,0.6400206983089447,2,16,0,1.2241259217262268,0,20
51,4.378881810466194,0.7347251971562704,2,3,0,1.5242677927017212,0,12,0,1.571681308746338,0,17,0,1.4815009435017903,0,20
52,47.98406827972666,0.43377044796943665,2,10,15.812176605119745,0.48755306005477905,2,13,58.944832002483764,0.5373589098453522,2,17,133.94834425650797,0.9808270666334364,2,26
53,44.784881104895966,1.0115427800587244,2,14,0,0.7548167556524277,0,20
54,19.992919015897858,0.413802401887046,2,9,0,1.1747027784585953,0,17,0,1.4537463188171387,0,20
55,48.86003877346018,0.5018537909753861,2,31,22.852354126839845,0.6643163363138834,2,34,34.64439233964181,0.7368497927983602,2,49
56,0,0.7789302269617716,0,3,0,0.9069358621324811,0,10,0,0.9319664359092712,0,20
57,24.910982423971035,0.5487026572227478,2,4,0,1.3487679133048425,0,17,0,1.4968660275141399,0,20
58,0.04706546051961575,0.6456689437230428,2,3,0,0.8839149054358987,0,20
59,0,0.8727632959683737,0,3,0,1.1265907764434815,0,8,0,1.0399516820907593,0,11,0,1.0834314028422039,0,17,0,1.1810987790425618,0,20
60,19.353492863172463,1.1374979118506114,2,12,2.4718735906034888,1.25541086991628,2,15,11.106821816128608,1.3027762571970622,2,18,53.178528202674066,0.0893369432952669,2,27,0.3717309960113595,0.3502984841664632,2,30,96.28014158934384,0.09266573488712311,2,35,177.1912393761125,0.09023689644204246,2,71,1.95551609512301,0.45200831691424054,2,74,178.3162469183424,0.03841295706875184,2,108,17.624594215203015,1.168528251349926,2,124
61,19.259661809240203,0.675966481367747,2,9,0,0.9406289259592692,0,12,0,0.8127536535263061,0,17,0,1.0087889432907104,0,20
62,21.34381127594624,0.23812629841268063,2,8,0,1.2085745334625244,0,11,0,1.1976910432179768,0,17,0,1.3690413236618042,0,20
63,24.155659048641148,0.5007351686557134,2,6,0,1.268296241760254,0,10,0,1.2936449902398246,0,17,0,1.3173120021820068,0,20
64,20.438284230166424,0.34773807724316913,2,3,0,1.3605500062306721,0,12,0,1.2531138420104981,0,17,0,1.258069117863973,0,20
65,19.755270252891766,0.37028646894863676,2,7,0,0.8804293274879456,0,10,0,0.7811017717633929,0,17,0,0.8958168824513754,0,20
66,0,0.9749512672424316,0,3,0,1.2257654666900635,0,8,0,1.232497705353631,0,17,0,1.3209503491719563,0,20
67,0,0.7846535046895345,0,3,0,0.9519061088562012,0,8,0,0.8770687050289578,0,17,0,1.0325487852096558,0,20
68,16.192705644466784,1.4499925374984741,2,7,0,0.959441343943278,0,10,0,0.9737703800201416,0,17,0,1.1087135076522827,0,20
69,0,0.7392192482948303,0,3,0,0.886324147383372,0,9,0,0.8263467008417303,0,20
70,15.178067446033435,0.25601376593112946,2,4,25.917940736340086,0.264979287981987,2,9,115.45329955302658,0.09634430587291717,2,34,69.68678788943906,0.1423699160416921,2,46,106.60022104379851,0.09045840054750443,2,68
71,19.134196777980854,0.49681705236434937,2,10,0,0.8096369802951813,0,14,0,0.7023756504058838,0,17,0,0.8601487477620443,0,20
72,31.44284016325301,0.9101386964321136,2,12,46.449225662606516,0.8996212085088094,2,15,0,0.8869541168212891,0,20
73,28.38677265383009,0.6164346138636271,2,3,0,1.2716034650802612,0,17,0,1.2087446451187134,0,20
74,4.248255069398313,0.5162907044092814,2,3,0,1.2315820190641615,0,12,0,1.2449039816856384,0,16,0,1.1349592208862305,0,20
75,15.453783354322898,0.5119660009037365,2,11,0,0.8816260099411011,0,14,0,0.6732913255691528,0,17,0,0.80854731798172,0,20
76,0.10940752698314245,0.9966959953308105,2,3,0,1.3214741812811956,0,12,0,1.2625631809234619,0,17,0,1.1746280193328857,0,20
77,0,0.948202649752299,0,3,0,1.2387081384658813,0,8,0,1.1009961267312367,0,20
78,17.516810264616414,0.6068141526646085,2,9,0,1.0289675394694011,0,12,0,0.9713034152984619,0,17,0,1.1167492866516113,0,20
79,0,0.8564560413360596,0,3,0,1.0406633019447327,0,9,0,1.0255089673128994,0,20
80,0,1.0002704461415608,0,3,0,1.2893458127975463,0,8,0,1.2686461607615154,0,20
81,97.17110149276897,0.08138176798820496,2,12,71.20091280275929,0.06083129346370697,2,17,0.35220600718390405,0.6286371151606241,2,20
82,0,0.951582153638204,0,3,0,1.137451720237732,0,8,0,1.0695084134737651,0,20
83,15.937798105921226,0.3112029085556666,2,6,0,1.2746206630359997,0,17,0,1.3718369801839192,0,20
84,29.211212778841606,0.7471371293067932,2,11,0,0.9159217476844788,0,14,0,0.7289818922678629,0,17,0,0.9159459074338278,0,20
85,46.622493045160994,1.4968263804912567,2,8,0,1.0897161960601807,0,12,0,1.0636260032653808,0,17,0,1.2625638246536255,0,20
86,33.63280132292143,1.184580405553182,2,3,0,1.1828107966317072,0,12,0,1.2620199918746948,0,17,0,1.3245973587036133,0,20
87,17.175593524164352,0.3512309491634369,2,13,0,0.8496497784342084,0,20
88,0,0.620514432589213,0,3,0,0.6174687743186951,0,9,0,0.594992225820368,0,20
89,36.834277508306016,0.3575516261837699,2,22
90,12.24629391656432,0.6555219292640686,2,6,0,1.0769320184534246,0,17,0,1.1721985737482707,0,20
91,15.436218614617353,0.8861397504806519,2,8,9.71211612763718,0.94164510567983,2,11,0,0.9843409458796183,0,14,0,0.7637809117635092,0,17,0,0.944425106048584,0,20
92,15.71526454043498,0.6121874451637268,2,4,0,1.2018960863351822,0,12,0,1.1941128492355346,0,17,0,1.2381315231323242,0,20
93,22.522101314416176,0.8954089312326341,2,21
94,2.3010452802813903,1.0864710410435994,2,3,18.53900423294543,1.144546091556549,2,7,0,0.885163942972819,0,10,0,1.001570429120745,0,17,0,1.1464544534683228,0,20
95,11.627195030428254,1.0166031420230865,2,4,0,1.2045825994931734,0,17,0,1.364370584487915,0,20
96,41.54961999149061,0.3630374647952892,2,27
97,18.335310101929867,0.2973424692948659,2,3,36.227483075422235,0.20126421348406717,2,29
98,0.6120312564879049,0.8221002221107483,2,3,0.0817062291992311,0.9153841275435227,2,16,52.10020864529448,0.6986165344715118,2,24,0.16196791658833593,0.6367631405591965,2,28,54.929862478981725,0.6811651945114136,2,33,0.42555050715668596,0.7505301237106323,2,36,45.23575071469868,0.6523365444607205,2,45
99,6.713719865610784,0.8603541254997253,2,4,0,1.32284270800077,0,17,0,1.420759876569112,0,20
100,31.826012250316843,1.528645634651184,2,4,53.40610663156444,1.6282104849815369,2,10,120.53425208944537,1.8588536977767944,2,13,246.14348716451175,1.9375409455526442,3,34,166.60981757364425,1.8768186966578166,2,37,0.08351719931654704,1.2364365458488464,2,41,54.95275113222277,1.7409200270970662,2,44,267.351290203468,0.10036059071620305,2,74,16.898465839289603,1.2501624822616577,2,77,157.2201689301009,1.4906570315361023,2,85,405.165377936944,0.14812791347503662,2,95,39.11515709313834,0.9712823629379272,2,98,27.27181192366693,0.9540446864234077,2,116
101,0.21643855155071,0.6539938052495321,2,3,0,1.4279102016897762,0,20
102,48.48103259440773,0.2104741007089615,2,5,68.82218112569798,0.300536464367594,2,12,0,0.8432574197649956,0,20
103,0,0.6550233165423075,0,3,0,0.7207626700401306,0,10,0,0.7438608288764954,0,20
104,0,0.7295907934506735,0,3,0,0.8201437081609454,0,10,0,0.8563990235328675,0,20
105,22.605561558788597,1.012329989671707,2,20
106,19.205420531356065,0.872767170270284,2,3,0,1.268973429997762,0,6,0,1.4798087965358386,0,17,0,1.4349018335342407,0,20
107,15.184360500940803,0.5139030055566267,2,11,0,0.6106536487738291,0,17,0,0.6998241345087687,0,20
108,0,0.8220252195994059,0,3,0,1.0527393023173015,0,9,0,0.9854434620250355,0,20
109,0,0.9845377604166666,0,3,0,1.2081926465034485,0,9,0,1.130947156385942,0,20
110,0,0.9334735671679179,0,3,0,1.1979926824569702,0,8,0,1.1877928376197815,0,20
111,0.04997772391451555,0.7683681050936381,2,3,0,1.2756586737102933,0,12,0,1.3123306781053543,0,20
112,19.959193271118192,0.5126843750476837,2,6,0,1.1711401505903765,0,17,0,1.2515569130579631,0,20
113,24.221193342043378,0.5995447486639023,2,8,0,1.0077537695566814,0,17,0,1.130336880683899,0,20
114,0,0.9516582091649374,0,3,0,1.0926113639559065,0,10,0,0.8899691700935364,0,20
115,0,0.8175562620162964,0,3,0,0.9487884283065796,0,8,0,0.8825626373291016,0,20
116,0,0.8362543185551962,0,3,0,1.0704551537831624,0,9,0,0.993185967206955,0,17,0,1.1096834739049275,0,20
117,19.47282388784126,0.5506759285926819,2,9,0,1.1556480725606282,0,12,0,1.0902215957641601,0,17,0,1.312711477279663,0,20
118,10.054421975719574,0.6453871130943298,2,7,0,0.9832603534062704,0,10,0,0.9147203479494367,0,17,0,1.0099364519119263,0,20
119,0.29123225846021034,0.8727224469184875,2,3,0,1.5574794241360255,0,17,0,1.4584436416625977,0,20
120,13.51785562639795,1.1732109189033508,2,4,0,1.2627269213016217,0,17,0,1.3653754790623982,0,20
121,50.867034751629404,0.6119725315467172,2,23
122,24.794152670806778,0.6095785647630692,2,20
123,0,0.6990548372268677,0,3,0,0.8136238711220878,0,10,0,0.8326745688915252,0,20
124,15.340086206020374,0.7504212260246277,2,7,0,0.7216877539952596,0,10,0,0.7147464411599296,0,17,0,0.8935020367304484,0,20
125,14.099804000834567,1.0019478457314628,2,7,0,1.1179947972297668,0,17,0,1.2649799187978108,0,20
126,12.11760304110184,0.6737039580064661,2,17,0.8133012478088221,0.6614993214607239,2,20
127,23.920357671777154,1.3661983907222748,2,4,0,1.2171698331832885,0,9,0,1.3275096714496613,0,17,0,1.4246524969736736,0,20
128,34.96693299107273,1.029362956682841,2,3,0,1.4533406496047974,0,10,0,1.5742618526731218,0,17,0,1.4656533002853394,0,20
129,58.152152620798994,0.21208053082227707,2,8,133.5866539611576,0.17171499298678505,2,17,55.98076588187342,0.3188303420320153,2,33,23.93817051960459,1.363495945930481,2,40
130,73.38787587720682,0.14330582320690155,2,13,33.879472888212675,0.14269434577888912,2,22
131,18.767112389930475,0.461738992195863,2,13,0,0.9596444027764457,0,20
132,32.02214997033035,0.6303884784380595,2,3,54.40184132751316,0.6060083657503128,2,11,0.04340002249654358,0.5675195455551147,2,14,70.2675512594082,0.6137299910187721,2,22,7.54436555530486,0.6854248444239298,2,25,64.04305015391239,0.6282411537000111,2,53,39.10155963557521,0.8843846718470255,2,65
133,18.28889460124939,0.6917904376983642,2,5,0,1.1037934025128682,0,17,0,1.2703523635864258,0,20
134,0,0.9954710006713867,0,3,0,1.2049206733703612,0,8,0,1.0656941930452983,0,20
135,14.610096573814271,0.9178247928619385,2,10,0,0.8023175746202469,0,14,0,0.7426710923512777,0,17,0,0.8807247082392374,0,20
136,26.518189383199584,0.535427574230277,2,23
137,21.22503511993466,1.4112697541713715,2,4,0,1.2207195300322313,0,17,0,1.3640551964441936,0,20
138,23.181022799339626,0.5858916401863098,2,10,0,0.7888888567686081,0,14,0,0.6697399417559305,0,17,0,0.7495630780855814,0,20
139,0.09700120443152176,0.9321054617563883,2,3,0,1.1223718278548296,0,20
140,18.93333172527325,1.0854673385620117,2,3,0,1.4406500458717346,0,11,0,1.4712145527203877,0,17,0,1.4637810389200847,0,20
141,31.946833656837264,0.9340369403362274,2,4,0,1.1206504840117235,0,17,0,1.3402355909347534,0,20
142,0,0.8837980230649313,0,3,0,1.1666056315104167,0,9,0,1.1164602366360752,0,20
143,0.18752263020491433,0.9308413664499918,2,3,0,1.2835626751184464,0,11,0,1.2381739616394043,0,17,0,1.2210547526677449,0,20
144,0.036389323097020414,0.7558136185010275,2,3,0,1.171932206434362,0,20
145,21.217536861881406,0.2671595327556133,2,8,12.714522710249609,0.12899584074815115,2,11,19.10689806859349,0.0888041676953435,2,27,0.0799055394119605,0.2385939061641693,2,32,2.735412549335795,0.18223648890852928,2,36,24.496784126626228,0.023156072944402695,2,40,0.8131548137951299,0.288484089076519,2,44,0.13733898204259112,0.43194417655467987,2,48,16.44381768475772,0.05018802732229233,2,54,1.7973903147630645,0.25005195041497547,2,57,10.91261615118073,0.15167813375592232,2,61
146,17.912094025909177,1.3122595846652985,2,12,0,0.6880473295847574,0,15,0,0.6211660385131836,0,20
147,40.58256950180219,0.33586808688500347,2,17,0.319879644032168,0.5132849911848704,2,20
148,9.842981650529415,0.7719685584306717,2,4,0,1.091746715398935,0,17,0,1.227204958597819,0,20
149,23.85759013790401,0.9419951929765589,2,17,0.5758756165249046,0.8669852415720621,2,20
150,19.224912154358382,1.1073166579008102,2,8,0,1.052496075630188,0,11,0,1.0479669173558552,0,17,0,1.1910151640574138,0,20
151,57.08814495544231,0.22473141364753246,2,16,0,1.2925855815410614,0,20
152,6.4376948004191235,1.2315717140833538,2,6,0,1.1740353432568638,0,17,0,1.2426480054855347,0,20
153,9.875576532554849,0.5594817280769349,2,5,0,0.888260006904602,0,16,0,1.0011179149150848,0,20
154,0.30887712816168195,1.1438634792963664,2,3,0,1.4924806441579546,0,17,0,1.4315935770670574,0,20
155,14.369634732819897,1.125303953886032,2,4,0,1.2079577079186072,0,17,0,1.2928574879964192,0,20
156,0.07573008557158428,0.9556284348169962,2,3,0,1.486788312594096,0,6,0,1.4612207214037578,0,12,0,1.4117594718933106,0,17,0,1.385230302810669,0,20
157,56.91221098489358,0.3383069228042256,2,11,0,1.207520153787401,0,20
158,30.442502131643124,0.9998287829485807,2,11,0,0.9696990648905436,0,20
159,0,0.8303655783335367,0,3,0,1.0136608680089314,0,9,0,1.035786975513805,0,20
160,14.998143304331347,1.117236818586077,2,7,10.166143436974746,1.09238068262736,2,10,0,0.626608635698046,0,17,0,0.7710188428560892,0,20
161,21.949827778659063,0.7643190622329712,2,10,0,0.7874535143375396,0,20
162,2.7575052797752613,0.5615791082382202,2,3,0.09419401356713865,0.6185011466344198,2,6,0.04461135909070749,0.7150452931722006,2,9,0,0.566620722413063,0,13,0.10739132543477069,0.7000607252120972,2,17,0,0.5485045075416565,0,22,26.123388844558757,0.04539293609559536,2,30,35.37292452369098,0.03200601413846016,2,42,0.2870942056274258,0.5048034563660622,2,46,42.815703991529986,0.12396589734337547,2,57
163,21.593006449937366,0.1539311640792423,2,9,0,0.8097147941589355,0,12,0,0.6266395807266235,0,17,0,0.8549245595932007,0,20
164,27.514866308865404,1.2826354503631592,2,3,0,1.4970994740724564,0,11,0,1.5129608710606892,0,17,0,1.3952579498291016,0,20
165,0,0.808655301729838,0,3,0,0.9855170590536935,0,10,0,0.985905933380127,0,20
166,29.657597105763454,0.8334718644618988,2,12,0,0.8538721278309822,0,20
167,0,0.7466428478558859,0,3,0,0.9438568115234375,0,8,0,0.9600919087727865,0,20
168,17.087853540288204,0.5336523453394572,2,3,0,1.1199023574590683,0,11,0,1.237354612350464,0,16,0,1.1163208782672882,0,20
169,31.474630977365287,0.6082401672999064,2,3,0,1.4225008752610948,0,12,0,1.318496870994568,0,17,0,1.3469561338424683,0,20
170,17.100433229892232,0.8333376513587104,2,9,0,0.7641979257265726,0,12,0,0.6287617921829224,0,17,0,0.7637991905212402,0,20
171,32.835271631719955,0.6182525997812097,2,22
172,10.73987570439595,0.267144450545311,2,5,0,1.2902518411477406,0,17,0,1.3119303782780964,0,20
173,16.64808633175852,0.31374112516641617,2,4,0,1.2948673963546753,0,17,0,1.3715917269388835,0,20
174,21.399823511152803,0.40672224072309643,2,26
175,7.758195587145255,0.7203020112855094,2,7,0,0.9692977428436279,0,17,0,1.1365280946095784,0,20
176,0,0.7972901662190756,0,3,0,1.0596579551696776,0,8,0,1.0114562511444092,0,11,0,1.0245491464932759,0,17,0,1.0487807591756184,0,20
177,13.799457319132273,0.5252948337131076,2,9,0,0.997954805692037,0,12,0,0.9109117269515992,0,17,0,1.0982521772384644,0,20
178,15.540656861992835,0.9913674592971802,2,4,0,1.1832251732165997,0,17,0,1.407793641090393,0,20
179,0.124687617808259,0.7095635036627451,2,3,0,1.2622414976358414,0,11,0,1.2891075876024034,0,20
180,27.316388413080816,0.7764388211071491,2,16,0,0.9952364563941956,0,20
181,12.258779540505149,0.9995817054401744,2,11,0,0.9475926823086209,0,20
182,0,0.7157708803812662,0,3,0,0.8851181666056315,0,9,0,0.849028614434329,0,20
183,0,0.7474376360575358,0,3,0,0.8263342579205831,0,9,0,0.8389162908900868,0,20
184,16.941903080023607,0.37655407190322876,2,12,0,0.8403737545013428,0,17,0,0.9411114851633707,0,20
185,0,1.0870540142059326,0,3,0,1.2298988274165563,0,10,0,0.966445791721344,0,20
186,10.654844334511688,0.9852562427520752,2,10,0,0.7910172045230865,0,14,0,0.6888328194618225,0,17,0,0.7853843371073405,0,20
187,22.201354873074003,1.0447681094660903,2,33
188,56.27727017401925,0.41790135502815245,2,10,0,0.7485538423061371,0,14,0,0.6244750221570333,0,17,0,0.7041686773300171,0,20
189,21.270681713656362,0.6487782150506973,2,4,0,1.3620248757875884,0,17,0,1.4139271974563599,0,20
190,22.196798476466483,0.522221489386125,2,11,0,0.7588408589363098,0,14,0,0.6138243079185486,0,17,0,0.7394410967826843,0,20
191,0.11489625507895732,0.9288632472356161,2,3,0,1.4412226166043962,0,17,0,1.3619746764500935,0,20
192,0,0.87505175669988,0,3,0,1.2060152769088746,0,8,0,1.0669129490852356,0,14,0,0.9637393951416016,0,17,0,1.0405460596084595,0,20
193,0,1.0173359314600627,0,3,0,1.2399624586105347,0,8,0,1.1142867671118841,0,17,0,1.1657623052597046,0,20
194,24.838079417622577,0.2877234634425905,2,9,0,1.0788296858469646,0,12,0,0.9945139169692994,0,17,0,1.193448821703593,0,20
195,32.35630961302863,0.7758527000745138,2,3,0,1.3422936995824177,0,6,0,1.3697968324025471,0,12,0,1.264417791366577,0,17,0,1.2589082717895508,0,20
196,0.4144520742650144,1.1269057194391887,2,3,0,1.5446486870447795,0,6,0,1.5624074935913086,0,17,0,1.5290357271830242,0,20
197,36.475368288858725,0.6917053864282721,2,34,61.32209522159429,0.8711521284920829,2,41
198,32.86116248647587,0.34666167944669724,2,4,0,0.8335501352945963,0,7,39.67880015624588,0.36800767568980947,2,41
199,0,0.8591603636741638,0,3,0,1.1228962937990825,0,9,0,1.0277277447960593,0,20
200,37.162364725318156,0.28841221779584886,2,20
201,9.002303457450187,0.7738828659057617,2,10,0,0.9199177878243583,0,17,0,1.14468518892924,0,20
202,40.3934257015797,0.41417225712054484,2,37
203,16.968411946368644,0.8740747570991516,2,4,0,0.9694121984335092,0,17,0,1.074992338816325,0,20
204,46.54211590648451,0.9269288976987203,2,6,104.56719796904825,0.6440264463424683,2,11,44.44237165627044,0.7387130657831827,2,14,21.944955301176975,0.8159081141153971,2,17,0,0.7878506779670715,0,20
205,84.6407963260298,0.7174371778964996,2,6,20.01993690803161,0.5901483947580511,2,17,3.1907595352269893,0.5589557488759359,2,20
206,16.88158181061363,0.9476028283437093,2,3,5.3577765162597695,0.8837053775787354,2,6,0,0.8899644288149747,0,17,0,0.9615161418914795,0,20
207,16.855880618367955,0.9972490549087525,2,5,0,1.5964686274528503,0,17,0,1.6720034281412761,0,20
208,47.11972995237327,0.4463514576355616,2,30
209,0,0.951422929763794,0,3,0,1.1156519310814994,0,10,0,0.9726958445140294,0,17,0,0.9613310496012369,0,20
210,21.05587242399697,0.3872185419587528,2,17,0.4439822520804886,0.5543611645698547,2,20
211,16.39463573561646,0.9437091827392579,2,5,0,1.3497239251931508,0,17,0,1.5117913087209065,0,20
212,16.231248026438408,0.7648073136806488,2,4,0,1.0725199901140654,0,17,0,1.1570463180541992,0,20
213,24.529493865327026,0.514055198431015,2,5,0,1.2010669708251953,0,8,0,1.3161797391043768,0,17,0,1.3891772429148357,0,20
214,30.967105371227902,0.4193756878376007,2,5,0,1.2118188937505086,0,17,0,1.3269739548365276,0,20
215,0,1.0489248832066853,0,3,0,1.2395901679992676,0,9,0,1.0538197755813599,0,20
216,32.74691457289294,0.6515806423766273,2,28
217,0,0.620898981889089,0,3,0,0.6056201855341593,0,9,0,0.5842125090685758,0,20
218,0,0.732357919216156,0,3,0,0.7931541119303022,0,10,0,0.8334240794181824,0,20
219,12.581943979639984,0.14618060365319252,2,4,0,1.2040153191639826,0,17,0,1.2565583785374959,0,20
220,34.95937533796152,0.5949501693248749,2,4,0,0.6040914471332843,0,17,0,0.7226524949073792,0,20
221,18.488018009236757,0.3702119163104466,2,7,0,1.092726747194926,0,10,0,1.180104340825762,0,17,0,1.3019802570343018,0,20
222,25.727524855023866,1.1551342407862346,2,3,0,1.6282454878091812,0,11,0,1.6852327783902485,0,17,0,1.6552155017852783,0,20
223,35.823769678682766,0.497323972483476,2,12,0,0.7891806364059448,0,20
224,25.599973961004228,0.8901861906051636,2,3,0,1.2783316373825073,0,6,0,1.314785401026408,0,12,0,1.2846198320388793,0,17,0,1.3547672430674236,0,20
225,22.276467791183947,1.4188693463802338,2,4,0,1.0100085020065308,0,9,0,1.4116767048835754,0,17,0,1.5977551539738972,0,20
226,18.112433165551156,1.121706519808088,2,14,5.00423093604767,0.9620420138041178,2,17,20.013082990559685,1.1249967217445374,2,23
227,12.69864555459117,0.6894111434618632,2,3,0,1.2484180529912312,0,6,0,1.3571356426585803,0,17,0,1.3594426314036052,0,20
228,17.53435394617319,0.7464265823364258,2,6,0,1.208339124917984,0,10,0,1.2573062692369734,0,17,0,1.298382004102071,0,20
229,12.800921466329108,1.329405387242635,2,3,0.5503079003624453,1.237034273147583,2,8,0,1.0765230258305867,0,11,0,1.0832393566767375,0,17,0,1.1987837950388591,0,20
230,8.93347772117538,0.593173106511434,2,3,0,1.3031651841269598,0,12,0,1.3631999492645264,0,17,0,1.3334392309188843,0,20
231,18.548663438772188,1.0625389575958253,2,10,0,0.961332231760025,0,14,0,0.8284220695495605,0,17,0,1.1094989379247029,0,20
232,0.23337697483388684,1.0544004042943318,2,3,0,1.4202609062194824,0,11,0,1.4325536092122395,0,17,0,1.3724817832310994,0,20
233,12.395276961053737,0.9335534870624542,2,4,0,1.1327206492424011,0,12,0,1.0772435426712037,0,17,0,1.0999423265457153,0,20
234,0,0.733400305112203,0,3,0,0.8042141880307879,0,10,0,0.8410334050655365,0,20
235,17.68062551453072,0.860392227768898,2,16,0,1.1981940567493439,0,20
236,0.21741658564178326,0.9893865585327148,2,3,0,1.4145774576399062,0,12,0,1.3879538297653198,0,17,0,1.2910566727320354,0,20
237,12.826847072577019,0.3566705405712128,2,5,0,1.1608736912409465,0,8,0,1.2147623830371432,0,17,0,1.310546080271403,0,20
238,35.90646756074739,0.41289379199345905,2,3,0,1.0461466908454895,0,17,0,1.1850860118865967,0,20
239,3.2115735363464526,0.5114817519982656,2,3,82.07017905461063,0.02186759188771248,2,23
240,0,0.7715373635292053,0,3,0,0.8500588451113019,0,10,0,0.8660840392112732,0,20
241,0.04550172772288534,0.7708815336227417,2,3,0,1.3112035709268905,0,20
242,0,0.6668026844660441,0,3,0,0.7464302437646049,0,10,0,0.7633477509021759,0,20
243,13.721587594359432,0.3892822066942851,2,3,0,1.3615585962931316,0,12,0,1.3484650135040284,0,17,0,1.3147037426630657,0,20
244,14.726640831115683,0.8955681324005127,2,3,0,1.659140494134691,0,12,0,1.5680327653884887,0,17,0,1.4573631683985393,0,20
245,0,0.6672884821891785,0,3,0,0.6955611308415731,0,9,0,0.6845460046421398,0,20
246,0,0.7103625933329264,0,3,0,0.7498048146565756,0,9,0,0.7004641592502594,0,17,0,0.8136528730392456,0,20
247,0,0.89382537206014,0,3,0,1.1144744396209716,0,8,0,1.0883161226908367,0,17,0,1.196423331896464,0,20
248,0,0.6743116577466329,0,3,0,0.787434961114611,0,10,0,0.7897962510585785,0,20
249,0,0.9102962017059326,0,3,0,1.1904149055480957,0,8,0,1.154504617055257,0,11,0,1.1784534255663555,0,17,0,1.2369118134180705,0,20
250,0.31275939864840735,0.5924203793207804,2,3,0,1.2698060018675668,0,17,0,1.196996529897054,0,20
251,0.26048357613096124,0.6788824200630188,2,3,0,1.4478212665109074,0,20
252,72.56522225718608,0.31550832665883577,2,13,0,0.8600572603089469,0,20
253,10.25972680800087,1.1256269216537476,2,3,0,1.2467557589213054,0,6,0,1.1531197031339009,0,12,0,1.191477108001709,0,17,0,1.2132415374120076,0,20
254,10.389277405654246,0.45525960251688957,2,8,42.543645979454816,0.6051270159391257,2,21
255,36.137981880308054,1.0786585330963134,2,5,0,1.3767657379309337,0,17,0,1.6835228204727173,0,20
256,25.85154411310687,0.7325035507480303,2,24,84.83020753233026,0.9857251405715942,2,29
257,49.66240162795037,0.3912162645296617,2,22,34.72270986987067,0.345468004544576,2,25
258,33.574615651830456,0.799036423365275,2,6,0,1.21890436519276,0,17,0,1.316906452178955,0,20
259,16.807473507053043,0.919425908724467,2,15,0,0.8935555338859558,0,20
260,0.3996081558832067,1.1220722198486328,2,3,0,1.4188838005065918,0,11,0,1.378718634446462,0,17,0,1.334671934445699,0,20
261,23.37678281126475,0.5372129732912237,2,11,0,0.6145653029282888,0,14,0,0.4754869242509206,0,17,0,0.584845632314682,0,20
262,11.251488129779554,0.46453186124563217,2,12,0,0.6213284283876419,0,20
263,0,0.7691905498504639,0,3,0,0.8288075753620693,0,10,0,0.8336601495742798,0,20
264,0,0.8262007832527161,0,3,0,1.053911526997884,0,9,0,1.1269118135625666,0,20
265,0.15797477859451275,1.08801273504893,2,3,0,1.4991792837778728,0,12,0,1.5133184432983398,0,17,0,1.4760044018427532,0,20
266,13.999461143240785,0.40877215067545575,2,12,0,0.8187451660633087,0,20
267,0,0.8727632959683737,0,3,0,1.1265907764434815,0,8,0,1.0399516820907593,0,11,0,1.0834314028422039,0,17,0,1.1810987790425618,0,20
268,14.639921502890331,1.0489602486292522,2,3,26.7157224851119,1.1038982697895594,2,10,43.91511826563097,1.1608210901419322,2,22
269,0.2777412279635922,0.9756342569986979,2,3,0,1.4617535769939423,0,11,0,1.458046019077301,0,17,0,1.3796239296595256,0,20
270,15.5880478466468,0.24271415174007416,2,4,0,1.1204421795331514,0,17,0,1.1917462746302288,0,20
271,0,0.9455946882565817,0,3,0,1.112691831588745,0,8,0,1.0030849079291027,0,20
272,0,0.743525505065918,0,3,0,0.9486799637476603,0,9,0,0.9586974382400513,0,20
273,10.849061948109506,0.4238337516784668,2,5,0,1.1910765667756398,0,17,0,1.3069260915120442,0,20
274,0,0.7332200805346171,0,3,0,0.8213112354278564,0,10,0,0.8600066542625427,0,20
275,21.51702718328732,0.22735708579421043,2,4,0,1.280449161162743,0,17,0,1.2659337123235066,0,20
276,23.708743745173802,0.26053866744041443,2,5,0,1.1260517239570618,0,17,0,1.255332589149475,0,20
277,0.3178220564405993,0.9603726863861084,2,3,0,1.6798834651708603,0,11,0,1.6402695178985596,0,17,0,1.544101635615031,0,20
278,25.39647050951641,0.1253094250957171,2,12,0.4152050064773368,0.23788082599639893,2,16,26.050390676196898,0.08317160109678905,2,19,0.6371336619121701,0.2747393647829692,2,22,24.173974389352523,0.10943373416860898,2,34,0,0.1633005440235138,0,38,116.4990506369173,0.28296520859003066,2,58
279,0.23969041772321642,0.9858173926671346,2,3,0,1.6129234234491985,0,12,0,1.589416003227234,0,17,0,1.4762861728668213,0,20
280,33.58756069901883,1.6239145696163177,2,8,42.00267160817494,1.5356825079236711,2,15,45.34828995744763,0.4132218715690431,2,36
281,28.112522048067046,1.0460295677185059,2,17,1.3456421900755768,0.8515013853708903,2,20
282,22.14015028289795,0.6729424639984414,2,27,315.8066346910921,0.10722746056589214,2,71,163.1207495013569,0.08285774787267049,2,80,258.7934812079166,0.053190079552155954,2,107,109.8973181197725,0.0902850478887558,2,110
283,0,0.8131789763768514,0,3,0,1.0561371048291524,0,9,0,1.0181014754555442,0,20
284,13.802056925197677,0.9351755142211914,2,5,0,1.1309537688891094,0,17,0,1.3440794944763184,0,20
285,18.382667369604114,0.7642548084259033,2,8,0,1.1508249839146931,0,17,0,1.3639142513275146,0,20
286,32.11291381417162,1.3434882760047913,2,4,0,1.1390705016943126,0,17,0,1.2583987315495808,0,20
287,23.452275525385872,0.627412936091423,2,20
288,31.20130771328902,0.7745740413665771,2,8,26.491223775691747,0.2601507306098938,2,13,0.158900712776012,0.2969379872083664,2,17,14.414699522207046,0.02292383462190628,2,21,21.891894699583094,0.07237685133110393,2,32,102.28117428063061,0.10503222544987996,2,35,168.8718935199795,0.12054141759872436,2,45,50.822181713830666,0.07812159657478332,2,55,1.7880710915891187,0.21937894821166992,2,58,51.77209917619501,0.019237861037254333,1,77,0.17516653465191076,1.196108301480611,2,83,0,1.1307926893234252,0,88,0,0.8879766762256622,0,92,31.69256572152673,0.02287609875202179,2,96,0.10954942634950983,0.5105981230735779,2,99
289,0,0.905841588973999,0,3,0,1.1727003812789918,0,8,0,1.0969276825586955,0,11,0,1.1221221486727397,0,17,0,1.2223514715830486,0,20
290,35.08086477405655,0.26197164302522485,2,11,0,0.9108097553253174,0,17,0,1.0628151098887126,0,20
291,0.26120077732566405,0.9660772879918417,2,3,0,1.4352329969406128,0,12,0,1.3696785926818849,0,17,0,1.2904018958409627,0,20
292,4.113825743428058,0.3972020049889882,2,3,0,1.0342275963889227,0,12,0,1.1175075054168702,0,17,0,0.9581043720245361,0,20
293,35.90351345266644,0.5372325833196994,2,27
294,0,0.8083871404329935,0,3,0,0.9946577310562134,0,8,0,0.8863363265991211,0,20
295,0,0.7801920572916666,0,3,0,0.9250548481941223,0,9,0,0.9186935966665094,0,20
296,17.024244821903405,1.0636221170425415,2,3,0,1.185237447420756,0,6,0,1.3625904538414695,0,17,0,1.384027083714803,0,20
297,0,1.0548195838928223,0,3,0,1.2871214151382446,0,9,0,1.0043815266002307,0,20
298,22.83459790616773,0.5756225347518921,2,5,0,1.1981639862060547,0,17,0,1.2955409288406372,0,20
299,15.675898077524357,0.8660144408543905,2,3,0,1.3266030152638753,0,12,0,1.2197943210601807,0,17,0,1.2204903761545818,0,20
300,11.045812366013989,0.7250727266073227,2,4,0,1.1527834030298085,0,17,0,1.205427606900533,0,20
301,12.764237028540917,0.8098573486010233,2,6,0,1.3830064643513074,0,17,0,1.5014434655507405,0,20
302,0.06882100179963473,1.006655176480611,2,3,0,1.2147447291542501,0,20
303,24.614619214480246,1.2146138548851013,2,4,0,1.2171890437602997,0,12,0,1.171999979019165,0,17,0,1.1775416533152263,0,20
304,23.753385764902927,0.5945737674122765,2,42,36.864247044860264,0.46932787767478396,2,70,44.48134002853578,0.47516494350773947,2,84,22.719720963465264,0.4906613230705261,2,87
305,26.793579928723187,0.7153400406241417,2,8,163.81323381929147,0.3446265637874603,2,13,0,0.8242838723318917,0,20
306,19.973055718847654,1.1098947525024414,2,4,0,1.587311014533043,0,12,0,1.6722164869308471,0,17,0,1.6746062437693279,0,20
307,29.220802081815634,0.8539336025714874,2,4,0,1.2317529618740082,0,8,0,1.2252801259358723,0,17,0,1.32610817750295,0,20
308,24.74791434306104,0.5612193395694097,2,12,0,0.8150307089090347,0,20
309,19.90924957885762,0.6814189354578654,2,12,0,0.767277680337429,0,20
310,18.057407341535225,1.4355356295903523,2,6,0,1.2093261046843096,0,17,0,1.4102511803309123,0,20
311,0,0.6347192128499349,0,3,0,0.6916183233261108,0,9,0,0.9590232047167692,0,20
312,0,0.9014019171396891,0,3,0,1.1080147266387939,0,8,0,1.0697977542877197,0,20
313,0,0.6473889152208964,0,3,0,0.6539868513743082,0,9,0,0.6391416083682667,0,20
314,19.259325737010712,1.097827707018171,2,7,0,0.8348146677017212,0,10,0,0.9404541594641549,0,17,0,1.0654596487681072,0,20
315,0,0.7187840938568115,0,3,0,0.7808108244623456,0,10,0,0.8188040256500244,0,20
316,0,0.7044277191162109,0,3,0,0.7805546621481577,0,9,0,0.7826644073833119,0,20
317,13.689585501693879,0.20311147719621658,2,4,0,1.4918302389291616,0,17,0,1.5730369091033936,0,20
318,0,0.8722712198893229,0,3,0,1.1119172334671021,0,8,0,1.1422497928142548,0,20
319,23.864162333150404,0.695792593061924,2,8,0,1.0371482372283936,0,12,0,0.981638503074646,0,17,0,1.1812783082326253,0,20
320,17.04408262141481,0.4141790305866915,2,17,30.2054937437178,0.4704004153609276,2,21,47.21855261447589,0.48520589313086343,2,55
321,3.1559548792526315,0.9380955457687378,2,5,0,0.9671443303426107,0,8,0,0.9744669066535102,0,17,0,1.0472702980041504,0,20
322,9.107378415473278,0.4853908930506025,2,7,0,1.131704366207123,0,17,0,1.1850063403447468,0,20
323,0,0.7972123622894287,0,3,0,0.904597350529262,0,10,0,0.8785094499588013,0,20
324,18.266845523077404,1.0403380990028381,2,4,0,1.3421533566254835,0,17,0,1.5281121333440144,0,20
325,42.60477620224406,1.8534894188245137,2,6,0,1.1087364554405212,0,10,127.54970836271606,1.8205656444325167,2,27,0.14177524957602114,1.3275467952092488,2,30,154.16914375356188,1.8176383078098297,2,34,33.14928728807467,1.8147553602854412,2,37,133.58262561948396,1.720494230588277,2,49,66.89829731400792,0.13136013991692486,2,66,0.1731123530101048,0.5982925891876221,2,69,90.24352347548468,0.09044632315635681,2,72,0,0.9619183739026388,0,78,84.28002575418736,0.15750044264963695,2,92,0,0.7998207410176595,0,95,72.18277340607833,0.15845895310242972,2,98,0.17355705372372532,0.39106301963329315,2,101,80.54635020274117,0.12955248852570853,2,116
326,20.992811135334378,1.0984483242034913,2,5,0,1.3237191041310628,0,17,0,1.4425441821416218,0,20
327,11.388879653071967,0.7638098783791065,2,16,0,1.060363918542862,0,20
328,19.330727871724243,0.2765630453824997,2,5,0,0.9006745119889578,0,17,0,1.0158602396647136,0,20
329,33.123259207037805,1.159541293978691,2,8,0,1.2223833004633586,0,17,0,1.4592894315719604,0,20
330,38.47073932395674,0.3397655785083771,2,6,0,0.9192595879236857,0,9,0,0.6922593638300896,0,17,0,0.795420785744985,0,20
331,18.018907928677866,1.1095844847815377,2,7,0,0.8531309366226196,0,10,0,0.8249284539903913,0,17,0,0.9560254812240601,0,20
332,6.096130237059643,0.14272914826869965,2,4,0,1.0809860596290002,0,17,0,1.128096620241801,0,20
333,0,0.7591524124145508,0,3,0,0.8886583873203823,0,10,0,0.8973201751708985,0,20
334,16.15272332505039,0.5653814196586608,2,5,0,1.2386474013328552,0,17,0,1.3869089285532634,0,20
335,0.08920973587327494,0.8626806338628134,2,3,0,1.1924622970468857,0,20
336,0,0.8323943614959717,0,3,0,1.015269160270691,0,10,0,1.0435286045074463,0,20
337,0.2679769542597907,0.7881953517595927,2,3,0,1.2834393713209364,0,12,0,1.1351195573806763,0,17,0,1.1146270434061687,0,20
338,0.11836710383147887,1.146924575169881,2,3,0,1.4877070307731628,0,13,0,1.5100208818912506,0,17,0,1.4270160992940266,0,20
339,8.931149609665562,0.18245260789990425,2,4,0,1.0854124923547108,0,16,0,1.113196611404419,0,20
340,12.766566876069168,0.6651339530944824,2,4,0,1.1340819150209427,0,12,0,0.9850951194763183,0,17,0,1.0381684303283691,0,20
341,2.4272271314795115,0.7084852854410807,2,3,0.04494570955587428,0.497396445274353,2,8,52.206500108376154,0.30220015236624964,2,35,42.52623042116605,0.3647746443748474,2,45,0.3447116775008591,0.4966040849685669,2,48,37.18683378984109,0.4796739561217172,2,55,25.982362234215632,1.5941930711269379,2,59,0.3944587961204711,1.2475340366363525,2,62,20.87141091356203,1.4351078271865845,2,69
342,0.2722221938273435,0.9275146722793579,2,3,0,1.407977655529976,0,11,0,1.3381097912788391,0,17,0,1.233292579650879,0,20
343,9.916589138098955,1.3496998378208704,2,7,0,0.7447462280591329,0,10,0,0.8023806469781058,0,17,0,0.9368894100189209,0,20
344,20.531747347324544,0.9605887234210968,2,4,0,1.2745203238267164,0,17,0,1.4030234416325886,0,20
345,15.794959426135286,0.528892993927002,2,4,0,1.2665912707646687,0,7,0,1.574090109931098,0,16,0,1.5857280790805817,0,20
346,19.725329918056786,0.844298392534256,2,4,0,1.3889937549829483,0,12,0,1.337481927871704,0,17,0,1.389588475227356,0,20
347,4.8952172447499205,0.8117328484853109,2,3,0,1.3024253447850545,0,6,0,1.4510759331963279,0,17,0,1.4145941336949666,0,20
348,20.786000724064685,0.7765360673268636,2,12,0,0.9107453003525734,0,20
349,40.08407552053667,0.6412650545438131,2,3,0,1.2666130860646565,0,6,0,1.2870454788208008,0,17,0,1.2976576884587605,0,20
350,13.877875190592599,0.7586962381998698,2,3,0,1.1809791326522827,0,6,0,1.2756529721346768,0,17,0,1.2299144665400188,0,20
351,27.21866657670146,0.730377713839213,2,6,0,1.429151470010931,0,17,0,1.6477020581563313,0,20
352,34.44714704410562,1.489425703883171,2,8,0.7749995122702263,1.7733166217803955,2,11,0.3388111016709777,1.5712809165318806,2,14,0.057970541369423,1.3850973049799602,2,17,109.76834766114196,1.4751530289649963,2,21,0.126953790537409,1.0999064246813457,2,27,0.29092292102734585,1.0497270425160725,2,30,35.84266023330776,0.20230339467525482,2,34,23.773777604387444,0.3384690135717392,2,37,104.18432128694353,1.549199177668645,2,50
353,0,0.9648850758870443,0,3,0,1.2351401646931965,0,9,0,1.232132613658905,0,17,0,1.2749488751093547,0,20
354,21.386727660212145,0.5919885635375977,2,9,0,1.197399894396464,0,12,0,1.1231568157672882,0,16,0,1.3145909905433655,0,20
355,12.831954708701044,1.0508656799793243,2,4,0,1.0867102146148682,0,17,0,1.2953823804855347,0,20
356,0,0.8599010507265726,0,3,0,1.137191911538442,0,9,0,1.0021784630688755,0,20
357,27.701590435827168,1.3677990585565567,2,8,0,1.0016463200251262,0,17,0,1.2562961181004841,0,20
358,12.859305810957945,0.7720963507890701,2,12,0,0.8313916772603989,0,20
359,0,0.9129711190859476,0,3,0,1.2332305669784547,0,8,0,1.134226401646932,0,17,0,1.2243424654006958,0,20
360,16.523240459465406,1.4319412310918171,2,3,0,1.3359698057174683,0,6,0,1.5306004610928623,0,17,0,1.4898494482040405,0,20
361,10.62428331794003,0.911402678489685,2,5,0,1.3563168730054582,0,12,0,1.3567256927490234,0,17,0,1.4780060052871704,0,20
362,0,0.8763054211934408,0,3,0,1.132840895652771,0,8,0,1.0352972348531086,0,11,0,1.0786904295285542,0,17,0,1.1794971227645874,0,20
363,4.704556465797486,0.7045377641916275,2,4,0,1.3217164874076843,0,12,0,1.387379676103592,0,16,0,1.4013584554195404,0,20
364,0,0.8299736181894938,0,3,0,1.0755085349082947,0,9,0,0.9523989178917625,0,20
365,0,0.8079493045806885,0,3,0,0.9930374622344971,0,9,0,1.0039755322716453,0,20
366,38.686216088161835,0.26415268428947614,2,23,1.5004227208234902,0.30972591042518616,2,26,45.42489150785095,0.1791419621024813,2,33,7.9451866732666465,0.24305481712023416,2,36,43.10205839767108,0.22679986466060986,2,47,1.645689367599585,0.6034536163012186,2,50,6.581115789550102,0.41554420193036395,2,53
367,32.47939159002541,1.237066109975179,2,3,0,1.3068188031514485,0,12,0,1.3769659757614137,0,17,0,1.439920981725057,0,20
368,0,0.7773826122283936,0,3,0,0.9820503393809,0,9,0,0.9304024848071012,0,20
369,0,0.7757294972737631,0,3,0,0.9669521195547921,0,10,0,0.9094223141670227,0,20
370,0,0.6512767473856608,0,3,0,0.7197859031813485,0,10,0,0.7408777832984924,0,20
371,0,1.1338353554407756,0,3,0,1.334679058619908,0,10,0,1.188057267665863,0,20
372,0,0.9092944463094076,0,3,0,1.178951382637024,0,8,0,1.1207573016484578,0,11,0,1.1447526613871257,0,17,0,1.2390470902125041,0,20
373,0,0.8315161069234213,0,3,0,1.0208826462427776,0,9,0,1.0383297530087559,0,20
374,79.1757183345839,0.19529097633702414,2,7,123.11497315794672,0.15093240063441427,2,26
375,57.79404660831508,0.23938046246767045,2,10,0,0.8579629063606262,0,14,0,0.7646669546763102,0,17,0,0.969994068145752,0,20
376,0,0.9861692190170288,0,3,0,1.2729001760482788,0,8,0,1.269089976946513,0,20
377,0,1.16262153784434,0,3,0,1.1946531193596976,0,10,0,1.2028192111424036,0,17,0,1.2727125485738118,0,20
378,20.780742647683322,0.5935847078050885,2,7,0,0.9812978506088257,0,10,0,1.1411699056625366,0,17,0,1.2968083620071411,0,20
379,0,0.8485733270645142,0,3,0,1.0954980850219727,0,8,0,1.012296822335985,0,17,0,1.1282548507054646,0,20
380,25.411139791191253,0.5958340210574014,2,28
381,22.415015171880732,0.8008766770362854,2,14,0,0.7280992766221365,0,20
382,0.12230523893737127,0.854499896367391,2,3,0,1.2828460420880998,0,10,0,1.324099838733673,0,20
383,18.258263928187564,0.5053926354104822,2,11,0,0.6323843797047933,0,14,0,0.4927554925282796,0,17,0,0.605162521203359,0,20
384,22.850909651921388,0.9114302737372262,2,35,36.46263452328259,0.9199242194493612,2,38
385,0.1894489165159479,0.8632662097613016,2,3,0,1.6177799966600206,0,12,0,1.5928115606307984,0,17,0,1.4684587717056274,0,20
386,20.036960168287816,0.7685093747244941,2,18,37.119692766451514,0.37389335632324217,2,23,64.0370837517763,0.230737005963045,2,40,48.022559198300584,0.34134585162003833,2,46
387,28.21139436591252,1.0644180059432984,2,5,0,1.1252498825391133,0,17,0,1.2577070395151775,0,20
388,10.81705396586075,1.0430694421132405,2,3,0,1.4397904872894287,0,6,0,1.4886234203974407,0,12,0,1.4914250373840332,0,17,0,1.4716291824976604,0,20
389,38.71878888091971,0.37949354095118387,2,28,23.698360868915604,0.4791334668795268,2,31,3.12989730925358,0.7068377137184143,2,34
390,12.693340929783862,0.4492792561650276,2,4,0,0.8238032689461341,0,17,0,0.8960488637288412,0,20
391,12.491228185029351,0.7885371843973795,2,3,0,1.551591952641805,0,6,0,1.5122801150594438,0,20
392,10.598153782701443,0.45584096312522887,2,15,0,0.9333138585090637,0,20
393,26.901472629207355,0.7872866779565811,2,20
394,12.826061346807792,1.4806455544063024,2,7,0,1.1896920680999756,0,17,0,1.3204937378565471,0,20
395,35.3623256374563,0.46270161098049534,2,31,26.06855466007079,0.5916303873062134,2,36,0.04609157037290763,0.9797782103220621,2,39,18.320539125897337,0.8405215513138544,2,60
396,17.30436246316426,1.3819672763347626,2,4,0,1.4032331154896662,0,17,0,1.481390913327535,0,20
397,15.494614035384902,0.9789102792739868,2,15,0,0.9812289357185364,0,20
398,41.78728536757558,0.40767885372042656,2,16,0,1.1282900869846344,0,20
399,0.24841562796459635,0.9510220289230347,2,3,0,1.3568895906209946,0,11,0,1.3895354668299358,0,17,0,1.2893755833307903,0,20
400,0.2966162295512257,0.9014389713605245,2,3,0,1.3936441838741302,0,11,0,1.3611926635106404,0,17,0,1.2295055389404297,0,20
401,15.476682712571392,0.8736914396286011,2,8,0,1.0761200586954753,0,11,0,1.1054799755414326,0,17,0,1.2496665716171265,0,20
402,10.50357077377397,0.41568467683262295,2,9,0,0.9086851676305135,0,12,0,0.7240874171257019,0,16,0,0.8953202962875366,0,20
403,35.566548984288,0.35317388718778436,2,22,42.038071566846405,0.32287696855408804,2,43
404,0,0.8234219551086426,0,3,0,0.976316111428397,0,10,0,1.002245581150055,0,20
405,28.23848166278779,0.46949622460774015,2,21
406,18.026822739129564,0.8956030905246735,2,4,0,1.143342559154217,0,17,0,1.1608726978302002,0,20
407,26.878056415535518,1.068355957667033,2,3,0,1.2642351786295574,0,6,0,1.337740921974182,0,11,0,1.3732259472211201,0,17,0,1.4139026800791423,0,20
408,22.46408785414458,0.9489203890164694,2,6,281.62437136789066,0.15457598865032196,2,9,136.5771608004291,0.20175159065162435,2,26
409,52.61300322438672,0.48256148610796246,2,7,7.501877232933119,0.8475035826365153,2,13,0,0.8040361404418945,0,16,0,0.7817441076040268,0,20
410,24.37019608477665,0.3588985979557037,2,10,0,0.8692819774150848,0,14,0,0.7366124391555786,0,17,0,0.9133069117863973,0,20
411,21.602081688727715,0.3249332408110301,2,6,0,0.9723452627658844,0,10,0,0.9624130896159581,0,17,0,1.1258037487665813,0,20
412,21.85316650352249,0.938833753267924,2,3,0,1.3371566534042358,0,6,0,1.300471266110738,0,12,0,1.3145199298858643,0,17,0,1.3197291294733684,0,20
413,29.88251196609415,0.8676823798347922,2,17,0,1.2566367387771606,0,20
414,47.94111125477677,0.3773964047431946,2,13,59.798039935889875,0.3734309287632213,2,30
415,18.070800495284406,0.7929630279541016,2,5,0.03836035432645539,0.6893633107344309,2,11,36.735242210960074,0.6855931282043457,2,17,4.337602424099936,0.7040219902992249,2,20
416,30.056162219346568,1.7580303152402241,2,6,0,1.126100742816925,0,16,0,1.3803388178348541,0,20
417,0,0.8863785664240519,0,3,0,1.0766881704330444,0,9,0,0.9476308714259755,0,20
418,22.470178273476577,0.8268082141876221,2,4,0,1.424983629813561,0,17,0,1.5055200656255086,0,20
419,35.246180537218976,0.692849691097553,2,52,21.93589758552142,0.7370621760686239,2,55
420,6.178133199475777,0.7592385888099671,2,5,0,0.9030317465464274,0,8,0,0.9223167896270752,0,17,0,1.0241370995839436,0,20
421,0,0.7970991134643555,0,3,0,0.931209819657462,0,10,0,0.9026893615722656,0,20
422,0.15643227489602735,0.9850536982218424,2,3,0,1.3577438725365534,0,12,0,1.251948618888855,0,17,0,1.2199467420578003,0,20
423,8.437569773194625,1.2294198274612427,2,4,0,1.150534382233253,0,17,0,1.2774133682250977,0,20
424,0.270057824339058,1.1131465832392375,2,3,0,1.4475058317184448,0,6,0,1.4381392218849876,0,17,0,1.3621688683827717,0,20
425,12.808551186447122,0.3444413585322244,2,7,0,1.0640209118525188,0,10,0,1.0310132333210535,0,17,0,1.1518697341283162,0,20
426,258.594682827478,1.4700795650482177,2,5,708.9443791119694,1.9183258517928745,3,51,883.8053907838906,1.985565710067749,3,66,410.2889053979475,1.9270926713943481,3,75,585.6847345440757,1.9256266696112496,3,89
427,15.430812035910456,0.7369569106535478,2,11,0,1.0600358247756958,0,20
428,17.69145435199485,1.3063662810759111,2,11,0,1.1816385587056477,0,20
429,0,0.7320773005485535,0,3,0,0.8638453284899393,0,9,0,0.8730622313239358,0,20
430,25.1613873470817,1.4834436972935994,2,3,0,1.1712146467632718,0,12,0,1.2045437335968017,0,17,0,1.3077669938405354,0,20
431,78.99970077342137,0.17412541061639786,2,10,105.02113857978765,0.20385017494360605,2,22
432,17.889600409002345,0.6009584267934164,2,12,0,0.8728032350540161,0,17,0,1.1566946109135945,0,20
433,30.475640888319273,0.7820345759391785,2,11,0,0.8166489203770956,0,14,0,0.6861644387245178,0,17,0,0.8392717043558756,0,20
434,15.128270278870756,0.691167414188385,2,8,0,1.0295962889989216,0,11,0,1.0140694777170818,0,17,0,1.2101595799128215,0,20
435,27.226595338562625,0.8981807430585226,2,12,0,0.8050419241189957,0,20
436,9.426442366256925,0.3375036352210575,2,9,0,1.0560534397761028,0,12,0,0.9487823009490967,0,17,0,1.173710028330485,0,20
437,9.475108701998124,0.8170450131098429,2,12,0,0.951768159866333,0,20
438,12.85888283682352,0.4749116698900859,2,3,0,1.1391688585281372,0,12,0,1.1015717029571532,0,17,0,1.1246477762858074,0,20
439,21.52357266873493,1.6040093473025732,2,14,0,1.1280713478724163,0,20
440,26.691608326962832,1.3130253354708354,2,12,0,0.7867486998438835,0,20
441,22.467841301903764,1.4389007488886516,2,6,0,1.3733295093883167,0,17,0,1.622654875119527,0,20
442,0,0.7353082497914633,0,3,0,0.833713003567287,0,10,0,0.8184514284133911,0,20
443,0.1318862806241754,0.7069081366062164,2,3,0,1.1355698585510254,0,13,0,1.1204951107501984,0,17,0,1.0261785984039307,0,20
444,34.60128202820767,0.27621046431136853,2,33
445,0,0.6428328156471252,0,3,0,0.6525053083896637,0,9,0,0.6325617866082625,0,20
446,0.19275524540470737,0.7791251738866171,2,3,0,1.4728587865829468,0,12,0,1.4923949837684631,0,16,0,1.361005812883377,0,20
447,18.10797885731171,1.4369172354539235,2,12,0,0.9997688680887222,0,20
448,23.06794078950205,1.1371297877410362,2,29
449,23.46433427315908,0.9936753511428833,2,4,0,1.3183401089448195,0,17,0,1.4679585297902424,0,20
450,0.13973696803730248,1.0145072142283122,2,3,0,1.5148853593402438,0,12,0,1.5359045743942261,0,17,0,1.4355264902114868,0,20
451,24.987263223841204,1.2656992435455323,2,5,0,1.4209720293680828,0,8,0,1.431628680229187,0,13,0,1.322344223658244,0,16,0,1.2286659479141235,0,20
452,0,0.7306892077128092,0,3,0,0.7922036732946124,0,10,0,0.8276604413986206,0,20
453,11.662970507092288,1.096872043609619,2,5,0,1.1351889371871948,0,8,0,1.179432021247016,0,17,0,1.24934188524882,0,20
454,18.383275404558564,0.8943755229314169,2,6,32.08606061254278,0.6761491894721985,2,11,53.22265564370229,0.459059938788414,2,15,251.48199317904206,0.25586267312367755,2,18,24.50070896829881,0.8978704273700714,2,38
455,0,0.6812140742937723,0,3,0,0.8234678506851196,0,9,0,0.7732470794157549,0,20
456,0.34031117177348635,0.7967587312062582,2,3,0,1.639284951346261,0,17,0,1.4812832673390706,0,20
457,62.5580498400158,1.5119850635528564,2,11,141.68992637719583,1.3836934169133503,2,14,293.93192126694015,1.8075672388076782,2,27,113.9601154170242,1.5503316322962444,2,30
458,0,1.1338353554407756,0,3,0,1.334679058619908,0,10,0,1.188057267665863,0,20
459,0,1.0548195838928223,0,3,0,1.2871214151382446,0,9,0,1.0043815266002307,0,20
460,0,0.7799028555552164,0,3,0,0.970186996459961,0,8,0,0.8668886721134186,0,20
461,13.255918075588253,0.7017011504906875,2,13,20.38101448550029,0.7106887896855673,2,16,0,1.0703715085983276,0,20
462,30.348214857874492,1.1331637104352315,2,6,0,1.669321017605918,0,20
463,32.780381899664015,0.6899504661560059,2,5,0,0.9883330563704172,0,17,0,1.300409197807312,0,20
464,7.209001470932272,1.0828505537726663,2,11,0,0.8474738995234171,0,20
465,0.2480159846910029,0.9069696267445883,2,3,0,1.350660628742642,0,12,0,1.2215757608413695,0,17,0,1.2435987790425618,0,20
466,20.614674143845413,1.0055312599454607,2,14,0,0.9261693954467773,0,20
467,17.66491474090328,0.5775608685281541,2,9,0,0.9513731400171915,0,12,0,0.7864844560623169,0,17,0,0.9512315591176351,0,20
468,0,0.8631942669550577,0,3,0,1.02939453125,0,8,0,0.9844017823537191,0,20
469,16.83438554349201,0.3145795265833537,2,9,0,0.9076334238052368,0,12,0,0.6908985018730164,0,17,0,0.9025479555130005,0,20
470,0.25706227812883126,0.8925349116325378,2,3,0,1.5481112450361252,0,11,0,1.5507145325342815,0,17,0,1.4297434488932292,0,20
471,18.23410302050273,0.6013124063611031,2,8,0,1.09150234858195,0,17,0,1.2316986322402954,0,20
472,0.03541857767412929,1.1059611638387044,2,3,0,1.3056130579539709,0,17,0,1.2518070141474407,0,20
473,23.754733229565918,1.2930561833911471,2,9,0,1.0035855323076248,0,17,0,1.1869581937789917,0,20
474,14.15819944208496,0.8374969800313313,2,15,0,1.0902501583099364,0,20
475,33.75712604387025,0.46554901049687314,2,13,0,1.041211383683341,0,20
476,0,0.7631744941075643,0,3,0,0.9730631907780966,0,9,0,0.9851349808953025,0,20
477,0.25810161888563754,0.8532019853591919,2,3,0,1.37831269370185,0,12,0,1.313154363632202,0,17,0,1.2636281649271648,0,20
478,20.850409824403002,1.0443416833877563,2,4,0,1.4792652405225313,0,17,0,1.5374934673309326,0,20
479,15.846700633997509,1.195077935854594,2,9,0,0.843817671140035,0,12,0,0.7245932817459106,0,15,0,0.7700823783874512,0,20
480,0,1.0046352942784627,0,3,0,1.2558353662490844,0,8,0,1.2094224492708843,0,20
481,3.392241031340252,0.5319358507792155,2,3,20.941336274316644,0.41826753815015155,2,6,0,0.8380113442738851,0,9,0,0.627487413585186,0,17,0,0.7002439101537069,0,20
482,14.553754643021863,0.6105724096298217,2,5,60.70560403484068,0.25291791185736656,2,25
483,15.286778733406878,0.8151707798242569,2,8,0,1.0685962571038141,0,17,0,1.1892249981562297,0,20
484,29.513187833838558,0.974636173248291,2,5,0,1.4775829485484533,0,12,0,1.512107253074646,0,17,0,1.6522597869237263,0,20
485,25.067088816307077,0.7090882658958435,2,6,0,1.1729444373737683,0,17,0,1.342981497446696,0,20
486,11.200045723019588,0.8042868035180228,2,7,0,1.2054545084635417,0,10,0,1.2427018880844116,0,13,0,1.1245781779289246,0,17,0,1.2724751234054565,0,20
487,16.52276783385609,0.7478912994265556,2,8,0,0.9243528048197428,0,11,0,0.7829791903495789,0,16,0,0.9038782119750977,0,20
488,26.809497421551853,0.478109387414796,2,14,0,1.1104787389437358,0,20
489,5.1224841514586625,0.6773949861526489,2,3,0,1.3457499593496323,0,11,0,1.4681198795636494,0,17,0,1.3766438166300456,0,20
490,20.12170698867678,0.23143973095076426,2,7,0,1.3766616384188335,0,13,0,1.403872936964035,0,17,0,1.5337644418080647,0,20
491,31.405961837808317,0.3341527581214905,2,3,52.83684881180867,0.30012991031010944,2,6,81.64015366449861,0.265808729454875,2,14,138.29793555483604,0.24607566234312558,2,33,0.04113439950798877,0.22995693650510576,2,51,49.01814122323744,0.43153607547283174,2,61
492,17.95971492904423,1.2914450260309072,2,13,0,1.1199310847691126,0,20
493,30.702937955217113,0.37531808018684387,2,4,0,1.4176990985870361,0,17,0,1.4608325163523357,0,20
494,16.93815091971457,0.6239385264260429,2,7,0,1.3401220639546711,0,10,0,1.4098282030650549,0,17,0,1.5065440734227498,0,20
495,27.462700745076795,1.0774389180270108,2,11,0,1.1144425206714206,0,20
496,19.04150332488046,0.24403241101433248,2,17,0.11352210972147662,0.8889022270838419,2,20,0.07486823685424115,0.8612579902013143,2,29,30.171622496277767,0.42638641893863677,2,39
497,20.907658722724836,0.6517316653178289,2,13,0,0.8575142621994019,0,16,0,0.9288923740386963,0,20
498,15.725341280698625,0.8936061064402262,2,3,0,1.0703598658243816,0,6,0,1.124638819694519,0,11,0,1.1214954654375713,0,17,0,1.041472355524699,0,20
499,0.1577900976631229,1.0041569471359253,2,3,0,1.4182585626840591,0,11,0,1.4890692631403606,0,17,0,1.4028628667195637,0,20
500,0,0.7941363056500753,0,3,0,0.9627818584442138,0,8,0,0.9754334092140198,0,20
501,0,0.6459550261497498,0,3,0,0.7224143317767552,0,10,0,0.7342791497707367,0,20
502,0,1.0027685364087422,0,3,0,1.2194902300834656,0,9,0,1.0901124477386475,0,20
503,0,0.817973772684733,0,3,0,1.016969879468282,0,9,0,0.9305233061313629,0,17,0,1.0483002265294392,0,20
504,5.249270553892425,0.7758787870407104,2,4,0,1.2121947209040325,0,7,0,1.2560357451438904,0,17,0,1.3026549021402996,0,20
505,31.744102227523204,0.46072477102279663,2,3,0,1.278355081876119,0,6,0,1.2799708626487039,0,17,0,1.2915702660878499,0,20
506,11.358903962787956,0.41633799076080324,2,5,0.055157467443340526,0.07981543649326671,2,16,30.542965625082324,0.23258831351995468,2,20,51.56045150643004,0.2719072898228963,2,23,6.743686411257291,0.3404847780863444,2,26,48.398419791695204,0.3239697565635045,2,32,0.03528263528240915,0.7971674203872681,2,39,56.92794946760746,0.41683188267052174,2,55,182.9692619778226,0.3058359275261561,2,61
507,30.428718937699944,0.7606838718056679,2,8,0,1.023142351044549,0,17,0,1.2516236702601116,0,20
508,27.861099062707545,0.6919305423895518,2,6,0,1.3772036162289707,0,17,0,1.559723178545634,0,20
509,21.571507315498735,0.05462424457073212,2,14,0,0.9433930913607279,0,20
510,27.70884825983999,0.757729284465313,2,8,0,1.011250336964925,0,11,0,1.0404003063837688,0,17,0,1.2583361864089966,0,20
511,25.34523555138369,0.9320984284083048,2,3,0,1.1494900782903035,0,6,0,1.185350199540456,0,12,0,1.1351198196411132,0,17,0,1.1216793457667034,0,20
512,21.545699771548463,0.7759673169681004,2,7,0,1.342884624004364,0,17,0,1.575869878133138,0,20
513,71.87205494863488,0.3963718766515905,2,22
514,16.328330286336232,1.1896638003262607,2,11,0,0.9155080848269992,0,20
515,8.919843985516309,0.2814220368862152,2,5,0,1.378502349058787,0,17,0,1.4123519659042358,0,20
516,17.352846239731573,0.7009668946266174,2,8,0,1.0310238202412922,0,17,0,1.238235632578532,0,20
517,22.070619423146695,0.38055841624736786,2,4,0,1.293266012118413,0,17,0,1.4276491800944011,0,20
518,22.72302957508405,1.1021591126918793,2,4,0,1.1067872781019945,0,17,0,1.260233481725057,0,20
519,25.87944380922867,0.7651811718940735,2,10,0,0.8210576474666595,0,14,0,0.7392977078755697,0,17,0,0.8380458553632101,0,20
520,8.273473458518232,0.8298184275627136,2,4,0,1.3626671570997972,0,17,0,1.4482771158218384,0,20
521,20.751457691937237,0.7203164398670197,2,4,0.0321393348638642,0.8521508773167928,2,7,30.57498874813731,0.5118099100449506,2,41
522,0,0.7970661123593649,0,3,0,0.9833004474639893,0,9,0,0.917991891503334,0,17,0,1.0289549032847087,0,20
523,49.80562852776113,0.7683533430099487,2,24
524,18.52130125237599,0.8341598808765411,2,4,0,1.227779480127188,0,17,0,1.326243003209432,0,20
525,39.81736652412238,0.23907049745321274,2,4,169.1350342983996,0.07155843079090118,2,7,258.7718976569223,0.08837967117627461,2,34,46.65029867857529,0.23215353157785204,2,52
526,28.118310290400554,0.6123073564635383,2,27
527,21.495877151200258,1.3187285661697388,2,4,0,1.3649498957854052,0,17,0,1.4828605651855469,0,20
528,22.870195859143617,0.8212402926550971,2,9,0,0.9560794830322266,0,12,0,0.9334099769592286,0,17,0,1.079605221748352,0,20
529,16.944289277990904,0.7605174481868744,2,6,0,1.2307334813204678,0,17,0,1.3840084473292034,0,20
530,24.394243159497194,0.7076129774962153,2,28
531,14.43974309763855,0.7361140522089872,2,22
532,14.690892585816377,1.036743001504378,2,11,20.988332379916386,1.054158051808675,2,14,0,0.680500308672587,0,20
533,28.341755782647024,1.1356952985127766,2,6,0,1.5039314898577603,0,17,0,1.7159704367319744,0,20
534,0,0.7060153683026632,0,3,0,0.8585058848063151,0,9,0,0.8001237294890664,0,20
535,0,0.7942556540171305,0,3,0,0.8903042078018188,0,9,0,0.8377569968050177,0,20
536,0,0.7723677158355713,0,3,0,0.8664216484342303,0,10,0,0.8829943180084229,0,20
537,0,0.8688546021779379,0,3,0,1.1618017911911012,0,8,0,1.0777659283743963,0,17,0,1.1852720975875854,0,20
538,0,0.7727548678716024,0,3,0,0.9094852719988141,0,10,0,0.923563289642334,0,20
539,0,0.7951227029164633,0,3,0,0.9638359887259347,0,10,0,0.963385009765625,0,20
540,0,0.7618720134099325,0,3,0,0.9819825887680054,0,8,0,0.9944883982340494,0,20
541,0,0.8852425614992777,0,3,0,1.172338346640269,0,9,0,1.1157355525276877,0,20
542,0,0.9905384182929993,0,3,0,1.277400302886963,0,8,0,1.2716318865617116,0,20
543,44.6844806239474,0.7884226817833749,2,38
544,25.68298145597507,1.3977022511618478,2,7,0,1.0898385842641194,0,10,0,1.1357191801071167,0,17,0,1.28233536084493,0,20
545,19.14081012732935,0.9806545045640733,2,9,0,1.271274902603843,0,20
546,0.18042786427908225,1.0499122937520344,2,3,0,1.4481207132339478,0,11,0,1.51179039478302,0,17,0,1.426762064297994,0,20
547,26.61323714767013,0.8333330949147543,2,3,0,1.3313840230305989,0,6,0,1.4132105112075806,0,17,0,1.4452635844548543,0,20
548,0,0.8666423559188843,0,3,0,1.1473726034164429,0,8,0,1.0458356539408367,0,11,0,1.0771718223889668,0,17,0,1.1868128379185994,0,20
549,0.09811909155171379,1.174749453862508,2,3,0,1.452001730600993,0,12,0,1.4863783359527587,0,17,0,1.4356666803359985,0,20
550,0.22607371626846215,0.8253167867660522,2,3,0,1.2872657775878906,0,12,0,1.1217544794082641,0,17,0,1.0963522990544636,0,20
551,0.08851069786546388,1.1580511728922527,2,3,0,1.56019526720047,0,17,0,1.481432557106018,0,20
552,0.04929367232826009,0.9173372189203898,2,3,0,1.4881971716880797,0,13,0,1.5401098132133484,0,17,0,1.425197680791219,0,20
553,0,0.8041862646738688,0,3,0,1.0318933526674907,0,9,0,0.9557609232989225,0,20
554,0,1.0063762267430623,0,3,0,1.2282693147659303,0,8,0,1.0897817313671112,0,20
555,0.7092437986235889,1.4321931997934978,2,3,0.026707679714541393,1.486528366804123,2,7,70.76283246659432,0.18905583024024963,2,20,103.8898728000289,0.20802951902151107,2,30,192.17302039293546,0.11187307010678683,2,47
556,19.206914485117327,0.5496720841952732,2,7,0,0.9737935463587443,0,10,0,0.9358399936131069,0,17,0,1.0671556393305461,0,20
557,34.9918641898331,0.7790524959564209,2,5,0,1.5773039885929652,0,12,0,1.7287766456604003,0,17,0,1.7846392790476482,0,20
558,21.311660311190952,0.6056614693473367,2,17,0,1.1781136592229207,0,20
559,0,0.963647206624349,0,3,0,1.2468827366828918,0,9,0,1.244230404496193,0,17,0,1.302259882291158,0,20
560,20.79843134256645,1.1506348103284836,2,8,51.756097434518736,0.5200743476549784,2,11,119.07389277197301,0.2538147171338399,2,23,0.3363932733665729,0.6253919998804728,2,26,57.593352641646504,0.45000362396240234,2,29,218.69397627543032,0.3131368216127157,2,45
561,11.046195536589448,0.6054023951292038,2,4,0,1.4019068204439604,0,17,0,1.449419617652893,0,20
562,0,0.9257872104644775,0,3,0,1.1216845512390137,0,8,0,1.0661541124184926,0,20
563,24.119662722986742,0.297605498270555,2,11,0,0.8209073212411668,0,20
564,0,0.8535934487978617,0,3,0,1.1184416214625041,0,9,0,1.0902572761882434,0,20
565,20.138480037540784,0.4574596732854843,2,14,0,0.804013858238856,0,20
566,0,0.6801908810933431,0,3,0,0.8311931292215983,0,9,0,0.7988897453654896,0,20
567,0,0.7326035698254904,0,3,0,0.7875258326530457,0,9,0,0.7895020842552185,0,20
568,46.50874409260266,0.42578936368227005,2,16,0,1.199160784482956,0,20
569,0,0.7149564027786255,0,3,0,0.835752030213674,0,9,0,0.8392989960583773,0,20
570,29.315987265839087,1.6596128940582275,2,8,18.909615004868055,1.2037996768951416,2,13,0,0.915127158164978,0,17,0,1.1154071887334187,0,20
571,55.12170425036034,0.3773693233728409,2,10,75.17251065875466,0.33072350174188614,2,14,0,0.8865073124567667,0,20
572,0.1983667603635447,1.164617617925008,2,3,0,1.5191451046201918,0,12,0,1.549115037918091,0,17,0,1.5182030200958252,0,20
573,2.561306495464215,0.9865142107009888,2,3,0,1.277062927975374,0,20
574,43.19148359378274,0.48329663505920994,2,13,0,1.019633718899318,0,20
575,33.03653649305658,0.9824618995189667,2,8,52.89902174269121,1.0141960382461548,2,14,0,1.0880816578865051,0,20
576,0,0.7227939963340759,0,3,0,0.7828163007895151,0,9,0,0.7372173145413399,0,17,0,0.8592216372489929,0,20
577,9.605596938921167,1.2951381087303162,2,10,0,1.1117028892040253,0,14,0,1.1371249755223591,0,17,0,1.431360085805257,0,20
578,0.04544439221930144,0.8361666599909464,2,3,0,1.369254652191611,0,20
579,0,0.9740524291992188,0,3,0,1.1757288455963135,0,8,0,1.0840197304884593,0,20
580,19.35073950069866,0.750188627413341,2,14,0,0.6852463682492574,0,20
581,0,0.8717068036397299,0,3,0,1.0672780275344849,0,8,0,1.0876258114973705,0,20
582,0,0.9485874176025391,0,3,0,1.205889630317688,0,8,0,1.0855821371078491,0,17,0,1.0845011472702026,0,20
583,15.545155743952618,1.1181284189224243,2,9,0,0.9636351664861044,0,12,0,0.9383388996124268,0,17,0,1.1060192584991455,0,20
584,19.485398744191514,0.6834616752771231,2,26,0.03294375351311677,0.652804160118103,2,31,3.128732840087581,0.8415770928064982,2,34
585,10.157546288202372,0.7966094811757406,2,6,15.995102233872917,0.7794030368328094,2,26
586,11.479183563244117,0.6611172020435333,2,10,0,0.6967252578054156,0,17,0,0.6714256306489309,0,20
587,20.823699309512957,0.2525933374251638,2,14,0,0.989628533522288,0,20
588,26.438339648704453,1.5095259189605712,2,10,0,1.2845448017120362,0,20
589,9.663489292681719,0.7929091215133667,2,5,0,1.1764330863952637,0,8,0,1.3048401011361017,0,17,0,1.3855963945388794,0,20
590,0,0.8122299512227377,0,3,0,1.091076672077179,0,9,0,1.0338791392066262,0,20
591,8.442166886372474,0.8537168800830841,2,4,0,1.041905477643013,0,12,0,0.9949438095092773,0,17,0,1.0839328368504841,0,20
592,8.880621757779132,1.364841381708781,2,3,15.614185122127008,1.2859810590744019,2,7,0,0.9821003675460815,0,10,0,1.0345908573695592,0,17,0,1.1883534987767537,0,20
593,25.9723787192495,0.580548976858457,2,36
594,8.529553022619774,0.5201422373453776,2,6,0,1.1321124271913008,0,17,0,1.2304094632466633,0,20
595,19.142750831268685,0.9341048002243042,2,12,0,0.7032805681228638,0,20
596,0,0.8725189566612244,0,3,0,1.0806856393814086,0,8,0,1.02500143316057,0,17,0,1.1621851126352947,0,20
597,22.24748077134937,1.0959626237551372,2,6,0,1.0105146408081054,0,11,0,1.328202446301778,0,17,0,1.5199415683746338,0,20
598,0.09408192876062259,0.6877924303213755,2,3,0,1.2698684930801392,0,12,0,1.3194848001003265,0,16,0,1.1321378648281097,0,20
599,24.518152885000557,0.4074426008896394,2,22
600,0,0.8640373349189758,0,3,0,1.156234602133433,0,9,0,1.0722752571105958,0,14,0,0.9737081130345663,0,17,0,1.0230730772018433,0,20
601,0,1.0364375909169514,0,3,0,1.2561797142028808,0,8,0,1.1062570611635845,0,20
602,0,0.9644678632418314,0,3,0,1.1701722343762715,0,9,0,1.0363380800593982,0,20
603,51.36273664506204,0.18461229801177978,2,5,0,0.9198571840922037,0,8,0,0.6612884203592936,0,17,0,0.689096728960673,0,20
604,13.56629425666974,0.7097598910331726,2,14,0,0.8035066823164622,0,20
605,29.891581087606014,0.6364788770675659,2,5,0,0.9443552494049072,0,8,0,0.8964622285630968,0,17,0,0.9718003670374552,0,20
606,30.343271964917815,0.5606937449553917,2,29
607,0,0.881080428759257,0,3,0,1.1413028955459594,0,8,0,1.038506269454956,0,11,0,1.0803272724151611,0,17,0,1.182716925938924,0,20
608,0,0.8194256822268168,0,3,0,1.031187931696574,0,9,0,1.0235821333798496,0,20
609,14.297569870521224,0.9740826998438153,2,28
610,13.80829404880406,0.33930420130491257,2,4,0,1.1360346262271588,0,17,0,1.265502691268921,0,20
611,0.09668663458065248,0.8333489894866943,2,3,0,1.3569256628260893,0,20
612,14.711545833424875,0.4253344734509786,2,3,45.1725249320909,0.36299809165622876,2,26,32.27158494701561,0.40942439436912537,2,29
613,7.555137902082283,0.776240199804306,2,8,0,0.8778783745235867,0,17,0,1.0369635025660198,0,20
614,30.759054017279862,0.44587987413009006,2,12,0,0.8243410885334015,0,20
615,26.89304342646886,0.42464930371001913,2,27
616,0,0.7395174105962118,0,3,0,0.8984984556833903,0,9,0,0.8447875434702093,0,20
617,14.367925631591302,0.8484373688697815,2,6,0,1.194856578653509,0,17,0,1.3243182102839153,0,20
618,34.11796027792743,0.4322689731012691,2,22,6.0746919026322574,0.49680711328983307,2,26
619,0,1.0049418608347576,0,3,0,1.2764201879501342,0,8,0,1.1978547970453899,0,20
620,0.42151920975345775,0.714928408463796,2,3,0,1.3902284304300945,0,12,0,1.358865737915039,0,17,0,1.2226246198018391,0,20
621,13.794364869125642,0.7486160521705946,2,24
622,11.037160918077147,0.8312312023980277,2,14,72.09492358836637,0.4303815033700731,2,23
623,0,0.8946993748346964,0,3,0,1.1808841705322266,0,8,0,1.009258250395457,0,20
624,0,0.8714884718259176,0,3,0,1.0345425128936767,0,8,0,0.9905077715714773,0,20
625,106.52723496844862,0.12154645969470342,2,6,230.06800929867728,0.033307327251685295,2,25
626,6.348269845127849,0.9664269288380941,2,3,0,1.2745476166407268,0,12,0,1.2145534038543702,0,17,0,1.2007939020792644,0,20
627,28.881053840615444,0.4768976072470347,2,15,0,0.7953370451927185,0,20
628,41.239111332498794,0.997818648815155,2,6,61.17822808152525,0.8831558525562286,2,10,184.14876181516013,0.6126621450696673,2,17,118.4289277916562,0.6321017344792684,2,20
629,0.29577983637271793,0.7678619225819906,2,3,0,1.1523055632909138,0,12,0,1.0475301504135133,0,17,0,1.0673137505849202,0,20
630,0.24710121262111817,0.885405421257019,2,3,0,1.5581229395336575,0,12,0,1.5198824405670166,0,17,0,1.3802595535914104,0,20
631,51.78963802214428,0.2872033342719078,2,4,71.39377596562652,0.33483460370232077,2,21
632,38.80799556751191,0.41599765845707487,2,21
633,24.926427826259285,1.1190266162157059,2,8,0,1.2066401773028903,0,17,0,1.3608535130818684,0,20
634,0.1789223713691625,0.9072635769844055,2,3,0,1.4084975378853934,0,10,0,1.3161002227238245,0,17,0,1.2970916827519734,0,20
635,43.87934681661063,0.3821458859103067,2,21
636,31.691308700847596,0.7493509873747826,2,8,0,1.0852790276209514,0,11,0,1.0436242421468098,0,17,0,1.1732598543167114,0,20
637,0.12162197135256231,0.8828156391779581,2,3,0,1.1258642322876875,0,20
638,0,0.6136306524276733,0,3,0,0.6463568409283956,0,9,0,0.6186939532106573,0,20
639,24.17840565253393,0.8545653422673544,2,3,0,1.4472564458847046,0,6,0,1.5017363627751668,0,12,0,1.4760738849639892,0,17,0,1.500869353612264,0,20
640,0,0.8032792011896769,0,3,0,0.9582431316375732,0,9,0,0.9848860393870961,0,20
641,13.122254685711168,1.0220012267430623,2,15,0,0.8050842642784118,0,20
642,0,0.7282073895136515,0,3,0,0.843900998433431,0,9,0,0.844011436809193,0,20
643,5.439933704088432,1.1467731793721516,2,6,0,1.007750316099687,0,17,0,1.0750946998596191,0,20
644,0,0.7930863897005717,0,3,0,1.0012481212615967,0,9,0,1.0474967848170886,0,20
645,0,0.9218386809031168,0,3,0,1.2126805782318115,0,9,0,1.15082485973835,0,17,0,1.264705777168274,0,20
646,85.55660525394941,0.37560896231577945,2,13,61.324314717222606,0.43926525115966797,2,16,0,1.1270089447498322,0,20
647,15.83963903676667,0.6810511648654938,2,14,0,0.7795882622400919,0,20
648,6.3082399702943155,0.5054757744073868,2,4,0,1.346518690769489,0,17,0,1.3412118752797444,0,20
649,9.367283609628778,0.6490589380264282,2,5,0,1.0843876600265503,0,8,0,1.1268910302056208,0,17,0,1.2228890260060628,0,20
650,17.58487030955794,0.5293571054935455,2,10,0,0.8363626450300217,0,14,0,0.6844677925109863,0,17,0,0.7706438501675924,0,20
651,21.970417014708893,0.9223324954509735,2,4,0,1.181374192237854,0,17,0,1.3530284563700359,0,20
652,13.524757080664992,0.71189846098423,2,4,0,1.354345101576585,0,17,0,1.504951039950053,0,20
653,0,0.9992772142092387,0,3,0,1.23001366853714,0,9,0,1.1346710053357212,0,20
654,23.046069617626358,1.0756064256032307,2,9,0,0.809033473332723,0,12,0,0.6791306018829346,0,17,0,0.8998314539591471,0,20
655,9.649269092820942,0.8273215770721436,2,10,0,0.9204308390617371,0,14,0,0.7862666447957357,0,17,0,0.9923353592554728,0,20
656,0,0.9094897707303365,0,3,0,1.0889482975006104,0,8,0,1.0188210308551788,0,20
657,0,0.999804417292277,0,3,0,1.2783883810043335,0,8,0,1.2900598049163818,0,20
658,40.972866270911275,0.7942917943000793,2,4,0,1.302223333945641,0,17,0,1.400910456975301,0,20
659,18.76075627238954,0.428493645042181,2,8,0,1.17555480533176,0,17,0,1.327253262201945,0,20
660,7.923603493320897,0.9948625432120429,2,9,0,1.0204464197158813,0,12,0,0.8994849920272827,0,15,0,0.9428034067153931,0,20
661,20.755514902338874,0.6586756195340838,2,7,0,1.4854422092437745,0,17,0,1.6797178188959758,0,20
662,0,0.9367059469223022,0,3,0,1.2675087451934814,0,8,0,1.1500776211420696,0,11,0,1.1903436779975891,0,17,0,1.297000487645467,0,20
663,23.260933348063173,1.0684135225084093,2,9,0,1.0616381963094075,0,12,0,1.0307912588119508,0,17,0,1.2405791282653809,0,20
664,0,0.9236637552579244,0,3,0,1.2328564643859863,0,8,0,1.1168596744537354,0,11,0,1.1362473368644714,0,17,0,1.263364593187968,0,20
665,0,0.8936876853307089,0,3,0,1.1268277883529663,0,8,0,0.9864023923873901,0,17,0,0.9625976880391439,0,20
666,0.3431483617064274,1.0920554002126057,2,3,0,1.4436564147472382,0,11,0,1.4156462748845418,0,17,0,1.4098877509435017,0,20
667,15.368862210848466,0.26143389046192167,2,5,0,1.184755543867747,0,17,0,1.2196711301803589,0,20
668,18.9597439685677,0.5771987835566202,2,6,0,1.3398215770721436,0,17,0,1.4418402115503948,0,20
669,6.1322544484629296,0.5770125091075897,2,6,0,0.9776748418807983,0,10,0,0.9034226792199271,0,17,0,0.9597899516423544,0,20
670,9.965158259368454,0.7751951932907104,2,5,0,0.8105061749617258,0,17,0,1.0566376845041912,0,20
671,12.348234731174198,0.5858726859092712,2,5,0,1.455823506627764,0,12,0,1.5480115413665771,0,17,0,1.5661890904108684,0,20
672,20.369430708822698,1.2075210094451905,2,5,0,1.1808398564656575,0,17,0,1.3935847679773967,0,20
673,28.602989145727285,0.511074036359787,2,4,0,1.4620216259589562,0,17,0,1.598722020785014,0,20
674,48.93376853087429,1.566327691078186,2,4,0,1.226212088878338,0,17,0,1.2938668727874756,0,20
675,8.574484125771004,0.6864621877670288,2,5,0,1.1859329342842102,0,17,0,1.415490746498108,0,20
676,0.16565592312230984,0.8068266908327738,2,3,0,1.4920418394936457,0,12,0,1.4081429958343505,0,17,0,1.3261179129282634,0,20
677,35.10089227348437,0.890691339969635,2,4,0,1.4228362441062927,0,12,0,1.4449527978897094,0,17,0,1.4049394925435383,0,20
678,28.373781382323,1.3427484035491943,2,4,0,1.2621583113303552,0,17,0,1.393753449122111,0,20
679,13.103067843189418,0.5825910170873007,2,3,0,1.436457673708598,0,6,0,1.502654335715554,0,17,0,1.4066492319107056,0,20
680,0,0.7189505894978842,0,3,0,0.8053200500352042,0,10,0,0.8335707366466523,0,20
681,0,0.6786043842633566,0,3,0,0.7327950795491537,0,9,0,0.7143694920973345,0,20
682,0.2207987872907455,0.9498095313707987,2,3,0,1.4980394575330946,0,12,0,1.5183284521102904,0,17,0,1.427069902420044,0,20
683,0,0.8826106389363607,0,3,0,1.16076979637146,0,8,0,1.0804334878921509,0,11,0,1.1101550658543904,0,17,0,1.2092331250508626,0,20
684,0,0.8926024834314982,0,3,0,1.2083207368850708,0,8,0,1.1249309281508129,0,20
685,0,0.8145145177841187,0,3,0,1.0354429483413696,0,8,0,0.9963563481966654,0,20
686,0,0.8125391006469727,0,3,0,1.0149668216705323,0,8,0,0.9332346386379666,0,17,0,0.9592241446177164,0,20
687,0,0.8170242309570312,0,3,0,0.9840097427368164,0,10,0,0.9292902946472168,0,20
688,0,0.6276769042015076,0,3,0,0.725753923257192,0,9,0,0.7533163753422824,0,20
689,0,0.7759982744852701,0,3,0,0.9383751551310221,0,9,0,0.9474580829793756,0,20
690,0,0.723540206750234,0,3,0,0.869649863243103,0,8,0,0.8063807487487793,0,11,0,0.9018996159235636,0,20
691,0,0.6399978796641032,0,3,0,0.7322755711419242,0,10,0,0.7479446589946747,0,20
692,0,0.772678017616272,0,3,0,0.992237408955892,0,9,0,0.9215854406356812,0,20
