0,10.332544622731978,0.8494719068581548,2.0,65,0.18441134450797486,0.47026518484426116,2.0,93,10.332544622731978,0.8494719068581548,2.0,148
1,9.090291355432758,0.8336923720164571,2.0,69,0.015460655041791286,0.540958399651127,2.0,140
2,0.20945382840064564,0.45655758184137973,2.0,12,0.003369255457173148,0.8002720270711826,2.0,200
3,0.19577022153789428,1.3030127591085574,2.0,109,0.0021663117446238268,0.4056693402305031,2.0,200
4,0.017619801090163565,0.9799396920909156,2.0,171,8.311128284718343,0.49514510999766825,2.0,185
5,0.21869019386633182,1.3390811685577448,2.0,87,6.765856765908085,0.7920209690610576,2.0,96,0.014885612563061678,0.7022111077947611,2.0,137,0.21869019386633182,1.3390811685577448,2.0,189
6,0.06323749814043164,0.9806877000957166,2.0,26,7.931643476474956,1.0832620399936732,2.0,200
7,0.2148179303330109,0.8608703247423736,2.0,60
8,10.305478195989586,0.5075883222567444,2.0,78,0.1062384215042841,1.07437288383714,2.0,148,0.0042234855090849946,0.7243424853130754,2.0,200
9,0.05698213806650189,1.3579905528296907,2.0,100,9.086546564862948,0.8593239142132949,2.0,122
10,0.021777429224735627,1.246128567243505,2.0,168,9.37238110167038,0.687933676312734,2.0,200
11,0.017622245363480907,0.6157501510753057,2.0,136,0.015017605065265949,1.8098176857378443,2.0,200
12,8.561105955516568,0.8398132185327246,2.0,81,0.12949794053862557,1.5133968147970336,2.0,200
13,0.017916637431794877,1.3888876491079007,2.0,200
14,0.018520948288831315,0.653966726796251,2.0,10,0.04598566777933054,1.7552993861837745,2.0,49,10.550101078058562,1.0460633249547793,2.0,86
15,10.550101078058562,1.0460633249547793,2.0,71
16,0.11060966097551651,1.1193111888201652,2.0,4,7.072348497109118,0.30124617559096717,2.0,95,0.11060966097551651,1.1193111888201652,2.0,200
17,0.053470207351604,1.5685946923859446,2.0,56,0.0016858673101341382,0.8018188269697899,2.0,125,8.243272905301245,0.7391482651421368,2.0,200
18,0.009277005955528333,0.35195486886520866,2.0,200
19,0.2871073421524864,0.9747434392966907,2.0,4,0.015064463552560928,0.4048574065814451,2.0,123,0.2871073421524864,0.9747434392966907,2.0,155
20,0.12116142624565426,1.3035588329013632,2.0,10,7.807011421715162,0.7074424551132517,2.0,54,0.02118038584538944,0.7223509228463152,2.0,124,0.12116142624565426,1.3035588329013632,2.0,166
21,8.684918762776082,1.11356194973636,2.0,32,0.0979416484892255,1.2987264225076534,2.0,44,8.684918762776082,1.11356194973636,2.0,76
22,0.004958518098183087,0.58481162334143,2.0,25,0.13615269926489326,0.8273000056698407,2.0,28,10.217134152743029,0.7512782846674676,2.0,154,0.13615269926489326,0.8273000056698407,2.0,200
23,10.815710266746676,0.6360184858305107,2.0,39,0.15849162389290955,0.8053234954251535,2.0,200
24,10.443255936225578,0.582644184956817,2.0,43
25,0.0027181952139719487,0.7625427370712339,2.0,155
26,0.019412222727131924,0.4898182345869203,2.0,55,0.07073504441060999,1.6523011616616001,2.0,147,0.019412222727131924,0.4898182345869203,2.0,200
27,10.199908545671498,0.5687116049208066,2.0,42
28,9.557960608348909,0.6043491187517822,2.0,26
29,10.8255537585367,1.1409743597882889,2.0,27
30,9.466841602673755,1.000930656300151,2.0,63
31,9.284449413655597,0.9145934521425388,2.0,91,0.13202650287112935,0.9824731959826649,2.0,98,0.007177283835250269,0.906061777524366,2.0,159,9.284449413655597,0.9145934521425388,2.0,200
32,0.008857956085279103,0.9971462745745827,2.0,11,0.0015606676136375,0.7795390845206409,2.0,74,0.008857956085279103,0.9971462745745827,2.0,200
33,0.28073770015659677,0.6592366040589412,2.0,200
34,0.008352402835251937,0.7097797826642752,2.0,16,0.09321847556213925,1.4084832654358892,2.0,190,0.008352402835251937,0.7097797826642752,2.0,200
35,0.12930957911564828,1.561990616734171,2.0,53,8.99434762569346,0.07499421618403579,2.0,114,0.01003006037280343,0.30722419152964353,2.0,178,0.12930957911564828,1.561990616734171,2.0,200
36,0.009428731420184513,0.7358019685166428,2.0,149,9.050991065392271,0.8854889292526975,2.0,153
37,0.015655275923967916,0.8863926026210078,2.0,68,8.509684934027826,0.7259659984230852,2.0,200
38,9.823240444154841,0.16375041851447658,2.0,63,0.017246802253545242,0.5969008264974335,2.0,117,9.823240444154841,0.16375041851447658,2.0,121,0.13716559671102688,1.0626838881170428,2.0,140,9.823240444154841,0.16375041851447658,2.0,200
39,0.007488140615137795,0.3668354742977349,2.0,145,0.12058719342102883,0.8454916998735749,2.0,197,9.514675877736066,0.45310524627570253,2.0,200
40,0.017893744738364897,0.64183113927659,2.0,187,10.836113030997165,0.6483249914807598,2.0,190
41,0.008783763830413922,0.565108202499469,2.0,200
42,0.007268465364973858,0.7846803916638059,2.0,24,0.10419535243879581,1.852083633241163,2.0,54,0.007268465364973858,0.7846803916638059,2.0,79,0.10419535243879581,1.852083633241163,2.0,200
43,0.012637803738288262,0.49767965639778544,2.0,139,11.128503607744538,0.7787248907206414,2.0,151,0.012637803738288262,0.49767965639778544,2.0,182,0.189096609994037,1.3493376447875685,2.0,200
44,0.10370636188298846,1.2711702832317229,2.0,51,10.257936471012375,1.1920369524030958,2.0,69,0.10370636188298846,1.2711702832317229,2.0,94
