0,0,0.6347183783849081,0,3,0,0.8645937022040872,0,20
1,0.23063642824944697,0.4294104427099228,2,6,0.866066977901447,0.3535691350698471,2,10,117.23558674647609,0.25897823832929134,2,18,0.43920807230991465,0.4133923798799515,2,21,0,0.5639097392559052,0,24,0.8770922195631037,0.327288751800855,2,27,0.03461539726467533,0.49628626902898154,2,42,0.5137606783340729,0.41209088265895844,2,46,186.77483275407866,0.20011593898137411,2,49,0.8307437671378052,0.48551181331276894,2,53,0.120569850608414,0.5272358506917953,2,58,161.92089743842314,0.1800436739410673,2,65,24.7330733908454,0.2046708047389984,2,70,41.22295561983213,0.18143278857072195,2,73,0.16220104450894837,0.4087080776691437,2,78,5.304467950185397,0.2634014002978802,2,82,18.617219249577715,0.20057545229792595,2,86,162.8431823069691,0.1038857102394104,2,89,0.10734474956780683,0.35152207128703594,2,97,22.23724664186913,0.21721753850579262,2,101,154.30218909793612,0.16090714633464814,2,106,1.4895930906546404,0.29098745187123615,2,109,0,0.2891658562071183,0,126,0.593938236308281,0.27430076400438946,2,129,0,0.5672850459814072,0,133,6.597373994618663,0.24829762578010559,2,138,0.526636464941002,0.38454311589399975,2,141,0.9731103247032973,0.33923256397247314,2,144,203.9401622912914,0.11040420333544414,2,147,0.023556609076321972,0.16540139615535737,2,152,0.038596861730264435,0.3625027686357498,2,156,3.0340936743144264,0.2823229759931564,2,161,0.03363418228245635,0.3519183713942766,2,169,10.873683053093101,0.38334419826666516,2,172,0.03823176627352754,0.3023659214377403,2,178,3.394815120506755,0.41612249116102856,2,181,155.38267516050848,0.25416960815588635,2,184,0,0.5257433354854584,0,189,172.91381200033936,0.20801077286402384,2,192,0.8312212480857155,0.42196208238601685,2,195,131.91012140299867,0.2040155351161957,2,200
2,6.687775631840778,0.07270229235291481,2,4,1.0374325351152598,0.14199748635292053,2,7,7.840156499235339,0.041569057106971743,2,12,0.1777562080717449,0.29202526807785034,2,16,7.598669096596196,0.06081940393362727,2,44,0.36166389145026345,0.9353627363840739,2,53,7.200919567029895,0.05061497390270233,2,68,2.2539219890864324,0.07447453836599986,2,71,0.9691653802813383,0.20113277435302734,2,74,5.828500820673498,0.0285188431541125,2,80,0.027727126876825242,0.42787641286849976,2,83,5.426605113193543,0.06381304860115052,2,93,0.48761600327929766,1.3081135988235473,2,103,6.160861648633573,0.10382090644402937,2,114,0.3077241412934538,0.6617594361305237,2,127,2.785224743922867,0.2559405267238617,2,130,0.5763884657038871,0.5559521344575015,2,141,1.6315854023383545,0.2202205422023932,2,165,0.5400669047885578,0.4186831457274301,2,186,6.929146295037336,0.21950132293360575,2,193,3.5867528121893595,0.29729678233464557,2,196,7.848967921189256,0.4377875328063965,2,200
3,0.050103588130854956,0.29481811374425887,2,200
4,0,0.214779087031881,0,24,1.3839326333465927,0.2867647061745326,2,27
5,0.45779111651852916,0.6401360716138568,2,28,0.05260366144075688,0.3442352347227992,2,77,84.99276667802528,0.6919071793556213,2,82
6,0.025418120824046406,0.07498619178446328,2,82,1.4917133229539956,0.3191150426864624,2,91,0.7036421212805539,0.3690033753712972,2,94,2.2684165509402137,0.31065937628348667,2,106,0.14635425486071652,0.3486084043979645,2,109,12.838254014598514,0.2472777465979258,2,112,45.319168694145176,0.19854291942384508,2,121,0.4972118928745561,0.4519512504339218,2,124,47.65318940487441,0.15011737868189812,2,128,0,0.169088964559594,0,177,0.9917224223529002,0.6778377169056943,2,196,0.6520421892010075,1.0973182618618011,2,200
7,0,0.9497155904769897,0,5,5.879022575122093,0.12110265642404557,2,15,3.0128806626265434,0.1731742113828659,2,20,0.9055261628951174,0.1734400987625122,2,24,0,0.707563579082489,0,27,0.7518349423653536,0.18436034633354706,2,71,3.0178550046404675,0.18718976775805155,2,74,7.003298347915442,0.15731078220738304,2,83,0.03771607867556641,0.5465847927591075,2,106
8,1.4391343672560097,0.40113942697644234,2,8,62.43741610352861,0.20170821926810525,2,19,0.042914832352483945,0.3801433394352595,2,25,27.535642855122493,0.2267786463101705,2,31,0.027986862274181994,0.47178848336140317,2,43,0.04356285191859443,0.4790963066178699,2,129,0.3892481733317055,0.4953678622841835,2,161,0.04739965253789321,0.49290566031749433,2,200
9,0.44680274044209667,0.4155552597767716,2,109,2.450045128286075,0.42807555198669434,2,112,0.45495296276576913,0.4083367342298681,2,200
10,0.10085788037420079,0.14877640853325527,2,30,6.282166204144142,1.0038011173407237,2,42,0.28805490769340986,0.5207464694976807,2,45,0.13334443685191946,0.4816976171367022,2,94,93.1945299295453,0.26316530629992485,2,98,0.14414743908901154,0.29412733193706064,2,200
11,0,0.1743580544516988,0,137
12,3.3049778694191745,1.190327246983846,2,3,8.72532455792508,1.3056546052296956,2,24
13,9.968964690369441,0.7767090689052235,2,11,0.04486623258155525,0.14899398386478424,2,21,221.40878888379186,0.10073344657818477,2,27,0,0.2004522979259491,0,54,5.432169296710687,0.15014950186014175,2,58,0.03162507691745862,0.2564337939023972,2,63,23.33185669641708,0.11505350139405993,2,81,15.622921414690984,0.13610213724049655,2,92,0,0.5649615128835043,0,95,10.83473048945283,0.15733648505475786,2,104,0.17528409298936762,0.4723424216111501,2,107,9.145101184646498,0.15984746317068735,2,110,0.03495475517765587,0.45889731248219806,2,113,7.651272855025099,0.21858548149466514,2,133,0.06044968810513377,0.36525974174340564,2,139,8.54448310503439,0.22225605448087057,2,145,0.48318962139150384,0.989081883430481,2,155,115.49418306815008,0.1378520280122757,2,163,2.225680867591394,0.36931391557057697,2,166,12.493876573843593,0.31836872100830077,2,171,0,0.7852628628412882,0,174,10.691112322005353,0.3323131799697876,2,186,3.4911032247084823,0.47910017768541974,2,189,9.149981964230308,0.4487074315547943,2,192,0.041420764176909645,0.4675032049417496,2,196,18.32257135121235,0.364689901471138,2,200
14,0,0.26375306663768633,0,28,12.701116536538471,0.17379346738258997,2,34,0.8345021587583672,0.34776575565338136,2,39,5.828263379255337,0.25023728609085083,2,42,0,0.2869823150909864,0,55,12.716079347048463,0.16659410297870636,2,58,0.04113705372244481,0.4564899027347565,2,63,11.218102467747423,0.16723302006721497,2,68,0.19136772599199078,0.4063541789849599,2,71,22.108715266834206,0.08916425332427025,2,75,0.024129485622946575,0.3953656330704689,2,79,2.767361752800974,0.22031134366989136,2,82,0.35843341551411806,0.35262615233659744,2,86,191.2923100195988,0.07980586162635259,2,93,0,0.08822509894768397,0,105,182.66644961862517,0.08587217330932617,2,111,0.6364163317423986,0.3139073004325231,2,117,7.562664614356619,0.1871298223733902,2,122,0.442307816638661,0.3649621506532033,2,125,178.88297944154365,0.03883847966790199,2,129,0,0.24032186716794968,0,147,17.82894085664727,0.12142550945281982,2,151,189.53088899467616,0.049298495054244995,2,154,0.22357467791808883,0.4270977775255839,2,157,0.7916584186232972,0.34348157048225403,2,160,5.756980962961543,0.2096276953816414,2,164,151.53453812269038,0.05915041714906692,2,174,218.56190367770597,0.07222553449017662,2,188,0,0.48652060329914093,0,200
15,0.02853096729214335,0.5642424106597901,2,10,15.313513399823846,0.7021115468098567,2,23
16,0.20007138386487094,0.39827597737312315,2,5,4.516228962914275,1.2240439993994576,2,12,6.848728902701466,1.2575222128315975,2,31,0.05451610667325501,0.11260264932081618,2,89,1.144996277976598,0.43310638268788654,2,92
17,11.462348918472074,0.8566131591796875,2,15,12.604200008851008,1.8247309525807698,2,18,19.83177194374052,1.9279040098190308,3,27
18,15.711832870442707,1.7203424495199453,2,23,0,1.045979875784654,0,36,0.04596896209113091,1.0448160966237385,2,39,0.4164314194576918,0.46935901396414814,2,56,373.5640928832869,0.47423585255940753,2,59
19,0.20760168931374876,0.23029058953610862,2,41,26.472556980036078,1.4174207150936127,2,45
20,7.862070958120151,1.4721492926279705,2,3,0,1.3083627886242337,0,12,0,1.2497267961502074,0,17,0,1.2380406459172566,0,20
21,0.05545834420742827,0.42203757524490354,2,25,0.5360111300367066,1.0522946119308472,2,44,0.08648200414072009,0.4777705690690449,2,58,0.05897539100054279,0.45751337256542474,2,187,7.403780103103143,1.0008844570680098,2,198
22,31.70001680357892,1.5467243591944377,2,3,0,1.2180537666593279,0,17,0,1.3105857769648235,0,20
23,0.041676440879565985,0.3451836076047685,2,9,0.031389187127227526,0.3466477720510392,2,51,0.024386441677181857,0.37200289162305683,2,77,42.13254028612025,1.2846912145614624,2,84,0,0.28620506988631356,0,93,0.32171253674162087,0.37225524584452313,2,96,0,0.31634554266929626,0,107,107.14975679676736,0.556714653968811,2,110,0,0.715714563926061,0,116,3.120576546190442,0.8437598546346029,2,119
24,14.280027913233969,0.8660318434238434,2,20,0.07033931404104371,0.4837127973635991,2,26,53.59828872071636,0.4993269578977065,2,37,0.04524283570952127,0.3461144102944268,2,64,0.05846751635796598,0.34888951073993335,2,130,12.181805970752,0.4927326242129008,2,133,0.05582095576651581,0.3807215438439296,2,146,0.09565528207403384,0.4187038640181224,2,149,18.83085460218565,0.8055814027786254,2,164,12.552739852223064,0.875707575253078,2,185
25,11.96077020675653,1.193761476448604,2,14,0,0.8100157380104065,0,20
26,14.11133237647648,0.7589844976152692,2,14,0,0.8991560737291971,0,20
27,27.747277462297763,0.5907044410705566,2,3,0.049483384968654974,0.3092829554595731,2,91,12.666840015641009,0.3430168628692627,2,94,0.061455908495821276,0.2943295282976968,2,122,0.027907728371843694,0.3505951364835103,2,125
28,11.613902940913613,0.7825967520475388,2,24,15.551103836156221,0.2627115845680237,2,31,0.4887591334903221,0.325751855969429,2,35,10.618641745268619,0.2256360505707562,2,67,2.2141188903271134,0.36989347636699677,2,71,9.362307561573953,0.20714210271835326,2,76,4.164338661189806,0.2233351729810238,2,80,0.22952616449668056,0.6801543086767197,2,88,11.822953499384559,0.1590992771089077,2,92,2.558652280876848,0.234900563955307,2,97,9.801801299548714,0.229661934905582,2,106,0.810130218756895,0.4959954420725505,2,109,15.479062411477903,0.23432590439915657,2,113,0.02609506272785768,1.0751929084459941,2,119
29,12.716863166805824,1.5402978658676147,2,9,0,1.3173418695276433,0,20
30,14.70083715315789,1.3868587811787922,2,3,0,1.4614544063806534,0,11,0,1.4228761593500774,0,17,0,1.328922192255656,0,20
31,0.5793653083807888,1.2783629496892293,2,3,0,1.4339426904916763,0,11,0,1.41379310687383,0,17,0,1.4122093518575032,0,20
32,7.552254436004789,1.2761155366897583,2,4,0.37026734661837696,0.46502252530168603,2,58
33,3.9919047120976128,1.610990583896637,2,4,0,1.2640360226997962,0,17,0,1.3031586805979412,0,20
34,7.001152726618655,1.3463357836008072,2,8,0.6017870902077455,0.4413378525238771,2,34,12.26664523798234,0.3815903166929881,2,37,0.3142535772675523,0.721345583597819,2,40
