5.300000000000000000e+01
5.100000000000000000e+01
4.100000000000000000e+01
2.100000000000000000e+01
2.200000000000000000e+01
3.700000000000000000e+01
3.600000000000000000e+01
0.000000000000000000e+00
5.200000000000000000e+01
4.800000000000000000e+01
4.600000000000000000e+01
3.800000000000000000e+01
3.300000000000000000e+01
3.100000000000000000e+01
2.300000000000000000e+01
1.700000000000000000e+01
1.300000000000000000e+01
1.000000000000000000e+01
6.000000000000000000e+00
4.000000000000000000e+00
5.400000000000000000e+01
5.700000000000000000e+01
