0,0.8287055266616363,0.5074811661243439,2,25,1.878522920619495,1.8051249455003178,2,93
1,0.20521642531942047,1.1137455421335556,2,34,0.6740967730434179,1.0132196763387094,2,138,1.0897325409980483,0.8635949934682539,2,169,2.658589942855489,0.5497438341379166,2,179,14.241658960012282,0.4485803572904496,2,200
2,2.5040679799884575,1.8112916753098771,2,37
3,0.8815512129510849,1.1570843577384948,2,10,2.610557226303729,1.9317048662587215,3,29
4,0.374891543286031,1.296605799595515,2,30
5,0.04585173284735917,1.1294807008668488,2,153,0.6880319730919481,1.170246088758428,2,200
6,0.31345753342339766,1.6344090012403636,2,130,1.063505107465802,1.6802175839742024,2,133
7,0.35373846626773536,0.7360697296949533,2,26,0.8981866115434453,1.3529590938402258,2,72,10.821200708868968,0.2498698482910792,2,75,2.5587862993718486,0.3424461881319682,2,78,36.6329155292704,0.20276841005453697,2,104,2.781956672638369,0.8161837922202216,2,113,13.684844171262977,0.08191633721192677,2,116,166.3352327790687,0.00961504690349102,1,124,0.6919699976467607,0.3113635629415512,2,127,193.64197674826892,0.017953664741732857,1,149,4.624676876337796,0.22129097332557043,2,155,178.59432388014153,0.03381376713514328,2,167,22.45937021179871,0.10054663320382436,2,170,276.7157855175869,0.03612406998872757,2,180,13.6657027078208,0.118462935090065,2,183,2.2142106565194872,0.20543435215950012,2,186,221.13435578633573,0.06105750799179077,2,200
8,1.335435434254839,0.4254526054859161,2,75,0.23481314550412832,0.7034895609725605,2,97,1.2849528977120084,0.37085282921791074,2,122
9,0.4445694552659158,1.210074162124691,2,133,0.24701005999532946,1.1668612195385828,2,169,1.0358034134473395,1.378670738589379,2,200
10,0.20168098306332982,1.2303096055984497,2,3,0,1.312716799623826,0,20
11,0.16987529406500382,1.3991701913916545,2,23
12,0.6098299199632591,1.071553227378101,2,41,1.7054061754244427,0.33328948020935056,2,46,18.420741098131337,0.2526920549571514,2,62,1.040165054074295,1.1998719374338787,2,68,8.144182647885772,0.8502585490544637,2,71,0.3732680029166691,0.5866831064224243,2,76,2.9247793116740657,0.6927038550376892,2,81,256.48241572757075,1.867791392586448,2,92,123.61018256576202,1.0006420612335205,2,98,0.5206974565667557,0.7328212980566353,2,127,24.515233064896698,0.16377482811609903,2,130,237.51173162843875,0.06114327348768711,2,138,1.0665667522699138,0.5518205165863037,2,141,12.13309796094869,0.3045351803302765,2,144,0.5316071433595612,0.7376818433403969,2,200
13,0.6012721694933627,1.1361911750975109,2,21,0.7979246267288199,0.21277140755227159,2,200
14,0.4017225898032832,1.546097030242284,2,24
15,0.36305131443244326,0.9647091263532639,2,200
16,0.17113625662376178,0.8467232375531584,2,74,1.728641351556704,1.87963140469331,2,100,5.141583847574495,1.8444207906723022,2,103
17,1.2726228576386998,0.6261531076532729,2,141,0,0.7199655890464782,0,146,0,0.9255217611789703,0,150,0.31922314412172936,0.7467461143221173,2,164
18,0.9105608341267227,1.0760859276937402,2,92,0.13863508929332208,0.8681845459444769,2,150,0.7056996759790423,0.7977352142333984,2,153,2.5763140037628096,0.4234979179772464,2,175,0.6728316190652124,1.0829055990491594,2,189,89.16063227311942,1.292103810743852,2,200
19,0.22031214922553133,0.8463269472122192,2,8,0.6356800839672758,0.7195493624760554,2,21,3.0583927388080805,0.442043911665678,2,29,0.2539559417358417,0.9826424615136509,2,58,19.85357553848576,0.4983116388320923,2,62,0.25441753627495667,0.8852756685680814,2,71,9.150707524015141,0.15842156608899435,2,74,0.47908235586971804,0.5011842846870422,2,77,9.691911186146749,0.15783993899822235,2,80,0.5560543748797911,0.3858272910118103,2,85,4.906248327296145,0.22893488903840384,2,88,0.12207737463432214,0.4400049490588052,2,95,5.220710463139457,0.19379250208536783,2,98,0.16652078465504605,0.3645405530929565,2,103,36.33871211129894,0.18314003447691599,2,106,0.7672523856956783,0.4344647452235222,2,110,10.054842333446938,0.33295013507207233,2,113,0.33141219614318784,1.3105883121490478,2,123,140.43764212349657,1.9412927756438385,3,160,7.4914071035218015,1.2090174953142803,2,166,0.3263250431283385,0.6764487425486246,2,175,189.41180423960688,1.9594976626909697,3,188,2.058117654515264,1.1774879958894517,2,197,553.9945316175854,1.4201318820317586,2,200
20,0.5693215041963938,1.2436306208980328,2,49,0.18717540842555677,1.0764018133066702,2,187,0.9421798001811579,1.26637274485368,2,200
21,1.1928114505399443,0.6959437980101659,2,26
22,0.2875409950718569,0.538098373583385,2,21
23,0.8139278961009757,1.1255461147853307,2,28
24,0.6766654486231832,1.189187717437744,2,175
25,0.10513609070933277,0.6429150279830483,2,17,0,0.6570809364318848,0,22,0,0.5068148314952851,0,27
26,1.0346314270497097,0.6018869072198868,2,20
27,1.1088809454378454,1.374904071742838,2,44
28,0.4783844122161836,0.4584578145772983,2,39
29,0.8277723085231158,1.0342145053618546,2,109
30,1.5692503753136087,1.6328627169132233,2,32,17.728742785672985,1.4385265558958054,2,40,1.1101316077056007,1.3140688374422598,2,109
31,1.0116397522484037,1.1494392112449363,2,27,2.0880533025861747,1.0571088631947836,2,42
32,0.9941571072031168,1.4067509269172496,2,88
33,1.5507347050381342,1.5805854735703304,2,58,4.38464111668358,1.0298035442829132,2,62
34,0.6380729900230744,1.5219342184066773,2,25
