0,0.06097646676256288,0.01799247662226359,1,21,35.752935514513304,0.895212451616923,2,27,0.0512654625207519,0.033788019170363746,2,39,0.07841066147954254,0.04372213184833527,2,69,54.462085657664765,0.829977577382868,2,80,38.916631364016474,0.8638510704040527,2,85
1,0,0.4047285341299497,0,13,0.09615506481525951,0.7638727923234304,2,16,0,0.8451556265354156,0,20
2,0.06589488876965909,0.14074390878280005,2,6,0,1.1402322351932526,0,46,0,1.443284694637571,0,74,0,1.0745919677946303,0,83,0.04045828732627264,0.07879120111465454,2,200
3,0.028570476103771152,0.6102469205856323,2,5,22.295502898186985,0.24766854345798492,2,10,0,0.4510985314846039,0,15,17.595700296469914,0.2534822732210159,2,20,0.7001965230711694,0.4824751814206441,2,23,16.104577321266813,0.2681400664150715,2,31
4,0,1.0716241995493572,0,6,0,1.439658571692074,0,23,0,1.6131343974007502,0,50,0,1.6017372674412198,0,68,0,1.4941415190696716,0,78,0,1.3341623544692993,0,87,0.4322578340249412,0.7077510207891464,2,91,0,0.7975545724232992,0,94,0,0.706417624439512,0,108,0.0992814173330448,0.8752392255342923,2,121,19.87123441027777,0.7873807748158773,2,127,0.568168228408179,0.7994488080342611,2,130
5,0.18601966880935342,0.6902645627657572,2,3,0.03893697239742921,0.7892683148384094,2,13,2.220638810450609,1.0631479819615681,2,16,0,0.9552715122699738,0,20
6,8.998167519441356,0.4706277661025524,2,8,0,1.1906437277793884,0,12,0,1.248167371749878,0,17,0,1.3734524250030518,0,20
7,0,1.5216558988277729,0,13,68.06589510607755,0.7702278069087437,2,20,93.94686679805727,1.4421896636486053,2,24,0.9851886178069779,1.7633931239446003,2,27,128.40032566134462,1.8379469116528828,2,33,0.5211606724993315,1.826746980349223,2,36,180.7673987714788,1.8358896613121032,2,46,0,1.12019149462382,0,49,0.8056296250502197,1.0394557237625122,2,54,152.77576046585122,1.3780988057454426,2,57,0.13870064307287613,0.20499044128002658,2,88,0.19276751193375766,0.19102714790238273,2,97,0,1.2640522480010987,0,102,0.4287247393650027,1.9260547161102295,3,106,70.5218574570715,1.805010199546814,2,109,0.44917925067985714,1.6962451537450154,2,112,0,0.833197221159935,0,116,159.40531835444452,1.8809831142425537,3,119,0.6184714951721288,1.8912460803985596,3,122,117.45641746649149,1.6229186455408733,2,125,0,0.3460145890712738,0,130,0.7063155782736283,0.9905137419700623,2,133,0.023072729737594107,0.9338147640228271,2,136,3.739371123771825,1.136864463488261,2,139,0,0.6818612558501107,0,153,37.50737126883088,1.7705176803800795,2,171
8,0.03216875534500864,0.03870404649663855,2,27,2.1794983001712653,0.06207401057084402,2,30,0.29850982811299204,0.03474357724189758,2,35,22.059850869578145,0.3993911189692361,2,42,0.024443469597750834,0.4528924226760864,2,45,0.6571003396806883,0.3877778500318527,2,49,0.038727371356983835,0.5699081023534139,2,52,21.3101744084447,0.2073558952127184,2,59,35.276467488817985,0.20130050778388978,2,64,0.03319903096713748,0.15430744134244465,2,85,0.038983714210868936,0.15557485196901405,2,200
9,37.23772302156172,0.9257208217274059,2,11,0,0.9699088335037231,0,14,0,0.9030630191167196,0,17,0,1.155980070432027,0,20
10,23.037319947751584,0.5360797047615051,2,17,1.3044478436658966,0.6450128555297852,2,20
11,0.022495207668305987,1.1198999683062236,2,42,51.59767423088491,0.03672421475251516,2,51,0.19092104201420484,0.4956748127937317,2,56,0,1.081331078822796,0,95,0,1.0581241846084595,0,98,0.10443571371942911,1.0304997444152832,2,103,0.1492680060068048,0.9421947172709874,2,110,0.08739660282078818,0.9796008738604459,2,121,10.437750253285119,0.1939806580543518,2,126,0,0.6060971021652222,0,132,140.39331763658535,0.1762102022767067,2,136,0.028650822424662725,1.670792892575264,2,144,0.03162489140710463,0.9405705327237094,2,171,60.24501191057595,0.2078771268328031,2,177,0.03158547636079813,1.2879144316134246,2,200
12,14.713255370969891,0.8911579297139094,2,13,0,0.9912578378404889,0,20
13,0,0.31715990602970123,0,34,0,0.29157851871691254,0,53,0,0.28467264191971886,0,71,634.1508003979078,1.9214532136917115,3,76,2.371372295341342,1.99,3,79,687.8586283996517,1.9173628727595011,3,94,396.2507781255615,1.8736841917037963,2,104,265.0794637636618,1.1716972887516022,2,108,206.93900201429108,0.2630375400185585,2,114,0,0.28860101476311684,0,118,175.87352779430893,0.1997969796260198,2,121,308.0021390376199,0.0801283847540617,2,129,0,0.740989550948143,0,133,14.766880298310317,1.2479101896286011,2,138,387.45493098713786,0.16049904003739357,2,142,0,1.324893218499643,0,169,0,1.4249636280921198,0,200
14,0,0.11735514644533396,0,16,55.391261227886204,0.49621471762657166,2,20,0,0.1565037202090025,0,28,0.5915978385325145,0.21655865013599396,2,31,16.809647722394065,0.31815966301494175,2,40
15,11.952297760747642,0.9923783063888549,2,15,0,1.1299854040145874,0,20
16,0,0.4088048120339712,0,15,93.432696673495,0.1629131779074669,2,25,1.0158095799017917,0.2984902337193489,2,29,0,0.43312742312749225,0,41,8.385689243842288,0.5287222564220428,2,44
17,0,0.35601117461919785,0,20,32.31960766266559,0.4296186426106621,2,37,3.2276670699746233,0.5163301924864451,2,40,34.49495705158108,0.4325017239898443,2,56
18,0.02420703957486892,0.8258749842643738,2,4,0.042731000991923514,0.713401178518931,2,7,0.020327323385829765,0.7372365934508187,2,14,0,0.7854054825646537,0,21,132.73590382298195,0.048605785838195255,2,35,0,0.9134252883018331,0,82,96.63942354856216,0.021252817163864773,2,94,19.12852041045288,0.9038300116856893,2,97,37.98477888800098,0.8788145482540131,2,101,0.92173716676772,0.8109417955080668,2,104,35.715480425972416,0.4674144046647208,2,111,0,1.1233996791499001,0,139
19,0.12764045613927236,0.5369295418262482,2,10,13.433503584167278,0.6240845769643784,2,14,0.13403741351409862,0.5343556463718414,2,29
20,0,0.21233998026166642,0,7,38.62481201814388,0.1708800575949929,2,18,103.13734679608235,0.1817067777737975,2,34,0,0.8460203111171722,0,40,7.897014297863656,0.294359490275383,2,43,1.1262194787029316,0.3400287628173828,2,48,0,0.9439826806386312,0,51,124.09544514608633,0.2054658755660057,2,55,0.3574935038360631,0.4998975396156311,2,58,0.2326028635561092,0.624900350968043,2,61,104.88979515779437,0.2087473452091217,2,66,0.3175249145851057,0.47216124335924786,2,69,124.59933601668055,0.16718187555670738,2,73,0.020927189041867127,0.678780754407247,2,76,4.028135442922635,0.31471823155879974,2,81,1.2653623049212277,0.39972412089506787,2,84,150.97278007307963,0.13845125834147134,2,87,0.03790090279496485,0.48443716764450073,2,94,136.27943645724673,0.12250588834285736,2,97,0.028872333270268124,0.4594276174902916,2,101,141.79007079290696,0.12915575504302979,2,104,0,0.6520669261614481,0,107,124.37047314526275,0.17566013243049383,2,123,0.3921611552010733,0.48528369267781574,2,126,147.77487680515318,0.17732961773872374,2,131,0,0.9053889115651449,0,134,9.04187245234685,0.369051734606425,2,137,0.04118076372636407,0.47287370761235553,2,140,10.165979263885761,0.28241299092769623,2,143,0.03451669095755631,0.5118939280509949,2,146,0.06573545111312232,0.5695507029692332,2,149,8.709384711925175,0.43355749249458314,2,154,0,0.1759490033854609,0,200
21,0.14674371763542948,0.028206633403897285,2,8,54.686560757936476,0.04792291522026062,2,13,1.7328695308608426,0.363676776488622,2,16,63.94102240835305,0.05933983623981476,2,19,0.040084608694608385,0.6959826499223709,2,27,16.42255414619302,1.5625357627868652,2,32,0.2002974695667689,1.0632260322570801,2,37,0,0.14341436326503754,0,55,56.03939819943732,0.2992325983941555,2,59,0,0.15066484610239664,0,62,0,0.08006690545328732,0,91,3.306870641315665,0.9478331804275513,2,94,0,0.15121290944516658,0,134,0,0.15631412466367087,0,137,37.84108936746092,0.19728659093379974,2,140,75.10457570424681,0.06144938085760389,2,147,0.4597800587987778,0.35433590908845264,2,150,70.52892998642423,0.124971761235169,2,178,0.35023690725491285,0.42435262600580853,2,181,77.69833660025917,0.2076799107922448,2,190,0,1.6584992051124572,0,200
22,0,0.21298695355653763,0,14,2.541056904409924,0.6501567165056864,2,20,0.15198750980098638,0.6094329357147217,2,25
23,0,1.2412190437316895,0,6,0,1.247234005194444,0,19,20.56923277262586,0.18396714925765992,2,24,0,0.3204047964377837,0,35,15.04844361707323,0.3793926537036896,2,38,0,0.4940619543194771,0,42,0,0.8160903917418586,0,51,0,0.8951447443528608,0,62,0,0.8025900721549988,0,68,0.2202816992041235,0.8037789662679037,2,71,0,0.5846033453941345,0,76,0,1.2304365555445353,0,91,2.7851438078608326,0.16777489402077414,2,102,0,0.4887545108795166,0,105,0,0.2738556017478307,0,108,1.02291593602257,0.23030249774456024,2,112,0.021387047927337758,0.913620114326477,2,115,0,0.593453012406826,0,119,0.09227878926819903,0.680077314376831,2,122,0,0.8156880537668864,0,125,43.19590395622189,0.15201468964417775,2,140,0,0.47086965292692184,0,144,0.2529204255634404,0.2021767795085907,2,147,0,0.23102644582589468,0,153,5.516952674192469,0.4940012991428375,2,156,0.07780230327483689,0.013088645679610116,1,163,98.2399690440398,0.1946246102452278,2,171,4.9811347373189765,0.24063521126906076,2,174,0.03460971072890012,0.3037674456834793,2,179,0,0.7001605272293091,0,184,0,0.9322275221347809,0,188,0,1.0497570435206096,0,191,0,0.9789595802625021,0,197,0,0.3732815186182658,0,200
24,0,0.7492166757583618,0,3,0,0.8722702264785767,0,10,0,0.8762479186058044,0,20
25,0,1.4559056618634392,0,34,14.371913741127983,1.0688264071941376,2,38
26,0,0.6347336967786154,0,3,0,0.6916195551554362,0,9,0,0.9589067264036699,0,20
27,24.83591675639039,0.6403047177526686,2,9,0,1.0002307891845703,0,12,0,0.8588221788406372,0,17,0,1.0849948326746623,0,20
28,20.861270711894125,0.8795018725925021,2,9,0,0.763002355893453,0,12,0,0.6987401644388834,0,15,0,0.7493655323982239,0,20
29,0,0.7567155758539835,0,3,0,0.9716415882110596,0,8,0,0.9933519760767618,0,20
30,0.2640005502215061,0.7930606206258138,2,3,0,1.6228781276279025,0,12,0,1.6125619888305665,0,17,0,1.4499707221984863,0,20
31,9.159053743837424,0.57055703997612,2,10,0,0.9209630886713663,0,13,0,0.7347901463508606,0,17,0,0.9423497517903646,0,20
32,28.260813359049738,0.7392519778675504,2,9,0,1.133141741156578,0,17,0,1.3105149666468303,0,20
33,24.2494115539339,0.13235393166542053,2,5,0,0.3276356344039624,0,31,18.89825020714527,0.22184833586215974,2,36,28.558542621194547,0.15524127086003622,2,39,0.17111033752993782,0.41016339262326557,2,42,0.8761062451073137,0.346035361289978,2,45,36.942577985861575,0.32935167849063873,2,50,37.897801336460944,1.1452077535482554,2,63,7.099475296047891,0.2834522306919098,2,68,92.68493654576012,0.04976037740707397,2,88,0,0.47772998213768003,0,93,44.61121622850642,0.15626274545987448,2,96,0,1.02693829536438,0,101,3.4886424531349385,0.14755100508530936,2,104,0.04107673233131222,0.208364836871624,2,112,0,0.5986973712077508,0,164,0,0.46789373954137164,0,167
34,20.997557892044515,1.1486549973487854,2,6,0.0444052291358125,0.6636702077729362,2,13,0.21369770628875903,0.6336084504922231,2,16,66.88419543174233,0.7287572249770164,2,24,1.3469547516476326,0.8801218271255493,2,27,69.42098085206855,0.7188932150602341,2,31,0,0.4985340717046157,0,77,1.0148350520170226,0.6361026465892792,2,80
35,10.849480755783212,1.2829675873120625,2,6,0,1.2592536211013794,0,17,0,1.4811788002649944,0,20
36,23.146321101020458,0.12651696056127548,2,10,0,0.8983524441719055,0,14,0,0.6915941635767618,0,17,0,0.9283096392949423,0,20
37,26.27728462188065,0.3138436589922224,2,14,0,0.9164782563845316,0,20
38,19.093078307681274,1.1539916341955012,2,11,25.55918333872344,1.0484111070632935,2,16,98.07205339074322,0.34471159321921213,2,23
39,0.24487913268937656,0.7255248626073202,2,3,0,1.373098941410289,0,20
40,0,0.7373767097791036,0,3,0,0.8380704323450724,0,9,0,0.8426195924932306,0,20
41,22.7355725143374,1.2097301941651564,2,13,0,1.0557364055088587,0,20
42,17.144002195071096,1.2386874311110552,2,17,0,1.3212765057881672,0,20
43,41.395535405609415,0.9107079148292542,2,10,70.77179829728199,0.9308207299974229,2,19,0.027676363891247124,0.16188388791951266,2,30,2.6258214923591323,0.024791884422302245,2,35,0,0.30474553008874256,0,38,0.023971649490678072,0.17563309893012047,2,42,51.93524419683536,0.9417566955089569,2,50,0.029487946330277008,0.18976205289363862,2,75,37.54155615075029,0.8704423445921677,2,88
44,0,0.8814597129821777,0,3,0,1.175409483909607,0,8,0,0.9803427557150522,0,20
45,0,0.7165870467821757,0,3,0,0.7862980110304696,0,10,0,0.8221617877483368,0,20
46,17.841967760840312,0.5616198248333402,2,9,0,1.1980348825454712,0,12,0,1.136461353302002,0,17,0,1.2980598608652751,0,20
47,12.993687788618924,0.9873309036095937,2,12,21.586807641114905,0.8178739547729492,2,15,0,1.0160024642944336,0,20
48,0,0.8824995756149292,0,3,0,1.1819427251815795,0,8,0,1.0591590106487274,0,20
49,41.98520781071955,0.6117589473724365,2,3,0,1.3154766137621043,0,116
50,22.7129604067128,1.0163955158657498,2,9,0,1.1362191221930764,0,20
51,28.67024707177662,0.6050872887883868,2,7,0,0.16760319719711939,0,19,0.575844108402297,0.12237665951251983,2,24,1.5389473152913906,0.1187061071395874,2,27,0,0.6016901880502701,0,31,5.856562416736614,0.1083233505487442,2,34,0.04857692026187309,0.36969972650210065,2,37,2.0829167477872823,0.15925874188542366,2,41,0,0.7293660789728165,0,45,0,0.623775839805603,0,48,25.268947061656363,0.006669353693723679,1,52,0,0.6161872893571854,0,56,1.1432600985251968,0.1845240592956543,2,59,17.866474599966125,0.02090955525636673,2,63,0,1.051721413930257,0,66,0,0.5275694529215494,0,69,28.717770112954938,0.1979188546538353,2,81,0.09690037609451903,0.4591818650563558,2,84,23.581405165741817,0.04259562989075979,2,87,0,0.7028074661890665,0,90,0,0.4497699836889903,0,96,0.11372007943746128,0.48454318443934125,2,99,0,0.3078282078107198,0,111,0.022523455819670014,0.40031548341115314,2,114
52,47.270850784174144,0.10288853943347931,2,4,0.11191100158823956,0.04025539641196911,2,17,0,0.7512380331754684,0,21,0,0.9686842560768127,0,29,0,1.0778632019017194,0,103,0,1.1485888560612996,0,106
53,0,0.8285071055094401,0,3,0,1.1381222407023113,0,9,0,1.0534060955047608,0,14,0,0.9654292662938436,0,17,0,1.0493678251902263,0,20
54,34.26081645128205,1.429985801378886,2,3,0,1.4339828491210938,0,6,0,1.4192266861597698,0,12,0,1.418203353881836,0,17,0,1.4168817202250164,0,20
55,7.767841908430691,0.3956340476870537,2,4,0.049754346649893,0.577245314915975,2,7,1.4563098407192643,0.274430255095164,2,10,0.029470352762675577,1.070362159184047,2,17,55.83558049506689,0.1495012723737293,2,26,0,1.6628602345784504,0,32,2.500398906104048,0.4818965991338094,2,35,0,1.5421233858380998,0,42,0,1.5373356783831562,0,96
56,23.283300549139778,1.7875480651855469,2,5,0,1.3958014466545798,0,16,0,1.6602264642715454,0,20
57,10.034924446042885,0.8694359362125397,2,4,0,1.220872849225998,0,12,0,1.2584835529327392,0,17,0,1.3217313289642334,0,20
58,12.085946449347817,0.29660578568776447,2,6,0,0.7272305109284141,0,17,0,0.7900870641072592,0,20
59,16.4379363148162,0.890055259068807,2,3,0,1.4445375055074692,0,11,0,1.4820419152577717,0,17,0,1.4406809012095134,0,20
60,26.378000139493846,0.5932165268394682,2,36
61,17.613532707689135,1.0954020818074544,2,3,0,0.7652309834957123,0,7,14.33536407423508,1.1855822503566742,2,11,0,0.7822234630584717,0,14,0,0.7053106427192688,0,17,0,0.8018971681594849,0,20
62,0.2560270289561403,1.0849699974060059,2,3,0,1.394282963540819,0,12,0,1.3201162815093994,0,17,0,1.2633644739786785,0,20
63,66.91863891849673,0.06616283456484477,2,3,125.99407284676667,0.24546264277564156,2,12,0,0.7667516767978668,0,16,0,0.8442762196063995,0,20,26.388914612226884,0.6490729848543803,2,23,0.07999152663626771,0.8575677275657654,2,26,16.231755568174737,0.6710339983304342,2,32
64,0.18068638288256667,0.7421056926250458,2,3,0,1.3355957950864519,0,10,0,1.2934725046157838,0,20
65,22.771106023093708,1.271789272626241,2,3,0,0.255669755595071,0,17,0.06350631998397603,0.21842643121878305,2,20,0.029438528534027942,0.2670288681983948,2,23,47.08813555364166,0.5085204094648361,2,27,0,1.0052841107050579,0,30,48.954225343995795,0.5715688467025757,2,39,0.023489110156229818,0.18490586487146524,2,52
66,20.884827593595038,0.8346543482371739,2,7,0,0.16764762583706114,0,43,0.05077400467834262,0.3077889184157054,2,46
67,27.38515849398018,1.0417628049850465,2,5,0,1.4699057042598724,0,17,0,1.675930102666219,0,20
68,25.258316316233074,1.7382766902446747,2,4,0,0.5988760122231075,0,32,0,0.5053793787956238,0,35,0.04327076237927338,0.5521175066630045,2,38
69,30.888662053122317,0.7339517176151276,2,8,0,1.0966798861821492,0,17,0,1.3042583465576172,0,20
70,7.476281719151991,1.062564594405038,2,7,0.03985009688840623,1.4351815496172224,2,28
71,24.479336568492922,0.7353363752365112,2,5,0,0.7973467657963434,0,17,0,0.981575608253479,0,20
72,31.770146767848566,0.4327625198797746,2,11,0,0.7567582329114279,0,14,0,0.6158434351285299,0,17,0,0.7823244531949362,0,20
